dst,src,len,offset
0,-1,31,1
32,0,31,32
64,33,30,31
96,64,30,32
128,96,30,32
192,130,28,62
224,32,31,192
256,225,30,31
287,255,32,32
320,288,30,32
352,224,31,128
384,353,30,31
416,384,30,32
447,352,31,95
480,448,30,32
512,480,30,32
544,512,30,32
576,544,30,32
608,576,30,32
640,608,30,32
672,640,30,32
703,447,31,256
736,704,30,32
768,736,30,32
800,768,30,32
832,800,30,32
864,832,30,32
896,864,30,32
928,896,30,32
959,703,31,256
992,960,30,32
1024,992,30,32
1056,1024,30,32
1088,1056,30,32
1120,1088,30,32
1152,1120,31,32
1184,1152,30,32
1215,959,31,256
1248,1216,30,32
1280,1248,30,32
1311,1215,31,96
1344,1312,31,32
1376,1344,30,32
1408,1376,30,32
1440,1408,30,32
1471,1311,31,160
1504,1472,31,32
1536,1504,30,32
1568,1536,30,32
1600,1568,30,32
1632,1600,30,32
1664,1632,30,32
1696,1664,30,32
1728,1696,30,32
1759,1471,31,288
1792,1760,31,32
1824,1792,30,32
1872,1867,4,5
1910,1842,12,68
1942,1910,44,32
1986,1985,14,1
2005,6,26,1999
2037,-64,64,2101
2102,2072,29,30
2134,2069,32,65
2167,2062,39,105
2206,1854,12,352
2219,1867,12,352
2233,1881,41,352
2294,2262,44,32
2338,1986,15,352
2358,2327,25,31
2389,2037,96,352
2486,2134,84,352
2571,1867,55,704
2646,2614,44,32
2690,2338,15,352
2709,2458,26,251
2741,2389,96,352
2838,2486,84,352
2923,2571,13,352
2937,2585,41,352
2998,2966,44,32
3042,2690,44,352
3092,-65,65,3157
3157,2805,32,352
3190,2838,84,352
3275,2219,55,1056
3350,3318,44,32
3394,3042,15,352
3414,3383,25,31
3444,2388,97,1056
3542,3190,84,352
3627,2923,55,704
3702,3670,44,32
3746,3745,14,1
3766,997,26,2769
3796,3092,97,704
3894,3542,84,352
3979,3275,13,704
3993,3641,41,352
4054,4022,44,32
4098,3394,15,704
4118,3942,25,176
4148,3444,97,704
4246,3894,84,352
4331,3275,55,1056
4406,4374,44,32
4450,4230,14,220
4469,4292,26,177
4500,4148,97,352
4598,4246,84,352
4683,2571,55,2112
4758,4726,44,32
4802,3746,15,1056
4822,965,26,3857
4852,2740,97,2112
4950,4598,84,352
5035,3627,55,1408
5110,5078,44,32
5154,4802,15,352
5174,5143,25,31
5204,3796,97,1408
5302,4950,84,352
5387,4331,55,1056
5462,5430,44,32
5506,5154,44,352
5556,5204,97,352
5654,5302,84,352
5739,5035,55,704
5814,5782,44,32
5858,5506,15,352
5877,5846,26,31
5908,4852,97,1056
6006,5654,84,352
6091,3275,56,2816
6166,6134,44,32
6210,4450,45,1760
6260,4500,97,1760
6358,6006,84,352
6443,6091,55,352
6518,6486,44,32
6562,4450,147,2112
6710,6358,84,352
6795,4683,55,2112
6870,6838,44,32
6914,5858,15,1056
6934,1189,26,5745
6964,5908,97,1056
7062,6710,84,352
7147,6795,55,352
7222,7190,44,32
7266,6914,15,352
7286,7255,25,31
7317,6965,96,352
7414,7062,84,352
7499,5739,55,1760
7574,7542,44,32
7618,7266,15,352
7638,7286,26,352
7667,3085,2,4582
7669,7317,96,352
7766,7414,84,352
7851,7147,55,704
7926,7894,44,32
7970,6914,45,1056
8021,7669,96,352
8118,7766,84,352
8203,6443,55,1760
8278,8246,44,32
8322,6562,147,1760
8470,8118,84,352
8555,7499,55,1056
8630,8598,44,32
8674,7266,45,1408
8724,5556,97,3168
8822,8470,84,352
8906,8559,5,347
8911,8559,9,352
8921,3641,42,5280
8970,8961,1,9
8982,8950,44,32
9026,8674,15,352
9046,7990,26,1056
9077,8725,96,352
9174,8822,84,352
9259,8907,55,352
9328,9313,1,15
9334,9302,44,32
9378,9026,45,352
9429,9077,96,352
9526,9174,84,352
9611,8203,13,1408
9625,9273,41,352
9686,9654,44,32
9730,9378,44,352
9782,9430,95,352
9878,9526,72,352
9950,5902,2,4048
9959,9950,1,9
9992,62,2,9930
9994,9604,3,390
9999,9798,47,201
10093,1586,13,8507
10125,32,60,10093
10189,9568,31,621
10221,10125,31,96
10257,10221,31,36
10321,10257,31,64
10353,10289,63,64
10416,10415,28,1
10575,10414,31,161
10606,9995,48,611
10663,10055,6,608
10693,9646,3,1047
10701,10623,31,78
10733,10144,13,589
10765,10625,30,140
10829,10797,32,32
10861,9879,63,982
10925,10093,38,832
10965,10731,2,234
10987,10965,1,22
10989,10745,49,244
11038,11037,2,1
11041,391,24,10650
11071,10621,33,450
11125,10581,74,544
11208,11197,1,11
11241,11167,32,74
11273,11241,31,32
11305,10861,63,444
11423,10402,43,1021
11466,9995,51,1471
11517,10045,2,1472
11554,10085,3,1469
11562,11487,31,75
11594,11487,32,107
11626,11009,55,617
11681,11265,8,416
11689,1823,32,9866
11726,11708,12,18
11758,11726,12,32
11790,11626,31,164
11822,9785,60,2037
11886,3767,25,8119
11918,2005,26,9913
11950,-91,91,12041
12046,11918,44,128
12110,11437,80,673
12196,12138,3,58
12200,11524,3,676
12205,11524,4,681
12241,12189,1,52
12249,11242,62,1007
12311,12310,33,1
12409,8355,13,4054
12441,11241,62,1200
12504,12459,14,45
12537,11826,58,711
12601,12562,31,39
12633,12620,12,13
12646,12645,19,1
12665,12607,25,58
12696,12441,32,255
12729,3074,13,9655
12761,12696,31,65
12793,12761,31,32
12825,11241,63,1584
12889,6870,13,6019
12921,12862,26,59
12947,12236,6,711
12953,11273,63,1680
13016,13015,33,1
13050,13012,37,38
13090,11524,5,1566
13125,11465,53,1660
13178,13177,5,1
13186,13125,3,61
13195,13190,4,5
13204,13098,27,106
13232,13137,46,95
13280,9600,3,3680
13284,13186,3,98
13293,13288,4,5
13322,9646,4,3676
13330,11626,62,1704
13392,13391,1,1
13394,13330,32,64
13490,13394,32,96
13532,13524,3,8
13587,13139,50,448
13638,13288,10,350
13648,13200,78,448
13726,13630,7,96
13734,13638,89,96
13826,13730,3,96
13835,13830,4,5
13844,11770,20,2074
13865,8335,7,5530
13878,13238,41,640
13920,13280,3,640
13924,12196,5,1728
13933,13928,4,5
13943,12741,20,1202
13963,10693,4,3270
13971,-127,127,14098
14099,14067,60,32
14163,14035,63,128
14227,14036,63,191
14291,14258,31,33
14388,9879,72,4509
14460,14287,3,173
14472,12137,2,2335
14475,13941,23,534
14504,14450,12,54
14536,8630,13,5906
14565,11103,2,3462
14568,14195,63,373
14632,13362,63,1270
14695,11432,86,3263
14781,14461,55,320
14856,14536,256,320
15112,14792,44,320
15176,14856,247,320
15428,15108,5,320
15437,13942,218,1495
15658,14163,160,1495
15877,9697,2,6180
15883,15337,83,546
15966,15422,234,544
16202,15658,160,544
16426,15882,256,544
16682,16138,62,544
16746,16202,160,544
16971,16427,96,544
17069,13942,220,3127
17290,16746,160,544
17481,17448,1,33
17514,16426,84,1088
17598,7937,2,9661
17602,15108,6,2494
17608,9961,3,7647
17637,9992,54,7645
17691,17595,6,96
17698,17602,9,96
17727,17631,64,96
17791,12159,32,5632
17844,17824,256,20
18100,18080,184,20
18364,12090,20,6274
18384,12421,20,5963
18544,14516,20,4028
18564,14836,20,3728
18584,15156,20,3428
18724,17761,61,963
18795,4846,2,13949
18816,192,31,18624
18848,14388,62,4460
18911,18848,31,63
18944,18912,30,32
18976,11562,62,7414
19039,18976,31,63
19072,448,31,18624
19103,511,63,18592
19168,19136,30,32
19200,704,31,18496
19232,19200,30,32
19264,12314,31,6950
19296,19264,31,32
19328,960,62,18368
19391,18976,32,415
19423,1023,63,18400
19488,1088,62,18400
19552,1152,31,18400
19583,19391,31,192
19616,19584,30,32
19648,19616,30,32
19680,11791,31,7889
19712,19680,30,32
19744,13057,31,6687
19776,17665,31,2111
19808,1280,31,18528
19840,9921,31,9919
19872,1312,126,18560
20000,1408,31,18592
20032,10016,38,10016
20076,10060,128,10016
20205,10189,99,10016
20337,11595,32,8742
20369,20305,62,64
20431,17517,30,2914
20530,3009,2,17521
20562,20530,1,32
20591,17516,79,3075
20670,20062,8,608
20679,20071,233,608
20945,11073,32,9872
20977,20913,63,64
21040,20593,29,447
21171,10965,2,10206
21198,20590,88,608
21287,20679,234,608
21525,669,2,20856
21553,20945,32,608
21585,21521,63,64
21648,21201,29,447
21765,637,2,21128
21806,21198,80,608
21891,10659,3,11232
21895,21287,6,608
21904,10672,23,11232
21929,10697,35,11232
21965,21952,12,13
21997,19009,30,2988
22029,10353,32,11676
22061,10353,63,11708
22124,20031,32,2093
22157,22143,12,14
22185,13939,3,8246
22189,22163,6,26
22197,21963,2,234
22219,10987,2,11232
22221,21977,49,244
22270,17223,34,5047
22305,22273,63,32
22368,22367,56,1
22433,19237,26,3196
22465,19971,28,2494
22496,19043,28,3453
22529,22366,58,163
22587,22523,31,64
22625,22242,31,383
22656,22124,32,532
22688,11072,33,11616
22741,15312,105,7429
22846,21278,8,1568
22855,21287,234,1568
23121,22689,32,432
23153,23089,63,64
23216,22769,29,447
23332,17471,3,5861
23374,21198,88,2176
23463,22855,233,608
23729,23665,31,64
23761,23697,63,64
23824,23377,29,447
23949,21589,2,2360
23982,23374,80,608
24068,13826,5,10242
24102,22168,2,1934
24115,12953,57,11162
24179,23565,30,614
24211,11594,94,12617
24306,12952,45,11354
24351,11738,32,12613
24383,24382,12,1
24403,12825,76,11578
24499,32,62,24467
24561,17193,64,7368
24625,24337,46,288
24691,24562,64,129
24755,24307,88,448
24851,11594,95,13257
24947,24933,12,14
24979,24499,172,480
25171,22348,76,2823
25247,25151,51,96
25298,25010,109,288
25427,24659,96,768
25524,11476,47,14048
25572,11524,8,14048
25581,11533,256,14048
25837,11789,121,14048
25966,22001,26,3965
25998,11950,122,14048
26120,25992,18,128
26155,6529,2,19626
26158,17518,81,8640
26243,13090,6,13153
26252,25407,20,845
26279,25286,13,993
26292,24088,19,2204
26312,26311,31,1
26343,17735,55,8608
26400,13920,3,12480
26404,26343,3,61
26408,26243,5,165
26413,25572,6,841
26429,26397,1,32
26443,17090,3,9353
26451,25644,30,807
26483,23076,13,3407
26515,546,29,25969
26547,26451,44,96
26591,19660,19,6931
26611,25492,63,1119
26740,14388,75,12352
26816,26400,3,416
26820,26404,3,416
26829,26824,4,5
26867,26444,3,423
26874,26802,12,72
26906,26783,31,123
26938,9814,56,17124
27000,26980,14,20
27014,26886,51,128
27065,26783,32,282
27098,23121,32,3977
27130,27014,64,116
27195,27158,36,37
27235,26820,3,415
27239,26824,11,415
27281,21171,2,6110
27288,24383,13,2905
27320,13330,63,13990
27383,26770,40,613
27426,27235,3,191
27431,27239,11,192
27442,13745,77,13697
27523,27426,3,97
27527,27431,10,96
27541,25786,20,1755
27561,26272,19,1289
27600,27073,24,527
27633,27051,46,582
27679,13919,8,13760
27688,27431,11,257
27702,17069,219,10633
27923,17290,160,10633
28147,26739,75,1408
28222,28221,1,1
28227,27426,4,801
28232,27688,12,544
28274,25610,63,2664
28338,20018,13,8320
28370,13586,51,14784
28422,27431,88,991
28510,28509,1,1
28515,28418,3,97
28519,28422,12,97
28533,26251,40,2282
28581,28572,1,9
28593,26311,32,2282
28626,28005,45,621
28672,27680,3,992
28676,28515,3,161
28680,28519,11,161
28730,10701,44,18029
28794,15272,56,13522
28856,18759,27,10097
28889,22688,33,6201
28922,28774,32,148
28955,28634,36,321
28995,28676,3,319
28999,13190,12,15809
29041,28760,2,281
29048,28979,12,69
29080,28639,32,441
29113,13241,46,15872
29160,28999,10,161
29170,13298,128,15872
29298,13461,3,15837
29362,29266,96,96
29459,27475,51,1984
29510,13287,3,16223
29516,29511,4,5
29524,26251,60,3273
29584,19329,30,10255
29616,27632,47,1984
29663,15103,53,14560
29716,18644,20,11072
29736,15176,256,14560
29992,15432,225,14560
30218,27923,160,2295
30442,16426,85,14016
30527,29663,53,864
30580,18604,20,11976
30600,14856,256,15744
30856,15112,44,15744
30900,18624,20,12276
30920,29736,256,1184
31176,29992,224,1184
31402,30218,160,1184
31626,16970,84,14656
31710,17598,13,14112
31736,31718,1,18
31743,17631,66,14112
31810,31714,9,96
31831,7233,2,24598
31838,31831,1,7
31839,31743,66,96
31906,31810,9,96
31935,31839,64,96
32002,30851,7,1151
32011,30860,23,1151
32035,30884,16,1151
32051,18664,20,13387
32071,12505,63,19566
32134,30983,97,1151
32231,31943,56,288
32292,31906,9,386
32327,17733,87,14594
32416,18304,20,14112
32436,32416,40,20
32476,18324,20,14152
32496,32436,40,60
32536,25439,20,7097
32556,26138,20,6418
32607,32573,1,34
32616,27130,20,5486
32636,27300,20,5336
32776,28922,20,3854
32796,29060,20,3736
32856,29716,20,3140
32876,17707,20,15169
32896,18604,40,14292
32936,17611,20,15325
33016,32051,20,965
33036,12517,52,20519
33120,18816,31,14304
33152,28148,62,5004
33216,320,62,32896
33280,22393,32,10887
33312,19008,31,14304
33343,19007,32,14336
33376,33344,31,32
33408,19072,31,14336
33440,544,31,32896
33472,640,31,32832
33504,672,31,32832
33536,768,31,32768
33568,800,62,32768
33632,19488,31,14144
33664,26579,31,7085
33696,19712,31,13984
33728,19744,31,13984
33760,1248,31,32512
33791,1247,32,32544
33824,19840,31,13984
33856,33824,31,32
33888,27393,31,6495
33919,1471,32,32448
33951,18911,32,15040
33984,13793,31,20191
34016,1568,31,32448
34047,33951,31,96
34080,34048,30,32
34112,1664,63,32448
34175,29362,32,4813
34208,34176,30,32
34240,26059,31,8181
34272,34240,30,32
34304,34272,31,32
34336,34304,30,32
34368,34175,31,193
34402,9604,4,24798
34413,34398,1,15
34419,32296,5,2123
34455,32247,42,2208
34503,9960,25,24543
34534,29562,3,4972
34537,32329,53,2208
34590,21886,8,12704
34604,21900,129,12704
34733,21585,32,13148
34765,21585,63,13180
34828,22124,72,12704
34901,22197,256,12704
35157,22453,5,12704
35169,34950,27,219
35200,33955,28,1245
35233,35070,58,163
35291,35227,31,64
35329,22625,96,12704
35445,31056,105,4389
35550,34590,8,960
35558,10054,3,25504
35561,34601,67,960
35629,34669,64,960
35693,23761,32,11932
35725,23761,63,11964
35788,34828,71,960
35861,35627,2,234
35883,34923,205,960
36097,33414,25,2683
36129,19172,27,16957
36160,35524,27,636
36193,17765,58,18428
36251,36187,30,64
36289,35329,96,960
36405,35445,113,960
36518,20070,3,16448
36521,34601,132,1920
36653,20977,32,15676
36685,20977,63,15708
36748,34828,72,1920
36821,34901,228,1920
37057,36130,26,927
37089,1059,28,36030
37120,36623,28,497
37153,36990,58,163
37211,37147,31,64
37249,36289,96,960
37365,22741,113,14624
37479,36519,6,960
37485,23469,127,14016
37613,22989,100,14624
37745,37313,32,432
37777,37713,63,64
37840,37393,29,447
37988,37867,1,121
37998,21806,88,16192
38086,20678,3,17408
38089,36521,132,1568
38221,23153,32,15068
38253,23153,63,15100
38316,36748,72,1568
38389,36821,256,1568
38645,37077,5,1568
38657,35601,28,3056
38689,38502,27,187
38721,38558,58,163
38779,38715,31,64
38817,37249,96,1568
38933,37365,105,1568
39043,25571,3,13472
39081,29041,2,10040
39088,25806,44,13282
39132,25407,32,13725
39184,37581,30,1603
39216,33541,26,5675
39242,39076,6,166
39248,39247,29,1
39280,38957,78,323
39358,27678,11,11680
39369,39045,3,324
39373,39368,4,5
39378,17065,3,22313
39382,17069,220,22313
39603,14163,161,25440
39827,28147,75,11680
39908,39364,3,544
39912,26408,11,13504
39954,12241,2,27713
39962,33810,13,6152
39994,12953,62,27041
40058,12633,44,27425
40102,39132,32,970
40134,39974,32,160
40186,34149,26,6037
40212,39949,6,263
40218,40028,29,190
40250,40218,29,32
40282,39685,44,597
40346,39699,63,647
40409,37179,33,3230
40442,25267,62,15175
40506,40411,31,95
40538,39636,31,902
40570,25806,63,14764
40633,34148,27,6485
40660,40212,34,448
40694,25295,35,15399
40730,13873,4,26857
40734,-155,155,40889
40890,38849,31,2041
40926,40570,47,356
40974,39523,47,1451
41022,26058,32,14964
41054,40762,158,292
41218,41200,12,18
41250,39475,76,1775
41326,39974,51,1352
41378,34464,32,6914
41410,40938,22,472
41433,40102,22,1331
41456,-201,201,41657
41658,25899,32,15759
41694,40090,44,1604
41760,40252,74,1508
41834,41070,143,764
41978,40922,16,1056
41994,41706,32,288
42026,40970,242,1056
42268,41688,2,580
42274,41982,44,292
42318,40166,45,2152
42363,24716,63,17647
42427,38043,36,4384
42472,31176,2,11296
42505,42460,2,45
42507,12242,3,30265
42514,11273,94,31241
42609,25641,45,16968
42654,41410,20,1244
42674,40070,20,2604
42694,12653,37,30041
42731,38873,39,3858
42770,32351,64,10419
42834,25674,63,17160
42899,19603,12,23296
42930,11273,95,31657
43026,43009,16,17
43043,28610,15,14433
43059,19303,24,23756
43083,42500,7,583
43090,39634,95,3456
43186,41346,63,1840
43250,42368,16,882
43266,43050,8,216
43281,38956,77,4325
43363,28226,4,15137
43373,43368,4,5
43382,24086,23,19296
43407,24111,61,19296
43475,24179,31,19296
43507,24403,76,19104
43583,43423,32,160
43635,42439,24,1196
43667,43507,76,160
43763,25267,140,18496
43903,43615,32,288
43955,25459,107,18496
44062,28990,8,15072
44071,28680,11,15391
44086,44062,1,24
44112,28759,3,15353
44120,44051,12,69
44152,28857,26,15295
44178,44108,6,70
44185,44025,57,160
44245,44085,138,160
44383,28511,7,15872
44391,28519,12,15872
44405,29524,40,14881
44465,44354,29,111
44498,38034,45,6464
44544,12192,3,32352
44548,44387,3,161
44557,44552,4,5
44562,12210,3,32352
44566,12214,30,32352
44597,12245,176,32352
44793,12441,256,32352
45049,12697,256,32352
45305,12953,96,32352
45406,28382,39,17024
45445,43367,3,2078
45448,44554,9,894
45457,13201,86,32256
45544,45446,10,98
45554,29170,128,16384
45688,13449,4,32239
45725,29430,3,16295
45739,29426,3,16313
45745,29361,33,16384
45779,45718,3,61
45795,29436,3,16359
45834,13577,3,32257
45839,13440,3,32399
45843,42790,44,3053
45888,43360,3,2528
45892,45540,14,352
45910,43382,24,2528
45939,19602,13,26337
45971,871,24,45100
46003,9814,61,36189
46064,40375,65,5689
46131,29081,63,17050
46195,34002,13,12193
46227,45177,63,1050
46291,23732,29,22559
46323,19138,29,27185
46355,46097,32,258
46387,28593,32,17794
46419,44917,30,1502
46451,45305,63,1146
46515,28571,3,17944
46527,46516,1,11
46579,26739,76,19840
46655,45535,8,1120
46663,27687,3,18976
46666,45546,136,1120
46812,45697,3,1115
46836,45722,3,1114
46839,46805,3,34
46843,13551,3,33292
46853,13538,3,33315
46866,46770,32,96
46916,46853,3,63
46926,45818,3,1108
46943,29414,3,17529
46950,45729,3,1221
46963,46086,44,877
47008,46656,3,352
47012,29156,14,17856
47026,28690,3,18336
47030,28694,21,18336
47058,28723,51,18335
47129,46738,57,391
47192,33604,27,13588
47224,38880,33,8344
47257,47109,32,148
47290,46618,45,672
47341,47336,4,5
47346,46674,128,672
47488,46924,3,564
47494,13532,3,33962
47497,29450,3,18047
47501,46919,3,582
47534,46957,3,577
47538,47442,96,96
47634,46962,45,672
47679,47327,8,352
47688,47336,138,352
47829,47590,4,239
47839,13525,3,34314
47842,46807,3,1035
47847,13525,4,34322
47854,45713,3,2141
47857,13477,4,34380
47890,47794,96,96
47986,47634,45,352
48031,39359,8,8672
48045,48040,4,5
48050,13938,224,34112
48275,39603,160,8672
48499,46579,76,1920
48575,30847,53,17728
48628,32876,20,15752
48648,30600,256,18048
48904,30856,44,18048
48948,32936,20,16012
48968,30920,256,18048
49224,31176,224,18048
49450,48275,160,1175
49674,16426,256,33248
49930,16682,62,33248
49994,49450,160,544
50218,16970,98,33248
50316,39381,221,10935
50538,49994,160,544
50762,16426,256,34336
51018,16682,63,34336
51082,50538,160,544
51306,17514,87,33792
51394,32292,9,19102
51423,31839,66,19584
51489,51393,10,96
51519,51423,76,96
51615,17727,95,33888
51729,51709,1,20
51752,32476,20,19276
51772,51752,40,20
51812,32456,40,19356
51852,39164,20,12688
51892,42318,20,9574
51932,43935,20,7997
52012,44773,20,7239
52072,46207,20,5865
52112,47257,20,4855
52192,48628,20,3564
52212,48948,20,3264
52232,31723,20,20509
52252,31915,20,20337
52272,32301,20,19971
52292,31819,20,20473
52351,52311,1,40
52372,51666,44,706
52448,33120,31,19328
52480,48500,62,3980
52544,52512,31,32
52576,40629,31,11947
52608,959,32,51649
52640,44825,31,7815
52672,51115,31,1557
52704,39872,31,12832
52735,33439,32,19296
52767,23729,32,29038
52800,33472,31,19328
52832,33504,31,19328
52864,52832,30,32
52896,33536,62,19360
52959,52767,31,192
52992,896,31,52096
53024,44666,31,8358
53055,927,32,52128
53087,19455,63,33632
53152,19616,31,33536
53184,33664,62,19520
53247,352,32,52895
53280,41379,31,11901
53311,33855,32,19456
53344,45409,31,7935
53376,45146,62,8230
53440,33984,31,19456
53472,34016,31,19456
53504,34048,31,19456
53536,53504,31,32
53568,1632,31,51936
53599,42865,32,10734
53631,10655,7,42976
53638,21286,3,32352
53641,38089,4,15552
53645,10669,63,42976
53709,10733,64,42976
53773,20369,32,33404
53805,20369,63,33436
53868,10892,45,42976
53913,38361,26,15552
53941,53707,2,234
53963,10987,77,42976
54040,52925,2,1115
54049,47225,32,6824
54101,38005,81,16096
54182,22854,3,31328
54188,38092,129,16096
54317,37777,32,16540
54349,37777,63,16572
54412,38316,72,16096
54485,38389,256,16096
54741,38645,5,16096
54753,53571,28,1182
54785,33412,27,21373
54817,54654,58,163
54875,54811,31,64
54913,38817,96,16096
55029,37365,113,17664
55143,37479,233,17664
55409,52385,32,3024
55441,55377,63,64
55504,55057,29,447
55662,10574,80,45088
55748,11204,6,44544
55757,11213,22,44544
55779,54214,3,1565
55782,25606,131,30176
55913,55710,32,203
55950,55786,63,164
56014,11369,9,44645
56069,50950,68,5119
56142,27320,64,28822
56206,43507,92,12699
56298,52476,3,3822
56302,46387,60,9915
56362,46383,64,9979
56426,56425,48,1
56474,42686,50,13788
56525,56442,32,83
56557,56013,10,544
56569,46852,4,9717
56613,49123,90,7490
56706,39367,3,17339
56716,29013,22,27703
56743,44272,4,12471
56747,29044,16,27703
56783,56206,32,577
56815,56650,47,165
56864,48032,3,8832
56868,56815,3,53
56874,56707,4,167
56879,9954,6,46925
56910,53669,3,3241
56918,56430,76,488
56994,56962,32,32
57046,56838,25,208
57078,57046,25,32
57110,42578,62,14532
57174,57143,30,31
57206,12985,102,44221
57308,12188,11,45120
57320,39368,11,17952
57331,12211,210,45120
57561,12441,256,45120
57817,12697,256,45120
58073,12953,134,45120
58207,56703,6,1504
58213,39046,4,19167
58217,56713,25,1504
58247,56743,20,1504
58287,56783,79,1504
58372,58211,6,161
58381,45910,21,12471
58410,43404,64,15006
58474,57678,37,796
58513,43507,108,15006
58621,36205,46,22416
58667,58404,6,263
58673,58513,76,160
58749,25247,160,33502
58909,40938,32,17971
58961,58832,64,129
59025,58319,45,706
59075,58210,7,865
59086,53965,20,5121
59114,26867,3,32247
59121,59039,31,82
59153,49064,56,10089
59216,9429,94,49787
59310,55006,3,4304
59333,59237,43,96
59377,58991,31,386
59408,53770,3,5638
59411,56620,76,2791
59487,29503,7,29984
59494,45895,3,13599
59500,59495,4,5
59508,29524,89,29984
59600,29616,47,29984
59647,47679,8,11968
59661,59656,4,5
59666,47698,128,11968
59796,46842,3,12954
59807,46862,3,12945
59817,47576,3,12241
59822,45733,3,14089
59826,46955,3,12871
59841,47970,3,11871
59851,46904,3,12947
59858,59762,96,96
59955,59602,44,353
60003,59652,3,351
60007,59656,10,351
60022,28350,20,31672
60048,44354,30,15694
60081,40396,46,19685
60131,44226,4,15905
60135,28421,3,31714
60138,60009,9,129
60168,60125,1,43
60177,57361,2,2816
60185,58138,62,2047
60249,60185,31,64
60345,58481,30,1864
60377,60361,12,16
60409,46099,62,14310
60471,60470,78,1
60549,60389,46,160
60600,58335,32,2265
60633,42706,92,17927
60729,26925,13,33804
60761,50986,92,9775
60853,60661,16,192
60889,60825,31,64
60921,60761,95,160
61016,61015,77,1
61113,55414,27,5699
61144,61061,32,83
61225,61175,1,50
61241,14387,69,46854
61312,45888,3,15424
61316,46660,6,14656
61322,43370,10,17952
61334,58381,22,2953
61361,60176,3,1185
61364,58411,67,2953
61434,43475,31,17959
61466,58513,153,2953
61619,61356,7,263
61626,58673,256,2953
61882,58929,12,2953
61914,60633,64,1281
61979,61781,36,198
62015,45887,3,16128
62019,45891,4,16128
62024,61320,11,704
62039,28573,20,33466
62059,59690,3,2369
62067,60345,31,1722
62099,59698,63,2401
62162,61497,64,665
62231,42274,44,19957
62275,40582,50,21693
62327,19122,13,43205
62340,32757,19,29583
62359,19170,29,43189
62391,61921,25,470
62423,57210,100,5213
62523,44219,14,18304
62537,62026,9,511
62546,29010,25,33536
62576,39080,3,23496
62579,58250,17,4329
62616,29080,70,33536
62688,24064,3,38624
62692,61316,15,1376
62710,61334,21,1376
62740,24108,62,38632
62811,61434,31,1377
62843,24211,140,38632
62983,58622,45,4361
63035,24403,236,38632
63271,62275,32,996
63323,42706,95,20617
63419,63169,57,250
63483,24851,108,38632
63591,61702,192,1889
63783,24959,51,38824
63834,63833,45,1
63879,24959,160,38920
64039,62243,32,1796
64071,63303,84,768
64156,44348,42,19808
64199,45446,12,18753
64213,59508,40,4705
64273,28593,77,35680
64350,64349,1,1
64354,26819,4,37535
64359,64199,11,160
64373,44245,21,20128
64401,44272,64,20129
64465,64395,8,70
64473,47289,38,17184
64511,48895,53,15616
64564,52292,20,12272
64584,48648,256,15936
64840,48904,44,15936
64884,52232,20,12652
64904,64584,256,320
65160,64840,44,320
65204,52252,20,12952
65224,48968,256,16256
65480,49224,224,16256
65706,51082,160,14624
65930,15882,256,50048
66186,16138,63,50048
66250,65706,160,544
66474,50218,97,16256
66571,29995,222,36576
66794,66250,160,544
67018,31626,85,35392
67103,31999,52,35104
67155,52272,20,14883
67175,32071,216,35104
67391,51583,12,15808
67423,51615,64,15808
67487,32287,4,35200
67492,67394,9,98
67521,32321,62,35200
67583,17695,12,49888
67615,51615,96,16000
67712,51772,60,15940
67772,18344,20,49428
67792,56763,20,11029
67816,67709,1,107
67832,57541,20,10291
67852,58267,20,9585
67872,58941,20,8931
67892,59313,20,8579
67992,61894,20,6098
68012,62339,20,5673
68032,62596,20,5436
68052,64071,20,3981
68112,64564,20,3548
68132,52232,40,15900
68172,51403,20,16769
68192,51595,20,16597
68212,51499,20,16713
68232,67155,20,1077
68252,18704,20,49548
68272,67187,20,1085
68292,18684,20,49608
68312,67639,71,673
68383,40441,63,27942
68448,68416,30,32
68479,68384,31,95
68544,56270,31,12274
68576,64124,62,4452
68640,42079,62,26561
68704,33280,126,35424
68832,55410,31,13422
68864,19136,31,49728
68895,52831,64,16064
68960,68928,30,32
68992,53120,31,15872
69024,19584,31,49440
69055,53183,32,15872
69087,25838,32,43249
69120,69088,31,32
69152,33728,31,35424
69184,19776,62,49408
69248,67457,31,1791
69280,53344,94,15936
69376,69344,31,32
69408,33920,95,35488
69504,69472,31,32
69536,53472,31,16064
69568,34048,94,35520
69664,69632,30,32
69696,66923,31,2773
69728,34208,62,35520
69792,13792,37,56000
69878,55094,48,14784
69932,55148,128,14784
70061,37613,100,32448
70193,59281,32,10912
70225,70161,63,64
70288,67307,29,2981
70351,69181,2,1170
70416,52829,2,17587
70446,37998,88,32448
70540,54188,129,16352
70701,70669,32,32
70733,54381,103,16352
70837,34901,230,35936
71073,68804,27,2269
71105,52738,29,18367
71137,70885,28,252
71169,66861,60,4308
71229,71165,30,64
71265,54913,96,16352
71381,36405,113,34976
71495,69927,6,1568
71501,70541,128,960
71661,71629,32,32
71693,70733,103,960
71797,70837,230,960
72033,44312,26,27721
72065,71909,28,156
72096,71845,28,251
72129,71170,59,959
72188,72124,30,64
72225,71265,96,960
72341,71381,113,960
72455,71495,134,960
72621,72589,32,32
72653,71693,103,960
72757,71797,256,960
73013,72053,5,960
73025,72957,27,68
73057,68868,27,4189
73089,72926,58,163
73147,73083,31,64
73185,72225,96,960
73301,72341,113,960
73415,72455,69,960
73485,72525,64,960
73568,62225,2,11343
73581,73549,32,32
73613,72653,102,960
73717,73483,2,234
73739,72779,205,960
73953,73919,26,34
73985,73917,27,68
74016,71106,28,2910
74049,73886,58,163
74107,74043,31,64
74145,73185,96,960
74261,55029,106,19232
74371,73411,3,960
74375,73415,6,960
74383,53647,22,20736
74412,61362,2,13050
74420,72493,44,1927
74464,53721,52,20743
74548,74516,32,32
74580,59249,44,15331
74644,53869,70,20775
74716,74450,2,266
74738,53963,78,20775
74822,11071,34,63751
74856,74624,44,232
74900,74317,42,583
74948,55748,7,19200
74985,57360,3,17625
74994,62163,62,12831
75056,57140,33,17916
75089,40025,32,35064
75122,63739,44,11383
75186,75096,25,90
75211,74980,7,231
75218,73761,44,1457
75282,75219,31,63
75314,40698,127,34616
75442,75397,44,45
75486,62275,50,13211
75542,74994,58,548
75605,75287,26,318
75631,75211,19,420
75650,75486,32,164
75702,55364,13,20338
75734,75702,12,32
75766,75670,44,96
75810,75809,18,1
75830,75411,44,419
75874,75166,44,708
75918,75854,7,64
75926,75702,44,224
75970,67220,19,8750
75989,42237,33,33752
76022,75766,32,256
76067,75391,63,676
76150,76118,12,32
76182,76087,31,95
76218,75186,63,1032
76281,74176,63,2105
76345,62906,32,13439
76378,64059,13,12319
76410,62131,95,14279
76510,55409,32,21101
76542,76410,56,132
76604,76547,27,57
76638,76378,60,260
76702,66670,72,10032
76794,76086,126,708
76920,76440,33,480
76954,68325,59,8629
77018,76442,57,576
77080,75604,27,1476
77114,76638,44,476
77178,76858,62,320
77242,76474,32,768
77274,75766,44,1508
77338,77306,12,32
77370,75766,62,1604
77434,76054,62,1380
77502,77484,12,18
77534,44482,13,33052
77566,57753,44,19813
77610,77514,32,96
77642,77382,44,260
77694,77662,25,32
77726,68352,62,9374
77789,63546,45,14243
77834,77833,51,1
77886,57729,26,20157
77913,52988,3,24925
77916,77048,2,868
77922,77546,20,376
77944,77546,21,398
77970,76249,33,1721
78004,77158,32,846
78036,78035,10,1
78050,75361,80,2689
78130,74317,45,3813
78179,78130,3,49
78188,78183,5,5
78217,28267,3,49950
78224,78163,12,61
78236,78197,20,39
78256,68993,30,9263
78288,33234,13,45054
78320,59600,47,18720
78368,62016,3,16352
78372,78179,3,193
78376,78183,10,193
78390,26422,24,51968
78419,77467,30,952
78451,68690,13,9761
78483,26515,30,51968
78515,78419,44,96
78559,67283,51,11276
78614,78609,1,5
78675,46579,84,32096
78760,13830,11,64930
78771,29171,256,49600
79027,29427,76,49600
79103,45439,6,33664
79110,78760,10,350
79120,45456,79,33664
79200,78752,3,448
79204,62692,5,16512
79209,79111,10,98
79222,25581,21,53641
79243,44266,8,34977
79251,78795,3,456
79254,25770,16,53484
79270,75650,32,3620
79302,24799,44,54503
79346,25862,20,53484
79366,51972,20,27394
79386,25902,31,53484
79418,44312,32,35106
79450,69222,25,10228
79478,56365,2,23113
79481,27351,69,52130
79550,61310,9,18240
79560,79208,11,352
79603,61363,3,18240
79606,55782,131,23824
79737,46034,32,33703
79774,62231,94,17543
79870,73377,30,6493
79902,79870,30,32
79934,52929,30,27005
79966,79906,26,60
79992,79597,6,395
79998,68961,30,11037
80030,79966,26,64
80062,52818,13,27244
80094,62067,31,18027
80126,68324,60,11802
80190,78679,65,1511
80255,64191,7,16064
80263,79110,12,1153
80277,64213,40,16064
80317,39927,20,40390
80337,18756,30,61581
80369,28625,54,51744
80423,47015,3,33408
80426,79562,10,864
80438,28694,22,51744
80467,47058,51,33409
80538,78834,56,1704
80601,62362,26,18239
80633,74823,33,5810
80666,80518,32,148
80698,61978,37,18720
80736,80416,3,320
80740,80420,6,320
80749,80744,4,5
80779,67615,7,13164
80786,62060,38,18726
80824,74759,57,6065
80881,62155,88,18726
80969,39100,64,41869
81033,76934,32,4099
81085,44468,27,36617
81112,80781,5,331
81117,79644,30,1473
81149,62423,97,18726
81246,47006,9,34240
81255,80262,3,993
81258,80746,9,512
81270,47030,22,34240
81297,28722,52,52575
81369,78834,57,2535
81431,80158,28,1273
81464,80633,33,831
81497,81349,32,148
81530,79066,43,2464
81574,81256,11,318
81585,28433,78,53152
81663,59999,7,21664
81671,81574,12,97
81716,62455,72,19261
81788,81787,3,1
81795,81667,3,128
81799,81671,11,128
81814,27580,20,54234
81848,79290,56,2558
81910,71233,27,10677
81942,81219,28,723
81976,81779,13,197
81989,32677,19,49312
82008,79386,31,2622
82040,29112,39,52928
82079,79199,11,2880
82090,29513,8,52577
82098,79218,148,2880
82246,51952,20,30294
82266,79386,164,2880
82430,82429,1,1
82465,67136,3,15329
82472,69385,22,13087
82502,40293,34,42209
82536,78579,32,3957
82632,67018,85,15614
82717,28413,10,54304
82730,47687,3,35043
82735,78385,3,4350
82738,79122,77,3616
82815,65151,53,17664
82888,64904,256,17984
83144,65160,44,17984
83208,48968,256,34240
83464,49224,225,34240
83690,66794,160,16896
83914,66474,256,17440
84170,66730,62,17440
84234,83690,160,544
84407,84392,1,15
84458,83914,256,544
84714,84170,62,544
84778,84234,160,544
85002,65930,97,19072
85099,50315,222,34784
85322,84778,160,544
85546,51306,87,34240
85633,31713,10,53920
85663,51519,66,34144
85729,85633,10,96
85759,85663,76,96
85855,51615,97,34240
85960,84407,2,1553
85972,51812,40,34160
86012,85992,80,20
86092,77642,20,8450
86112,78300,20,7812
86192,79366,20,6826
86212,80074,20,6138
86232,67972,20,18260
86252,80666,20,5586
86272,81065,20,5207
86292,81497,20,4795
86352,81988,20,4364
86372,82246,20,4126
86432,82868,20,3564
86452,83188,20,3264
86552,52352,20,34200
86572,52332,20,34240
86592,52312,20,34280
86612,85906,44,706
86688,68544,31,18144
86720,82363,62,4357
86782,53534,33,33248
86816,69600,62,17216
86878,54040,2,32838
86880,85920,31,960
86911,52671,32,34240
86944,86912,30,32
86976,86944,30,32
87008,73826,31,13182
87040,87008,31,32
87072,33568,31,53504
87104,73914,31,13190
87135,69023,32,18112
87167,33663,32,53504
87199,82202,32,4997
87232,69152,31,18080
87264,85793,31,1471
87296,69216,95,18080
87391,69343,32,18048
87424,69408,31,18016
87456,69793,31,17663
87488,56527,31,30961
87520,87488,31,32
87551,69535,32,18016
87583,81115,32,6468
87615,69919,7,17696
87628,69932,128,17696
87757,70061,99,17696
87884,87855,1,29
87889,81465,32,6424
87921,87857,63,64
87984,85550,29,2434
88142,55662,80,32480
88222,87614,8,608
88231,87623,234,608
88497,87889,32,608
88529,88465,63,64
88592,88145,29,447
88750,55662,81,33088
88844,61333,23,27511
88872,42505,4,46367
88877,61366,64,27511
88944,82007,31,6937
88977,61466,153,27511
89130,88867,7,263
89137,63483,108,25654
89245,63111,192,26134
89437,63783,256,25654
89693,82182,32,7511
89725,32576,20,57149
89745,75410,64,14335
89809,59025,46,30784
89855,56863,10,32992
89866,88836,4,1030
89871,56879,8,32992
89881,56889,137,32992
90038,86982,25,3056
90067,86979,28,3088
90099,27063,65,63036
90164,57172,33,32992
90198,57206,104,32992
90302,87261,2,3041
90306,88836,5,1470
90314,82740,27,7574
90341,85863,57,4478
90399,48031,3,42368
90403,48035,4,42368
90408,78376,11,12032
90422,39926,21,50496
90447,39958,112,50489
90559,81001,32,9558
90591,89986,32,605
90623,90463,32,160
90675,80157,29,10518
90706,90677,26,29
90739,90707,25,32
90771,89745,44,1026
90835,40346,158,50489
90994,40505,32,50489
91027,75958,63,15069
91090,41085,196,50005
91287,90675,44,612
91331,41326,84,50005
91415,90559,22,856
91438,89405,22,2033
91461,41484,204,49977
91667,40922,131,50745
91799,40570,89,51229
91888,42199,70,49689
91959,77966,35,13993
91995,41474,232,50521
92227,90591,32,1636
92259,41738,45,50521
92304,90764,38,1540
92342,41821,173,50521
92515,57765,35,34750
92550,42029,256,50521
92806,42285,1,50521
92807,92515,32,292
92839,90655,48,2184
92887,42366,96,50521
92983,90087,8,2896
92991,62015,3,30976
92995,62019,4,30976
93000,79208,12,13792
93014,90422,23,2592
93038,39957,113,53081
93151,90559,96,2592
93247,86232,20,7015
93267,80337,32,12930
93299,83109,27,10190
93331,39013,27,54318
93363,90771,44,2592
93410,93406,1,4
93426,90133,32,3293
93459,85322,95,8137
93555,57593,44,35962
93599,68748,50,24851
93651,86944,31,6707
93683,41818,256,51865
93939,42074,244,51865
94203,91963,248,2240
94455,86838,9,7617
94467,94183,32,284
94499,40102,64,54397
94563,91491,256,3072
94819,91747,256,3072
95075,92003,256,3072
95331,92259,45,3072
95376,93356,38,2020
95414,92342,256,3072
95670,92598,241,3072
95911,93247,49,2664
95960,92888,102,3072
96064,89856,3,6208
96068,92996,3,3072
96072,93000,11,3072
96102,33100,3,63002
96122,93510,13,2612
96154,81305,44,14849
96198,59261,49,36937
96250,96235,12,15
96282,89585,63,6697
96346,88497,32,7849
96378,96134,51,244
96429,59364,44,37065
96476,61948,67,34528
96543,78751,8,17792
96552,78760,138,17792
96696,45839,3,50857
96715,59928,3,36787
96719,47584,3,49135
96738,47924,3,48814
96741,96731,3,10
96745,45803,3,50942
96754,78962,33,17792
96790,47579,3,49211
96800,45743,3,51057
96805,45810,3,50995
96809,47617,3,49192
96836,79038,3,17798
96843,45808,3,51035
96846,45831,3,51015
96850,46962,53,49888
96903,82087,3,14816
96906,81258,10,15648
96918,81270,22,15648
96947,81299,37,15648
96985,96972,12,13
97017,96626,57,391
97079,90276,28,6803
97112,81464,33,15648
97145,96997,32,148
97177,61273,38,35904
97216,79552,3,17664
97220,96900,3,320
97224,96904,11,320
97238,62038,23,35200
97263,80789,35,16474
97299,96594,63,705
97362,89168,77,8194
97439,62207,132,35232
97571,97343,48,228
97623,93561,25,4062
97655,95739,91,1916
97751,97623,44,128
97815,78679,80,19136
97896,97224,10,672
97906,59666,129,38240
98041,46920,3,51121
98049,46908,3,51141
98053,59920,3,38133
98061,47972,3,50089
98067,47601,3,50466
98078,79002,3,19076
98086,45716,3,52370
98089,79007,3,19082
98092,46824,3,51268
98098,98002,32,96
98152,47925,3,50227
98157,96725,3,1432
98164,98066,3,98
98176,47969,3,50207
98194,96850,45,1344
98239,83135,53,15104
98292,86492,20,11800
98312,82888,256,15424
98568,83144,44,15424
98612,86512,20,12100
98632,98312,256,320
98888,98568,44,320
98932,86472,20,12460
98952,83208,256,15744
99208,83464,224,15744
99434,85322,160,14112
99658,50762,256,48896
99914,51018,63,48896
99977,93458,96,6519
100073,48370,66,51703
100202,65930,256,34272
100458,66186,63,34272
100522,99978,160,544
100745,85001,85,15744
100830,67102,53,33728
100883,86532,20,14351
100903,67175,218,33728
101121,85825,10,15296
101151,67423,68,33728
101220,101122,9,98
101249,67521,64,33728
101314,101220,9,94
101343,85855,95,15488
101440,85972,20,15468
101460,101440,20,20
101480,89725,20,11755
101500,67812,20,33688
101540,92839,20,8701
101560,95911,20,5649
101580,96378,20,5202
101620,97145,20,4475
101640,97795,20,3845
101680,86492,40,15188
101720,98932,20,2788
101740,85739,20,16001
101760,85835,20,15925
101780,85643,20,16137
101800,100883,20,917
101820,68252,100,33568
101926,100851,3,1075
101952,86688,31,15264
101984,95988,62,5996
102047,101984,31,63
102080,102048,30,32
102112,86625,32,15487
102144,93555,31,8589
102175,91026,32,11149
102208,97527,31,4681
102239,87007,63,15232
102303,97113,32,5190
102336,86849,31,15487
102368,87072,31,15296
102400,87072,62,15328
102464,52960,31,49504
102496,53056,62,49440
102559,102527,32,32
102592,89010,31,13582
102624,72954,31,29670
102656,96411,31,6245
102688,95000,31,7688
102720,102688,31,32
102752,87168,94,15584
102848,90273,31,12575
102880,69184,63,33696
102943,87295,32,15648
102975,53279,32,49696
103007,88191,39,14816
103052,88236,128,14816
103180,72224,32,30956
103212,70092,69,33120
103313,102303,32,1010
103345,103281,63,64
103408,101035,29,2373
103566,70446,88,33120
103655,88231,6,15424
103661,72461,128,31200
103789,70225,32,33564
103821,70225,63,33596
103884,72684,72,31200
103957,72757,256,31200
104213,73013,5,31200
104225,104157,27,68
104256,102659,28,1597
104289,104126,58,163
104347,104283,31,64
104385,74145,96,30240
104501,73301,113,31200
104615,103047,6,1568
104621,73421,128,31200
104749,87921,32,16828
104781,87921,63,16860
104844,73644,72,31200
104917,73717,256,31200
105173,73973,5,31200
105185,104453,28,732
105216,104579,28,637
105249,105086,58,163
105307,105243,31,64
105345,104385,96,960
105461,104501,113,960
105574,69926,3,35648
105577,104617,132,960
105709,88529,32,17180
105741,88529,63,17212
105804,104844,72,960
105877,104917,256,960
106133,105173,5,960
106145,102116,28,4029
106176,105679,28,497
106209,90872,59,15337
106268,106204,30,64
106305,105345,96,960
106421,105461,106,960
106527,57311,8,49216
106535,59075,3,47460
106541,106536,4,5
106546,57330,211,49216
106777,57561,256,49216
107033,57817,256,49216
107289,58073,133,49216
107437,97238,21,10199
107465,74412,4,33053
107469,97263,35,10206
107504,47889,33,59615
107537,88977,94,18560
107637,89009,63,18628
107701,107116,13,585
107718,107712,1,6
107733,102405,26,5328
107759,107460,6,299
107765,107764,29,1
107797,107669,31,128
107829,97507,22,10322
107852,89693,22,18159
107875,81001,51,26874
107926,106450,73,1476
108002,92996,5,15006
108011,108006,4,5
108016,67399,5,40617
108048,107699,2,349
108051,107909,44,142
108095,62527,7,45568
108102,96071,3,12031
108108,108103,4,5
108113,62545,26,45568
108146,62578,18,45568
108184,62616,70,45568
108254,82078,9,26176
108264,108103,11,161
108278,82102,22,26176
108305,106576,3,1729
108308,82132,114,26176
108431,46516,2,61915
108442,82008,32,26434
108474,106814,26,1660
108500,108301,6,199
108506,102342,25,6164
108538,61946,69,46592
108607,80415,8,28192
108615,92999,12,15616
108630,80438,22,28192
108655,108605,1,50
108660,96947,37,11713
108698,87058,14,21640
108730,100999,56,7731
108792,93655,27,15137
108824,97111,34,11713
108858,108710,32,148
108890,79514,45,29376
108935,96551,11,12384
108950,88845,22,20105
108979,61363,62,47616
109050,88945,31,20105
109082,88977,153,20105
109235,108972,7,263
109242,63035,256,46207
109498,63291,12,46207
109530,61914,101,47616
109632,108608,3,1024
109636,108932,3,704
109640,93000,12,16640
109654,107437,21,2217
109682,82129,4,27553
109686,80788,36,28898
109722,107504,127,2218
109849,80951,100,28898
109949,62325,58,47624
110007,109676,8,331
110015,102274,29,7741
110047,107325,96,2722
110147,109636,3,511
110151,108936,12,1215
110186,78217,3,31969
110193,109787,63,406
110257,107987,13,2270
110270,60023,19,50247
110290,110062,45,228
110337,90403,4,19934
110341,79207,11,31134
110352,108016,4,2336
110383,108048,47,2335
110430,96894,9,13536
110440,108616,12,1824
110454,96918,22,13536
110481,80466,52,30015
110553,100999,57,9554
110616,76515,27,34101
110648,108825,33,1823
110681,110533,32,148
110713,47289,46,63424
110759,110439,11,320
110770,97906,128,12864
110899,98159,4,12740
110903,98061,3,12842
110907,46863,3,64044
110918,96724,3,14194
110921,79042,3,31879
110931,45704,3,65227
110941,98189,3,12752
110945,46822,3,64123
110948,59900,3,51048
110953,110942,3,11
110962,96754,33,14208
110995,59927,3,51068
111001,45820,4,65181
111015,45780,3,65235
111018,98165,3,12853
111022,98069,3,12953
111026,47605,3,63421
111043,110955,3,88
111049,96696,3,14353
111058,47634,53,63424
111111,108263,3,2848
111114,97898,9,13216
111125,110773,125,352
111250,45811,3,65439
111262,45819,3,65443
111266,96734,3,14532
111269,46814,3,64455
111274,110938,3,336
111281,46830,3,64451
111285,96694,3,14591
111288,47946,3,63342
111291,46917,3,64374
111296,110899,3,397
111302,47596,3,63706
111314,111218,32,96
111363,96746,3,14617
111369,59945,4,51424
111375,98168,3,13207
111378,111278,3,100
111390,47573,3,63817
111399,98172,3,13227
111407,96832,3,14575
111411,64307,51,47104
111463,82435,4,29028
111468,82435,6,29033
111477,64373,22,47104
111506,64402,3,47104
111513,64409,56,47104
111569,111499,6,70
111577,110713,38,864
111615,99199,234,12416
111850,100522,160,11328
112065,104251,2,7814
112074,84458,85,27616
112159,98879,53,13280
112212,101760,20,10452
112232,98632,256,13600
112488,98888,44,13600
112532,101740,20,10792
112552,112232,256,320
112808,112488,44,320
112852,101780,20,11072
112872,98952,256,13920
113128,99208,224,13920
113354,111850,160,1504
113578,82632,85,30946
113663,101311,12,12352
113695,85759,66,27936
113762,113666,9,96
113790,85758,67,28032
113858,113762,9,96
113887,113791,63,96
113950,85086,235,28864
114186,113354,160,832
114410,82632,87,31778
114497,109532,30,4965
114528,85972,80,28556
114608,106757,20,7851
114628,107713,20,6915
114668,108164,20,6504
114688,108422,20,6266
114708,108858,20,5850
114728,109510,20,5218
114748,109963,20,4785
114768,67952,20,46816
114808,110681,20,4127
114830,85524,3,29306
114888,101131,20,13757
114908,112212,20,2696
114928,112532,20,2396
114948,112852,20,2096
114968,101323,20,13645
115048,101229,20,13819
115068,104311,37,10757
115136,101952,31,13184
115168,110076,62,5092
115231,101184,32,14047
115264,109205,31,6059
115296,115231,31,65
115328,106809,31,8519
115359,93618,32,21741
115392,93651,31,21741
115424,76511,31,38913
115456,102240,62,13216
115520,115488,30,32
115551,115519,32,32
115584,102304,62,13280
115647,115296,62,351
115709,115677,2,32
115712,52960,62,62752
115775,102559,32,13216
115808,104154,31,11654
115840,102656,63,13184
115903,115679,31,224
115936,102752,31,13184
115968,102816,62,13152
116032,113825,31,2207
116063,113824,32,2239
116096,116064,31,32
116127,60216,32,55911
116160,106528,3,9632
116164,89860,4,26304
116175,116170,4,5
116205,105605,3,10600
116213,110193,63,6020
116623,56049,3,60574
117046,114485,41,2561
117087,69823,8,47264
117096,69832,16,47264
117132,69868,50,47264
117182,105566,8,11616
117190,87622,3,29568
117196,103660,129,13536
117325,103345,32,13980
117357,103345,63,14012
117420,103884,72,13536
117493,103957,230,13536
117729,89829,27,27900
117761,117155,28,606
117793,117233,28,560
117825,117661,59,164
117884,117820,30,64
117920,108184,63,9736
117983,106367,34,11616
118037,55029,113,63008
118151,103047,233,15104
118417,76510,32,41907
118449,118385,63,64
118512,118065,29,447
118670,88142,81,30528
118751,107423,4,11328
118755,106535,3,12220
118758,107430,4,11328
118765,107437,22,11328
118792,109682,4,9110
118796,107468,245,11328
119061,109924,26,9137
119087,118788,6,299
119093,107799,30,11294
119125,107797,201,11328
119326,88830,5,30496
119332,118756,6,576
119341,88845,99,30496
119441,109050,31,10391
119473,88977,256,30496
119729,89233,256,30496
119985,89489,256,30496
120241,89745,109,30496
120350,87549,2,32801
120354,81795,5,38559
120359,119333,4,1026
120363,119332,7,1031
120372,78196,21,42176
120400,118347,2,2053
120407,59447,47,60960
120455,108264,10,12191
120489,59529,62,60960
120561,81617,53,38944
120614,78759,3,41855
120617,108105,10,12512
120627,81683,107,38944
120736,116160,3,4576
120740,64195,5,56545
120745,110441,10,10304
120758,119341,22,1417
120780,110610,7,10170
120787,119370,67,1417
120854,120853,1,1
120858,119441,31,1417
120890,119473,153,1417
121043,110610,32,10433
121075,119658,256,1417
121331,119914,256,1417
121587,120170,51,1417
121658,109530,100,12128
121758,82718,7,39040
121766,79110,89,42656
121855,96895,11,24960
121866,110442,34,11424
121905,110481,52,11424
121977,112968,57,9009
122040,116250,27,5790
122072,117984,33,4088
122105,121957,32,148
122138,106490,45,15648
122183,120619,3,1564
122186,110153,10,12033
122198,106550,207,15648
122409,84985,4,37424
122425,106777,256,15648
122681,107033,256,15648
122937,107289,133,15648
123070,111102,9,11968
123080,110760,138,12320
123226,111395,3,11831
123230,98154,3,25076
123239,110911,3,12328
123242,59902,3,63340
123249,98064,3,25185
123260,98147,3,25113
123268,111272,3,11996
123281,78961,33,44320
123314,123223,3,91
123325,111269,3,12056
123342,110956,3,12386
123348,98152,3,25196
123358,111393,3,11965
123378,111058,45,12320
123423,90399,3,33024
123427,110337,4,13090
123437,123432,4,5
123443,117481,3,5962
123446,113965,220,9481
123667,114186,160,9481
123843,70339,3,53504
123873,98079,3,25794
123891,61241,69,62650
123960,112792,60,11168
124020,114888,20,9132
124040,112872,246,11168
124286,100830,53,23456
124339,115048,32,9291
124371,100915,203,23456
124574,99742,235,24832
124810,123667,160,1143
125034,112074,138,12960
125172,114968,20,10204
125192,112872,256,12320
125448,113128,224,12320
125674,124810,160,864
125898,100202,256,25696
126154,100458,63,25696
126218,125674,160,544
126442,100746,85,25696
126527,101215,4,25312
126532,113858,9,12674
126561,67521,74,59040
126655,113791,66,12864
126721,126625,10,96
126751,126655,76,96
126847,101343,96,25504
126964,85952,20,41012
126984,67732,40,59252
127024,119041,20,7983
127044,120221,20,6823
127080,126972,1,108
127109,80073,2,47036
127124,121638,20,5486
127164,122105,20,5059
127184,122405,20,4779
127244,124020,20,3224
127264,124339,20,2925
127284,113867,20,13417
127304,125172,20,2132
127324,113771,20,13553
127344,113675,20,13669
127364,124371,20,2993
127384,86572,40,40812
127424,86552,20,40872
127444,121517,76,5927
127520,122143,32,5377
127552,122937,62,4615
127615,127552,31,63
127680,115136,31,12544
127712,123892,62,3820
127776,68672,62,59104
127840,68704,94,59136
127936,92960,31,34976
127967,68863,32,59104
127999,127840,31,159
128031,68895,32,59136
128064,115616,31,12448
128095,102399,32,25696
128128,115712,31,12416
128160,122298,31,5862
128191,102495,32,25696
128223,127999,31,224
128256,115744,31,12512
128288,120923,62,7365
128351,87135,32,41216
128384,128352,31,32
128416,101890,32,26526
128448,108379,43,20069
128491,115979,20,12512
128511,102815,32,25696
128544,116000,31,12544
128575,128479,31,96
128608,128576,30,32
128640,86816,62,41824
128704,69632,31,59072
128736,123123,62,5613
128800,97716,31,31084
128832,128800,31,32
128864,128832,30,32
128895,128767,31,128
128928,117152,38,11776
128972,117196,129,11776
129133,129101,32,32
129165,117389,103,11776
129269,117493,230,11776
129505,129471,25,34
129537,129469,27,68
129568,116249,28,13319
129601,129438,58,163
129659,129595,31,64
129697,117921,96,11776
129813,105461,113,24352
129927,128967,134,960
130093,130061,32,32
130125,129165,103,960
130229,129269,256,960
130485,129525,4,960
130497,129766,27,731
130528,130161,27,367
130561,114469,58,16092
130619,130555,30,64
130657,129697,96,960
130773,118037,113,12736
130892,118156,128,12736
131021,103181,100,27840
131153,130721,32,432
131185,131121,63,64
131248,130801,29,447
131406,103566,80,27840
131486,130878,8,608
131495,130887,233,608
131761,121012,32,10749
131793,131729,63,64
131856,131409,29,447
132014,131406,88,608
132103,130887,234,1216
132369,131153,32,1216
132401,132337,63,64
132464,132017,29,447
132622,132014,88,608
132711,129927,6,2784
132717,132109,127,608
132845,88365,100,44480
132977,132369,32,608
133009,132945,63,64
133072,132625,29,447
133181,133099,1,82
133221,107793,2,25428
133230,118670,80,14560
133310,123422,9,9888
133319,118755,3,14564
133325,133320,4,5
133334,123446,220,9888
133554,83689,161,49865
133745,133713,1,32
133769,132811,3,958
133779,123891,75,9888
133854,122174,9,11680
133864,133320,11,544
133875,122195,210,11680
134105,122425,256,11680
134361,122681,256,11680
134617,122937,134,11680
134752,133312,3,1440
134755,108098,4,26657
134759,133863,3,896
134765,134760,4,5
134774,133878,22,896
134801,118793,3,16008
134809,108600,8,26209
134853,134309,20,544
134885,134565,20,320
134969,134682,63,287
135033,106092,13,28941
135065,134814,2,251
135068,135039,6,29
135097,92298,7,42799
135104,134797,5,307
135109,130350,19,4759
135130,134676,37,454
135171,134765,4,406
135200,120489,3,14711
135207,128146,13,7061
135236,135218,1,18
135239,134719,32,520
135271,126855,56,8416
135335,70315,3,65020
135340,121318,20,14022
135362,95031,28,40331
135396,114440,58,20956
135454,121854,9,13600
135464,82088,11,53376
135477,108629,22,26848
135506,121906,51,13600
135577,125288,57,10289
135640,128772,27,6868
135672,130720,33,4952
135705,135557,32,148
135737,134713,38,1024
135775,108607,8,27168
135784,135464,13,320
135797,81269,22,54528
135826,121905,52,13921
135898,135577,56,321
135960,77080,27,58880
135993,135672,33,321
136026,135878,32,148
136058,108890,45,27168
136103,108615,3,27488
136106,135786,9,320
136115,108947,26,27168
136147,108979,63,27168
136218,134229,30,1989
136250,109082,154,27168
136404,136141,6,263
136410,109242,256,27168
136666,109498,12,27168
136698,121658,100,15040
136800,136096,3,704
136803,111458,4,25345
136807,80743,3,56064
136810,136106,9,704
136822,118765,22,18057
136851,97260,38,39591
136890,97299,127,39591
137018,118929,32,18089
137054,118965,76,18089
137130,95911,49,41219
137182,74341,27,62841
137209,136846,5,363
137214,128767,32,8447
137246,119203,22,18043
137268,119179,24,18089
137292,94883,109,42409
137401,80185,70,57216
137471,117087,6,20384
137477,120614,3,16863
137483,137478,4,5
137492,96086,21,41406
137519,120400,47,17119
137566,123070,9,14496
137575,136103,3,1472
137578,137480,8,98
137586,123090,128,14496
137728,111368,3,26360
137735,111004,3,26731
137741,111020,3,26721
137755,111017,3,26738
137761,98149,3,39612
137768,111019,3,26749
137772,111265,3,26507
137778,123282,33,14496
137818,98161,3,39657
137822,98188,3,39634
137831,123272,3,14559
137836,96822,3,41014
137846,137750,3,96
137859,98035,3,39824
137862,96833,3,41029
137866,111391,3,26475
137875,137357,44,518
137923,135460,6,2463
137929,137480,10,449
137968,137918,2,50
137974,82503,64,55471
138039,90367,32,47672
138080,133788,62,4292
138142,108606,12,29536
138154,137929,9,225
138166,135798,22,2368
138195,108659,51,29536
138266,137650,56,616
138329,78486,26,59843
138361,135993,33,2368
138394,138246,32,148
138427,120571,43,17856
138470,81255,3,57215
138473,137929,10,544
138483,120627,107,17856
138590,135454,9,3136
138599,138151,13,448
138612,135476,24,3136
138641,135505,52,3136
138713,137650,57,1063
138776,134585,27,4191
138808,138361,33,447
138841,138693,32,148
138874,138553,37,321
138911,80255,10,58656
138924,138919,3,5
138931,121605,2,17326
138933,111477,21,27456
138954,135200,3,3754
138961,111513,56,27448
139017,127933,2,11084
139026,138546,44,480
139071,97215,3,41856
139075,97219,4,41856
139085,139080,4,5
139094,93014,23,46080
139119,93039,208,46080
139347,115361,30,23986
139379,139350,26,29
139411,139379,26,32
139443,90771,159,48672
139602,93522,63,46080
139667,115360,62,24307
139731,76511,62,63220
139793,95733,128,44060
139927,93847,126,46080
140054,79641,96,60413
140150,93682,159,46468
140309,137290,2,3019
140315,139927,44,388
140379,139347,58,1032
140437,120433,15,20004
140452,140360,48,92
140500,140212,99,288
140603,140315,44,288
140667,140379,72,288
140739,140067,51,672
140791,95671,72,45120
140863,140647,49,216
140912,95472,98,45440
141015,140947,44,68
141059,94531,82,46528
141141,136600,46,4541
141187,94499,83,46688
141271,95067,183,46204
141454,94702,256,46752
141710,94958,256,46752
141966,95214,162,46752
142128,139436,38,2692
142166,95414,256,46752
142422,95670,241,46752
142663,139327,49,3336
142712,95960,103,46752
142815,125119,53,17696
142888,112552,256,30336
143144,112808,44,30336
143190,130455,2,12735
143208,124040,256,19168
143464,124296,43,19168
143527,124359,256,19168
143783,124615,193,19168
143978,133555,160,10423
144202,84458,256,59744
144458,84714,63,59744
144522,143978,160,544
144746,83914,256,60832
145002,84170,63,60832
145066,144522,160,544
145290,126442,89,18848
145380,126818,9,18562
145409,101249,74,44160
145503,126751,66,18752
145569,145473,10,96
145590,145574,1,16
145599,145503,76,96
145695,85855,97,59840
145792,114568,40,31224
145832,101440,40,44392
145872,145852,40,20
145932,134085,20,11847
145952,134841,8,11111
145960,134873,12,11087
146012,135705,20,10307
146032,136026,20,10006
146052,136678,20,9374
146072,101560,40,44512
146152,138394,20,7758
146192,138841,20,7351
146232,142663,20,3569
146252,142868,20,3384
146272,143188,20,3084
146292,143507,20,2785
146372,143539,20,2833
146392,127404,20,18988
146412,127384,20,19028
146432,127424,63,19008
146495,139069,2,7426
146528,127680,31,18848
146560,142740,62,3820
146624,146592,30,32
146655,146560,31,95
146687,146464,32,223
146720,141592,31,5128
146752,139635,62,7117
146815,131761,32,15054
146848,146466,31,382
146880,128000,31,18880
146912,115552,31,31360
146944,128064,31,18880
146976,128096,31,18880
147008,128128,31,18880
147040,128224,31,18816
147071,115743,32,31328
147104,128320,31,18784
147135,147103,32,32
147168,136373,31,10795
147200,102048,31,45152
147232,87424,63,59808
147296,120321,31,26975
147328,87552,31,59776
147359,146815,31,544
147392,147360,31,32
147424,128704,62,18720
147488,147456,31,32
147520,147488,30,32
147552,147520,31,32
147584,145195,31,2389
147615,137214,32,10401
147648,147616,30,32
147680,142424,31,5256
147711,127743,32,19968
147744,127808,31,19936
147775,135296,32,12479
147808,147776,30,32
147840,147808,31,32
147872,121728,37,26144
147914,137519,2,10395
147916,147911,4,5
147920,121776,79,26144
148003,129923,3,18080
148016,129936,23,18080
148041,129961,48,18080
148109,147969,30,140
148141,131185,32,16956
148173,131185,63,16988
148237,148205,31,32
148269,130189,38,18080
148309,148075,2,234
148331,130251,2,18080
148333,148089,49,244
148382,140116,26,8266
148417,138809,32,9608
148469,129845,81,18624
148551,148007,6,544
148557,129933,128,18624
148685,132401,32,16284
148717,132401,63,16316
148780,130156,72,18624
148853,129269,256,19584
149109,129525,5,19584
149121,145102,28,4019
149153,149121,27,32
149185,149021,59,164
149244,149180,30,64
149281,130657,96,18624
149397,129813,113,19584
149511,148551,69,960
149581,148621,64,960
149645,131793,32,17852
149677,131793,63,17884
149740,148780,45,960
149785,132761,26,17024
149813,149579,2,234
149835,148875,174,960
150017,128455,24,21562
150049,146982,25,3067
150080,102947,28,47133
150112,144911,90,5201
150208,146981,26,3227
150239,134359,33,15880
150272,149312,65,960
150357,130773,106,19584
150467,149507,3,960
150471,148007,7,2464
150479,148015,22,2464
150508,118794,3,31714
150515,105613,44,44902
150559,148089,52,2470
150611,133009,32,17602
150643,133009,63,17634
150707,137118,13,13589
150739,148237,70,2502
150811,150545,2,266
150833,148331,77,2502
150918,150304,33,614
150951,150719,44,232
150995,150413,43,582
151038,132702,8,18336
151047,132711,133,18336
151181,131629,100,19552
151313,146815,32,4498
151345,151281,63,64
151408,150385,29,1023
151494,147261,2,4233
151566,132622,88,18944
151655,150471,6,1184
151661,151053,227,608
151893,127613,2,24280
151921,151857,31,64
151953,151889,63,64
152016,151569,29,447
152142,130106,3,22036
152174,151566,88,608
152263,151655,233,608
152529,150919,32,1610
152561,152497,63,64
152624,152177,29,447
152782,152174,88,608
152871,152263,234,608
153137,152529,32,608
153169,153105,63,64
153232,152785,29,447
153390,88750,81,64640
153480,147919,2,5561
153506,149541,3,3965
153514,153458,12,56
153546,141143,32,12403
153584,145734,57,7850
153646,104240,13,49406
153678,153005,62,673
153741,142290,32,11451
153773,150272,32,3501
153806,153646,44,160
153850,153658,50,192
153900,153899,46,1
153946,153850,51,96
154003,150144,59,3859
154065,153886,60,179
154181,144961,53,9220
154254,145294,81,8960
154349,141187,20,13162
154369,120489,62,33880
154431,138067,4,16364
154439,143686,55,10753
154494,119326,5,35168
154500,133869,4,20631
154509,119341,98,35168
154609,136218,31,18391
154641,119473,256,35168
154897,119729,256,35168
155153,119985,256,35168
155409,120241,110,35168
155519,138911,7,16608
155527,135171,5,20356
155532,155527,5,5
155541,154348,40,1193
155581,139095,20,16486
155601,91287,32,64314
155634,155267,44,367
155679,138143,3,17536
155683,138147,4,17536
155688,155527,11,161
155702,139094,21,16608
155723,108299,9,47424
155734,139119,112,16615
155846,142631,32,13215
155878,141187,64,14691
155962,108474,56,47488
156018,129654,6,26364
156026,155994,30,32
156058,155634,44,424
156102,139487,178,16615
156281,102175,32,54106
156314,146784,31,9530
156346,139699,31,16647
156378,141623,89,14755
156467,155987,36,480
156503,141588,35,14915
156542,142135,186,14407
156728,139921,18,16807
156746,141507,114,15239
156860,140053,256,16807
157116,140309,18,16807
157134,156746,32,388
157166,140451,51,16715
157218,140411,204,16807
157422,157134,32,288
157454,140863,51,16591
157506,140699,256,16807
157762,140955,232,16807
157994,157422,32,572
158026,141219,256,16807
158282,141475,14,16807
158296,142033,18,16263
158314,155878,32,2436
158346,142083,46,16263
158392,156052,50,2340
158442,93699,256,64743
158698,93955,228,64743
158926,155942,45,2984
158971,142708,99,16263
159070,137566,9,21504
159080,97896,138,61184
159218,137850,3,21368
159222,96835,3,62387
159225,137768,3,21457
159232,96729,3,62503
159244,96712,3,62532
159248,123366,3,35882
159251,98185,3,61066
159256,123325,3,35931
159264,111304,3,47960
159282,111314,33,47968
159319,111007,3,48312
159330,96794,4,62536
159334,111268,6,48066
159345,96707,3,62638
159356,110928,3,48428
159364,123227,3,36137
159374,137733,3,21641
159379,145747,45,13632
159424,136800,3,22624
159428,159076,3,352
159432,97224,11,62208
159446,154509,21,4937
159467,152901,3,6566
159470,136149,60,23321
159530,157668,3,1862
159539,154609,31,4930
159571,154641,108,4930
159679,119203,48,40476
159731,159571,76,160
159807,157670,51,2137
159858,155248,109,4610
159967,159679,32,288
160019,159890,64,129
160084,159380,43,704
160127,97215,8,62912
160136,159432,11,704
160150,108278,21,51872
160171,97259,4,62912
160179,159603,63,576
160242,156893,64,3349
160306,158553,32,1753
160338,108309,17,52029
160355,97475,82,62880
160437,128477,33,31960
160470,134228,31,26242
160503,147042,29,13461
160535,156513,25,4022
160567,97655,92,62912
160663,160535,44,128
160727,138516,72,22211
160803,160132,3,671
160807,136808,10,23999
160820,135339,51,25481
160880,160611,47,269
160927,120447,7,40480
160935,160807,11,128
160969,155562,19,5407
160988,136823,20,24165
161008,156316,29,4692
161040,138544,55,22496
161096,135784,13,25312
161110,138614,22,22496
161138,138642,51,22496
161209,159154,57,2055
161271,133981,28,27290
161303,150917,34,10386
161337,161189,32,148
161370,160890,44,480
161415,137576,11,23839
161429,155357,20,6072
161449,160969,19,480
161488,140672,25,20816
161518,120686,49,40832
161568,133856,3,27712
161572,161411,3,161
161576,138919,11,22657
161590,159446,23,2144
161613,154539,61,7074
161683,159539,31,2144
161715,159571,108,2144
161843,161722,25,121
161875,156862,108,5013
162002,154928,141,7074
162143,161823,32,320
162175,154909,51,7266
162226,162225,45,1
162271,154909,192,7362
162483,121658,101,40825
162584,110328,13,52256
162598,161576,10,1022
162608,145671,4,16937
162612,114788,20,47824
162639,110383,47,52256
162686,147902,7,14784
162693,97895,3,64798
162696,161578,9,1118
162705,147921,77,14784
162782,138462,11,24320
162793,162696,10,97
162803,138483,107,24320
162910,155518,10,7392
162924,162919,4,5
162933,138933,24,24000
162961,111513,57,51448
163025,110385,46,52640
163071,138143,8,24928
163080,162919,11,161
163091,135795,25,27296
163122,135826,52,27296
163194,161209,56,1985
163257,110018,26,53239
163289,161304,33,1985
163322,163174,32,148
163354,159034,37,4320
163391,143135,53,20256
163444,146312,20,17132
163464,142888,256,20576
163720,143144,44,20576
163764,146332,20,17432
163784,163464,256,320
164040,163720,44,320
164084,146352,20,17732
164104,125192,256,38912
164360,125448,224,38912
164586,145066,160,19520
164810,125898,256,38912
165066,126154,62,38912
165130,164586,160,544
165354,125898,256,39456
165610,126154,63,39456
165674,165130,160,544
165898,144746,97,21152
165995,113963,222,52032
166218,165674,160,544
166442,113578,87,52864
166530,145666,9,20864
166559,145599,76,20960
166655,145695,96,20960
166755,109849,2,56906
166772,114548,60,52224
166832,145812,100,21020
166932,153946,20,12986
166972,155389,20,11583
166992,101540,20,65452
167012,158926,20,8086
167052,159999,20,7053
167072,160707,20,6365
167092,114748,20,52344
167132,161337,20,5795
167172,162463,20,4709
167212,114688,20,52524
167252,114868,20,52384
167272,163322,20,3950
167292,146312,60,20980
167352,145483,20,21869
167372,145579,20,21793
167392,145675,20,21717
167412,145389,20,22023
167472,166702,48,770
167552,146528,31,21024
167584,162516,62,5068
167648,167616,31,32
167680,128672,31,39008
167712,128223,32,39489
167744,161536,31,6208
167775,139634,32,28141
167807,167712,31,95
167840,156346,31,11494
167872,115424,95,52448
167968,146912,31,21056
168000,146976,31,21024
168032,149979,31,18053
168064,147072,31,20992
168096,128288,63,39808
168159,106073,32,62086
168192,146689,31,21503
168223,128415,32,39808
168256,128512,31,39744
168287,116031,63,52256
168352,115200,62,53152
168416,147200,31,21216
168448,162561,31,5887
168480,107969,31,60511
168512,147264,31,21248
168543,137440,32,31103
168576,168544,31,32
168608,154095,31,14513
168640,147328,31,21312
168672,168383,32,289
168741,160797,3,7944
168746,166663,52,2083
168798,152862,8,15936
168807,152871,234,15936
169073,163290,32,5783
169105,169041,63,64
169168,166446,29,2722
169232,168477,2,755
169242,149243,2,19999
169323,169242,1,81
169326,118670,81,50656
169407,168799,7,608
169415,168807,233,608
169668,166755,2,2913
169681,169073,32,608
169713,169649,63,64
169776,169329,29,447
169857,162817,3,7040
169934,133230,81,36704
170015,147999,7,22016
170023,148007,69,22016
170093,150547,64,19546
170157,151953,32,18204
170189,151953,63,18236
170252,148236,71,22016
170325,170091,2,234
170347,150833,77,19514
170431,169981,33,450
170485,169333,81,1152
170567,169415,133,1152
170701,168941,100,1760
170833,135673,33,35160
170866,170802,62,64
170928,169937,29,991
170981,170955,1,26
171086,169326,88,1760
171175,170567,234,608
171441,170833,32,608
171473,171409,63,64
171536,171089,29,447
171694,153390,81,18304
171775,149503,7,22272
171782,132710,3,39072
171785,148553,132,23232
171917,153169,32,18748
171949,153169,63,18780
172012,148780,72,23232
172085,148853,230,23232
172321,168485,26,3836
172353,166187,28,6166
172385,172198,27,187
172417,172254,58,163
172475,172411,31,64
172513,150241,96,22272
172629,149397,113,23232
172742,151046,3,21696
172745,149513,132,23232
172877,151345,32,21532
172909,151345,63,21564
172972,149740,72,23232
173045,149813,196,23232
173241,173240,1,1
173249,150017,26,23232
173281,146950,25,26331
173312,128579,28,44733
173344,150112,91,23232
173440,146949,26,26491
173471,150239,98,23232
173589,172629,106,960
173695,161567,8,12128
173703,154338,3,19365
173718,161590,84,12128
173802,168348,3,5454
173811,161683,31,12128
173843,161715,108,12128
173951,155357,32,18594
173983,173863,12,120
174003,161875,108,12128
174111,155197,192,18914
174303,157670,96,16633
174399,159807,192,14592
174610,160018,108,14592
174718,133854,13,40864
174733,174728,4,5
174742,133878,207,40864
174969,122425,256,52544
175225,122681,256,52544
175481,122937,142,52544
175624,123080,138,52544
175765,137766,3,37999
175780,159373,3,16407
175785,110946,3,64839
175794,137734,3,38060
175800,111018,3,64782
175804,111051,3,64753
175812,137826,3,37986
175815,110901,3,64914
175825,137777,33,38048
175863,159231,3,16632
175868,110903,3,64965
175877,159328,3,16549
175881,137715,3,38166
175887,123274,3,52613
175890,137732,3,38158
175902,137865,3,38037
175908,175883,3,25
175914,137869,3,38045
175922,123378,45,52544
175968,175616,3,352
175972,111108,6,64864
175978,120746,10,55232
176018,118792,4,57226
176023,136854,35,39169
176059,118833,126,57226
176185,169732,2,6453
176191,162419,44,13772
176235,119203,50,57032
176287,175148,13,1139
176319,175296,25,1023
176344,176013,7,331
176351,115906,29,60445
176383,175517,95,866
176480,175968,3,512
176484,175972,3,512
176488,159080,11,17408
176530,176019,3,511
176554,176051,6,503
176570,151313,32,25257
176602,135898,57,40704
176659,176524,7,135
176666,168004,27,8662
176697,176446,32,251
176734,137730,3,39004
176742,159366,3,17376
176772,159012,67,17760
176839,137477,3,39362
176842,159082,136,17760
176981,159370,4,17611
176988,176736,3,252
176992,123265,3,53727
176995,123326,3,53669
177000,123321,3,53679
177004,137842,3,39162
177016,123270,3,53746
177019,175800,3,1219
177039,159317,3,17722
177042,137682,33,39360
177076,175778,3,1298
177088,159226,3,17862
177101,175774,3,1327
177105,159350,3,17755
177113,123271,3,53842
177117,175885,4,1232
177127,123269,3,53858
177131,159338,4,17793
177138,159378,53,17760
177191,162790,3,14401
177194,160138,9,17056
177206,159446,86,17760
177292,177179,4,113
177299,173811,31,3488
177331,173843,152,3488
177491,177331,76,160
177567,174111,192,3456
177778,160210,64,17568
177842,142770,45,35072
177887,133311,8,44576
177896,136104,12,41792
177910,165997,256,11913
178166,166253,125,11913
178355,133779,75,44576
178431,176479,3,1952
178435,176483,4,1952
178440,177896,11,544
178462,128669,2,49793
178483,171206,3,7277
178486,160175,164,18311
178654,178618,30,36
178686,146592,31,32094
178718,146624,31,32094
178750,178723,25,27
178775,178476,7,299
178782,172850,25,5932
178814,162246,26,16568
178846,178529,25,317
178878,160471,31,18407
178910,137342,60,41568
178974,159006,73,19968
179047,136103,11,42944
179058,176850,128,2208
179195,159362,3,19833
179213,177091,3,2122
179219,177124,3,2095
179224,137819,3,41405
179227,123241,3,55986
179239,175796,3,3443
179243,159354,3,19889
179249,123281,33,55968
179282,179186,64,96
179347,160883,51,18464
179399,162598,11,16801
179412,155541,40,23871
179452,160988,48,18464
179504,161040,47,18464
179551,164031,53,15520
179604,167352,20,12252
179624,164104,256,15520
179880,164360,224,15520
180106,178131,160,1975
180330,165354,85,14976
180415,179551,53,864
180468,167372,20,13096
180488,163784,256,16704
180744,164040,44,16704
180788,167392,20,13396
180808,179624,256,1184
181064,179880,224,1184
181290,180106,160,1184
181514,145290,85,36224
181602,166626,9,14976
181631,166559,66,15072
181697,166529,10,15168
181727,181631,66,96
181794,181698,9,96
181823,181727,64,96
181887,143455,52,38432
181939,167412,20,14527
181959,143527,215,38432
182174,145374,5,36800
182180,181794,9,386
182209,145409,62,36800
182271,178522,32,3749
182324,166892,40,15432
182364,166832,60,15532
182424,166812,40,15612
182464,174591,20,7873
182484,174949,20,7535
182524,176299,20,6225
182579,178127,3,4452
182584,177759,20,4825
182684,179604,20,3080
182704,166539,20,16165
182724,167372,40,15352
182764,166635,20,16129
182844,181939,20,905
182864,175045,76,7819
182940,178934,36,4006
182976,177587,62,5389
183039,182976,31,63
183072,183040,30,32
183103,182301,2,802
183136,178878,30,4258
183168,178356,62,4812
183232,168352,62,14880
183296,174841,32,8455
183328,175001,31,8327
183360,181992,31,1368
183392,167840,31,15552
183424,127936,31,55488
183455,183296,31,159
183488,173154,31,10334
183520,146880,31,36640
183551,127999,63,55552
183616,183584,30,32
183648,183616,31,32
183679,167967,32,15712
183711,183551,31,160
183744,168000,62,15744
183807,128159,32,55648
183840,172282,31,11558
183872,183840,31,32
183904,168128,31,15776
183936,168160,31,15776
183968,168192,31,15776
184000,168224,31,15776
184031,160407,32,23624
184064,176699,31,7365
184096,184064,31,32
184127,128543,32,55584
184160,181761,31,2399
184192,184160,31,32
184224,171136,38,13088
184267,178449,3,5818
184270,171182,126,13088
184397,151181,100,33216
184529,176570,32,7959
184561,184497,63,64
184624,182091,29,2533
184713,182974,2,1739
184725,183037,2,1688
184782,152782,88,32000
184871,184263,233,608
185119,185103,1,16
185137,173537,32,11600
185169,185105,63,64
185232,184785,29,447
185390,171086,81,14304
185476,153476,6,32000
185514,177228,3,8286
185517,178486,131,7031
185649,141459,32,44190
185685,160343,94,25342
185781,183329,30,2452
185813,185781,30,32
185845,185813,29,32
185877,185849,25,28
185902,185507,7,395
185909,185845,29,64
185941,168069,26,17872
185973,147442,13,38531
186004,154608,31,31396
186037,137342,92,48695
186129,185421,46,708
186179,186129,3,50
186220,179433,3,6787
186227,156090,13,30137
186259,127588,27,58671
186290,177842,45,8448
186336,179040,3,7296
186340,186179,4,161
186356,185480,2,876
186382,181090,3,5292
186390,186052,44,338
186434,175173,32,11261
186466,186434,32,32
186518,186409,25,109
186548,186407,27,141
186580,175223,33,11357
186614,186066,31,548
186646,186614,30,32
186678,175513,101,11165
186779,185581,4,1198
186797,160150,205,26647
187002,177727,32,9275
187034,160387,115,26647
187150,183814,25,3336
187182,186619,26,563
187214,160567,120,26647
187334,187206,20,128
187374,182091,81,5283
187455,162687,6,24768
187467,187462,5,5
187476,162708,75,24768
187554,179044,5,8510
187563,187558,4,5
187568,182185,4,5383
187600,162639,47,24961
187647,187551,6,96
187653,177191,3,10462
187659,187654,4,5
187664,187568,4,96
187695,184970,3,2725
187699,187603,44,96
187743,160799,7,26944
187750,179047,3,8703
187753,187656,9,97
187764,162805,106,24959
187870,179038,9,8832
187880,187751,11,129
187891,179059,127,8832
188019,159374,3,28645
188022,175904,3,12118
188043,137855,3,50188
188052,177118,3,10934
188060,177031,3,11029
188069,123335,3,64734
188073,177114,3,10959
188081,159281,33,28800
188114,177028,4,11086
188119,159219,3,28900
188130,123328,3,64802
188134,137817,3,50317
188139,177036,3,11103
188142,179311,3,8831
188146,175910,3,12236
188164,137726,3,50438
188170,177127,3,11043
188175,123351,3,64824
188178,177138,45,11040
188223,136095,11,52128
188234,187882,8,352
188242,136114,27,52128
188275,136147,64,52128
188346,177299,31,11047
188378,136250,154,52128
188532,188269,6,263
188538,136410,256,52128
188794,136666,12,52128
188826,177779,100,11047
188926,187870,9,1056
188940,177196,3,11744
188946,175634,129,13312
189080,159260,3,29820
189110,179298,3,9812
189118,188130,3,988
189122,177096,3,12026
189128,137814,3,51314
189134,188139,3,995
189137,179249,33,9888
189170,189074,64,96
189234,188178,45,1056
189279,160127,8,29152
189288,188936,10,352
189302,136822,21,52480
189323,186818,4,2505
189327,176023,34,13304
189363,136890,127,52473
189491,176155,48,13336
189559,185717,93,3842
189652,189424,27,228
189687,185817,26,3870
189719,187214,92,2505
189815,189687,44,128
189876,189875,3,1
189879,178359,72,11520
189952,189280,3,672
189956,189284,3,672
189960,189288,11,672
189974,175990,21,13984
189995,189323,3,672
189999,189327,163,672
190162,137017,33,53145
190199,137054,76,53145
190275,190079,43,196
190327,174374,26,15953
190359,147615,32,42744
190409,190389,1,20
190411,190029,3,382
190414,185697,21,4717
190437,141635,109,48802
190546,189810,30,736
190576,190352,19,224
190615,189879,71,736
190687,134751,3,55936
190691,134755,4,55936
190695,176487,3,14208
190698,189962,9,736
190711,135219,20,55492
190731,181823,7,8908
190745,188859,62,1886
190809,149978,32,40831
190905,190003,31,902
190937,150707,14,40230
190969,190131,62,838
191031,191030,78,1
191109,190949,46,160
191160,190263,32,897
191192,190066,64,1126
191256,183041,30,8215
191289,191273,12,16
191321,181194,92,10127
191413,191221,16,192
191449,191193,63,256
191512,191352,64,160
191576,191032,123,544
191699,154434,6,37265
191705,181418,32,10287
191801,178355,70,13446
191871,162783,7,29088
191879,190696,11,1183
191890,162802,116,29088
192012,192007,4,5
192017,155537,92,36480
192109,140695,4,51414
192113,163025,46,29088
192159,143135,54,49024
192232,180488,256,11744
192488,180744,44,11744
192552,179624,256,12928
192808,179880,225,12928
193034,181290,160,11744
193258,180330,138,12928
193400,185901,2,7499
193416,180808,256,12608
193672,181064,225,12608
193898,193034,160,864
194122,166442,87,27680
194210,182180,9,12030
194238,166654,65,27584
194303,181887,52,12416
194375,181959,216,12416
194591,181791,12,12800
194623,181727,66,12896
194689,181601,10,13088
194719,194623,64,96
194783,182175,4,12608
194788,194690,9,98
194817,182209,94,12608
194912,182384,40,12528
194952,185985,20,8967
194996,194909,1,87
195012,187354,20,7658
195132,188806,20,6326
195160,183933,2,11227
195172,189859,20,5313
195192,190595,20,4597
195252,146232,20,49020
195272,192212,20,3060
195292,192532,20,2760
195332,193396,20,1936
195372,182784,20,12588
195392,194355,20,1037
195412,182804,40,12608
195452,182864,68,12588
195552,183136,31,12416
195584,191802,62,3782
195647,175321,32,20326
195680,156072,31,39608
195712,195647,31,65
195744,194880,31,864
195775,139666,32,56109
195808,138040,31,57768
195839,183455,32,12384
195872,183488,31,12384
195903,146847,32,49056
195936,183648,31,12288
195967,195839,31,128
196000,195490,31,510
196032,190200,31,5832
196063,183839,63,12224
196128,183936,31,12192
196160,183968,31,12192
196192,196160,30,32
196223,195967,31,256
196256,168224,94,28032
196351,183199,64,13152
196416,196384,31,32
196448,168673,31,27775
196479,172703,39,23776
196519,184871,6,11648
196525,171789,128,24736
196653,185169,32,11484
196685,185169,63,11516
196748,172012,72,24736
196821,148853,256,47968
197077,149109,5,47968
197089,197021,27,68
197121,195908,27,1213
197153,196990,58,163
197211,197147,31,64
197249,173473,96,23776
197365,150357,106,47008
197471,184863,6,12608
197488,196528,23,960
197513,172777,48,24736
197581,185781,31,11800
197613,184561,32,13052
197645,184561,63,13084
197709,197249,31,460
197741,184909,39,12832
197781,197547,2,234
197783,197561,21,222
197805,197561,49,244
197854,190064,34,7790
197889,132977,33,64912
197941,193790,73,4151
198017,184801,69,13216
198087,197479,6,608
198093,184877,127,13216
198221,185005,100,13216
198353,197889,32,464
198385,198321,63,64
198448,197393,29,1055
198496,198475,1,21
198606,184782,88,13824
198695,198087,234,608
198942,198927,1,15
198961,198353,32,608
198993,198929,63,64
199056,198609,29,447
199214,198606,80,608
199294,179390,8,19904
199308,199303,4,5
199316,160820,22,38496
199338,192043,18,7295
199356,174743,20,24613
199376,196005,26,3371
199407,191951,47,7456
199454,186782,5,12672
199469,186797,256,12672
199725,187053,96,12672
199822,187150,25,12672
199854,196625,26,3229
199886,187214,122,12672
200008,199880,18,128
200046,194507,81,5539
200127,191871,7,8256
200135,188232,11,11903
200176,195649,30,4527
200209,200082,45,127
200255,190687,3,9568
200259,190691,4,9568
200264,189960,12,10304
200313,176223,60,24090
200377,186582,63,13795
200441,194408,62,6033
200505,156282,44,44223
200569,191353,76,9216
200645,199574,82,1071
200727,195729,15,4998
200742,176236,49,24506
200791,200790,33,1
200824,190162,32,10662
200857,199946,32,911
200889,199340,16,1549
200925,200345,62,580
200987,200986,74,1
201061,200905,48,156
201109,200789,67,320
201176,185648,32,15528
201208,160338,49,40870
201257,160949,20,40308
201277,201113,31,164
201309,201296,12,13
201321,200279,20,1042
201341,201181,27,160
201373,200925,60,448
201437,193710,123,7727
201568,201504,56,64
201633,201569,55,64
201688,176729,3,24959
201699,137839,3,63860
201731,193909,53,7822
201785,200633,44,1152
201829,200549,51,1280
201881,155770,63,46111
201945,195744,62,6201
202007,201879,33,128
202040,202039,64,1
202105,162516,75,39589
202180,199509,33,2671
202213,201257,51,956
202265,202201,63,64
202328,200792,161,1536
202489,202488,63,1
202553,202201,76,352
202629,202597,32,32
202661,201061,164,1600
202825,202565,32,260
202877,201277,44,1600
202921,201829,46,1092
202967,201367,5,1600
202973,201373,30,1600
203005,202973,29,32
203037,202461,155,576
203194,174682,37,28512
203232,174720,3,28512
203236,189284,15,13952
203282,174769,3,28513
203286,202165,48,1121
203334,194833,78,8501
203412,203277,6,135
203418,196466,13,6952
203450,203367,44,83
203514,183712,31,19802
203545,176090,64,27455
203609,199789,31,3820
203642,193866,29,9776
203674,203606,32,68
203714,190832,9,12882
203758,203566,12,192
203770,203738,32,32
203802,203349,63,453
203866,203834,31,32
203898,203348,63,550
204027,195489,32,8538
204059,203711,3,348
204062,203706,4,356
204067,203901,60,166
204127,191999,7,12128
204134,190695,12,13439
204149,138933,40,65216
204209,146658,29,57551
204241,192113,46,12128
204287,188927,8,15360
204295,162693,11,41602
204306,188946,128,15360
204436,201698,3,2738
204443,159233,3,45210
204448,189193,3,15255
204468,188148,3,16320
204471,176991,3,27480
204494,189207,3,15287
204497,188081,33,16416
204536,204491,3,45
204545,188022,3,16523
204551,175767,3,28784
204559,204556,3,3
204572,189224,3,15348
204579,189187,3,15392
204586,204533,3,53
204595,204242,44,353
204643,204292,3,351
204647,161576,12,43071
204682,194336,3,10346
204689,193770,94,10919
204784,147807,32,56977
204817,204803,12,14
204848,173810,31,31038
204882,199250,52,5632
204935,179399,53,25536
204988,154388,46,50600
205034,159725,6,45309
205041,204706,46,335
205091,187876,5,17215
205096,163081,10,42015
205109,204149,21,960
205138,197781,2,7357
205145,162961,56,42184
205201,205131,8,70
205209,175577,38,29632
205247,193343,53,11904
205300,195312,20,9988
205320,192232,256,13088
205576,192488,44,13088
205620,195352,20,10268
205640,193416,256,12224
205896,193672,224,12224
206122,193898,160,12224
206321,204987,2,1334
206346,144202,256,62144
206602,144458,63,62144
206666,206122,160,544
206890,165354,256,41536
207146,165610,62,41536
207210,206666,160,544
207386,202856,2,4530
207434,181514,87,25920
207521,181697,10,25824
207551,181631,76,25920
207647,207551,76,96
207743,207647,63,96
207806,165982,14,41824
207821,177910,219,29911
208042,207210,160,832
208233,208200,1,33
208266,194122,85,14144
208351,208137,32,214
208384,166812,80,41572
208484,200026,20,8458
208524,202921,20,5603
208604,204829,20,3775
208624,167052,20,41572
208644,167252,20,41392
208664,205300,20,3364
208684,205620,20,3064
208704,194603,20,14101
208724,194219,20,14505
208744,194699,20,14045
208764,146432,20,62332
208784,146392,40,62392
208824,194797,20,14027
208844,208330,52,514
208928,195552,31,13376
208960,202105,62,6855
209022,147294,33,61728
209055,147359,32,61696
209088,203290,62,5798
209151,202877,32,6274
209184,151922,31,57262
209216,209184,31,32
209247,146847,63,62400
209312,209280,30,32
209343,167999,32,41344
209376,155993,31,53383
209408,183776,31,25632
209440,147008,31,62432
209471,183807,32,25664
209503,183296,32,26207
209536,167713,61,41823
209597,209118,2,479
209600,197018,31,12582
209632,183904,63,25728
209696,196192,31,13504
209728,196224,31,13504
209760,196256,31,13504
209792,184032,62,25760
209856,201658,31,8198
209887,184159,32,25728
209920,196384,62,13536
209983,183007,32,26976
210015,168479,32,41536
210048,195680,31,14368
210080,210048,30,32
210112,210080,31,32
210143,167775,32,42368
210189,190710,130,19479
210357,181938,2,28419
210384,190905,31,19479
210416,209554,13,862
210448,190969,140,19479
210588,210428,46,160
210634,191155,130,19479
210768,202412,13,8356
210800,191321,108,19479
210928,208075,31,2853
210960,191481,172,19479
211132,210588,46,544
211178,191699,38,19479
211231,211214,1,17
211280,207434,78,3846
211358,174718,12,36640
211373,211368,4,5
211382,174742,207,36640
211609,174969,256,36640
211865,175225,256,36640
212121,175481,133,36640
212254,204126,8,8128
212262,199302,3,12960
212268,212263,5,5
212277,161428,40,50849
212338,212337,31,1
212369,204241,46,8128
212416,204288,3,8128
212420,211364,6,1056
212426,199462,3,12964
212429,199460,6,12969
212468,186383,3,26085
212475,200230,25,12245
212507,179592,13,32915
212525,186574,2,25951
212539,211801,44,738
212583,199706,44,12877
212635,212603,56,32
212691,150539,20,62152
212711,212551,32,160
212744,195788,19,16956
212763,212635,25,128
212795,212185,67,610
212863,189951,3,22912
212867,189955,4,22912
212871,160135,3,52736
212874,204137,10,8737
212886,189302,23,23584
212910,189998,35,22912
212947,204338,63,8609
213010,201880,64,11130
213075,210865,31,2210
213107,189491,32,23616
213143,213082,24,61
213175,213113,25,62
213207,190231,87,22976
213294,213262,21,32
213315,199674,83,13641
213398,189494,45,23904
213443,213315,83,128
213527,213239,56,288
213591,203519,26,10072
213623,189719,121,23904
213744,185281,3,28463
213751,213732,12,19
213783,174647,72,39136
213855,173695,8,40160
213863,188231,3,25632
213866,203242,10,10624
213878,173718,86,40160
213971,188346,31,25625
214003,177331,151,36672
214154,209341,2,4813
214163,174003,256,40160
214419,174259,256,40160
214675,174515,76,40160
214771,174611,107,40160
214878,204286,9,10592
214887,187653,3,27234
214890,161417,9,53473
214899,204307,127,10592
215026,201706,3,13320
215031,159266,3,55765
215035,175860,3,39175
215039,175872,3,39167
215045,201716,3,13329
215051,177019,3,38032
215054,175790,3,39264
215075,188076,3,26999
215081,215069,3,12
215090,214994,32,96
215127,179337,3,35790
215135,179288,4,35847
215139,189195,3,25944
215147,215054,3,93
215154,179326,3,35828
215167,204590,3,10577
215172,175772,3,39400
215175,204573,3,10602
215180,204469,3,10711
215187,200083,51,15104
215239,214888,10,351
215249,191889,109,23360
215358,161086,9,54272
215367,204646,12,10721
215383,161468,20,53915
215409,205137,3,10272
215417,215335,24,82
215449,214579,44,870
215493,167152,20,48341
215513,199790,31,15723
215545,214163,44,1382
215589,213475,32,2114
215621,214431,20,1190
215641,205209,38,10432
215679,215359,8,320
215688,215368,11,320
215702,161110,22,54592
215731,163124,37,52607
215769,213188,13,2581
215801,214962,57,839
215863,209987,28,5876
215896,197312,33,18584
215929,215781,32,148
215961,215641,46,320
216008,215688,12,320
216020,161108,24,54912
216049,161137,52,54912
216121,215801,57,320
216183,209251,28,6932
216216,215896,33,320
216249,216101,32,148
216282,215321,37,961
216322,200259,4,16063
216326,216007,12,319
216341,205109,21,11232
216368,216086,3,282
216371,205140,61,11231
216432,201559,2,14873
216434,216364,6,70
216441,187417,44,29024
216486,162694,88,53792
216574,212862,9,3712
216583,175623,3,40960
216586,216488,9,98
216598,178454,21,38144
216619,212907,4,3712
216623,199494,67,17129
216690,182975,63,33715
216753,201943,33,14810
216787,213075,63,3712
216855,216820,30,35
216887,216861,24,26
216919,216860,25,59
216951,216550,25,401
216983,199790,56,17193
217039,217038,35,1
217079,216855,56,224
217135,217134,68,1
217203,217011,63,192
217266,199977,30,17289
217303,214707,13,2596
217316,182625,19,34691
217335,217144,60,191
217399,161811,56,55588
217463,217303,60,160
217524,204884,50,12640
217574,162597,12,54977
217588,204948,40,12640
217628,199470,20,18158
217648,211104,29,6544
217681,217348,46,333
217731,217571,3,160
217735,216486,12,1249
217776,217726,2,50
217782,203096,45,14686
217827,214783,51,3044
217888,217500,62,388
217950,214878,9,3072
217959,175975,3,41984
217962,204298,136,13664
218121,159279,3,58842
218124,159277,4,58847
218132,177003,3,41129
218137,218099,3,38
218152,215049,3,3103
218162,204498,33,13664
218200,188117,3,30083
218204,188143,3,30061
218208,215070,4,3138
218212,204583,3,13629
218216,179302,3,38914
218219,215034,3,3185
218223,201700,3,16523
218229,204450,3,13779
218233,188156,3,30077
218238,188159,3,30079
218249,179295,3,38954
218258,175922,45,42336
218303,217951,8,352
218312,217960,138,352
218451,201704,3,16747
218460,188172,3,30288
218464,215050,3,3414
218467,159360,3,59107
218470,218208,3,262
218473,189213,3,29260
218479,215045,3,3434
218489,215159,3,3330
218502,204477,3,14025
218511,204439,3,14072
218514,204402,33,14112
218547,179292,3,39255
218550,179313,3,39237
218554,204480,3,14074
218565,218209,3,356
218579,177129,3,41450
218591,215059,3,3532
218598,188043,3,30555
218601,188170,3,30431
218610,218258,45,352
218656,218304,3,352
218660,218308,3,352
218664,204647,12,14017
218678,199469,23,19209
218701,160337,114,58364
218815,167092,20,51723
218835,217175,31,1660
218867,195970,29,22897
218899,160847,26,58052
218931,214803,84,4128
219015,213863,3,5152
219021,219016,4,5
219026,218322,128,704
219154,215134,3,4020
219157,204567,3,14590
219168,204555,3,14613
219174,189189,3,29985
219178,176993,4,42185
219182,159251,3,59931
219188,188078,3,31110
219198,189221,3,29977
219208,159254,3,59954
219212,218230,3,982
219218,175826,33,43392
219251,175884,3,43367
219261,188040,3,31221
219264,161987,3,57277
219276,219159,3,117
219280,189188,3,30092
219289,188071,3,31218
219296,177030,3,42266
219301,218154,3,1147
219308,189225,3,30083
219311,176732,3,42579
219315,187411,50,31904
219366,205095,11,14271
219377,216497,77,2880
219454,219006,9,448
219464,219366,10,98
219474,219026,128,448
219603,204586,3,15017
219606,175764,3,43842
219611,188024,4,31587
219615,177125,3,42490
219622,218583,3,1039
219627,215165,3,4462
219636,218121,3,1515
219640,177102,3,42538
219646,159269,3,60377
219654,219261,3,393
219659,177037,3,42622
219663,179301,3,40362
219666,215090,33,4576
219699,175870,6,43829
219706,218214,3,1492
219712,218239,4,1473
219716,188174,3,31542
219724,204557,3,15167
219728,177036,4,42692
219735,188058,3,31677
219742,204487,3,15255
219748,219635,3,113
219762,218610,45,1152
219807,205567,53,14240
219860,208704,20,11156
219880,205320,256,14560
220136,205576,44,14560
220180,208744,20,11436
220200,205640,256,14560
220456,205896,225,14560
220682,208042,160,12640
220906,206346,85,14560
220991,220127,53,864
221044,208724,20,12320
221064,193416,256,27648
221320,193672,225,27648
221546,220682,160,864
221750,204782,2,16968
221770,206890,256,14880
222026,207146,63,14880
222090,221546,160,544
222314,208266,85,14048
222399,194303,52,28096
222451,208824,32,13627
222483,194387,206,28096
222689,207713,10,14976
222719,194719,68,28000
222788,222690,9,98
222817,194817,62,28000
222882,222788,9,94
222893,209629,2,13264
222911,166655,96,56256
223028,211589,20,11439
223068,212519,20,10549
223088,213763,20,9325
223108,214751,20,8357
223168,215493,20,7675
223188,215929,20,7259
223208,216249,20,6959
223268,217475,20,5793
223288,167072,20,56216
223368,218815,20,4553
223399,213425,2,9974
223448,219860,20,3588
223468,220180,20,3288
223488,207531,20,15957
223508,221044,20,2464
223528,207723,20,15805
223548,207627,20,15921
223568,222451,20,1117
223588,167452,20,56136
223608,222483,20,1125
223628,167432,20,56196
223648,222974,32,674
223712,210384,31,13328
223744,218932,62,4812
223807,223775,32,32
223840,223808,30,32
223872,167712,126,56160
224000,200224,31,23776
224032,196930,31,27102
224064,208866,31,15198
224096,224064,31,32
224128,195968,31,28160
224159,183871,32,40288
224192,196160,31,28032
224224,209792,62,14432
224287,222848,32,1439
224320,196352,31,27968
224352,222753,31,1599
224384,209952,31,14432
224416,224384,31,32
224448,209984,31,14464
224480,210016,31,14464
224511,195679,32,28832
224544,208992,31,15552
224576,209024,31,15552
224608,209056,31,15552
224640,224608,30,32
224672,167680,31,56992
224704,224672,30,32
224736,224704,30,32
224767,224287,31,480
224800,224768,31,32
224832,168543,32,56289
224866,186340,4,38526
224908,215403,7,9505
224918,172694,48,52224
224966,184262,3,40704
224972,196524,129,28448
225101,198385,32,26716
225133,198385,63,26748
225196,196748,72,28448
225269,196821,256,28448
225525,197077,5,28448
225537,197089,28,28448
225568,197120,28,28448
225601,197153,59,28448
225660,225596,30,64
225697,197249,96,28448
225805,225791,1,14
225813,172629,113,53184
225926,184870,3,41056
225929,224969,132,960
226061,198993,32,27068
226093,198993,63,27100
226156,225196,72,960
226229,225269,256,960
226485,225525,4,960
226497,209316,27,17181
226528,225892,27,636
226561,173377,58,53184
226619,226555,30,64
226657,225697,96,960
226773,197365,112,29408
226887,225927,6,960
226893,198701,127,28192
227021,198829,100,28192
227153,226721,32,432
227185,227121,63,64
227248,226801,29,447
227406,171086,88,56320
227500,226892,128,608
227629,227021,100,608
227761,227153,32,608
227793,227729,63,64
227856,227409,29,447
228003,227883,1,120
228014,227406,80,608
228094,228093,1,1
228099,185476,6,42623
228129,217609,19,10520
228168,212337,32,15831
228200,222919,55,5281
228255,224863,6,3392
228267,228262,5,5
228275,186199,21,42076
228303,227691,2,612
228310,208856,41,19454
228351,163071,3,65280
228355,163075,4,65280
228410,212121,63,16289
228474,221160,96,7314
228570,167936,31,60634
228606,219506,62,9100
228669,224605,2,4064
228702,213043,44,15659
228766,228734,12,32
228798,228524,76,274
228894,228862,44,32
228938,209681,14,19257
228956,222184,33,6772
228990,221930,95,7060
229102,229057,28,45
229150,229118,12,32
229182,229022,63,160
229246,209216,31,20030
229282,216627,62,12655
229345,229313,32,32
229377,213042,45,16335
229422,218751,32,10671
229474,228926,62,548
229536,226303,14,3233
229570,202745,62,26825
229632,226057,2,3575
229638,228994,91,644
229730,229685,44,45
229774,218751,50,11023
229830,229282,58,548
229893,209668,27,20225
229920,229500,18,420
229938,229774,32,164
229970,228906,32,1064
230022,229990,12,32
230054,228894,57,1160
230111,230110,5,1
230118,229699,44,419
230162,229454,45,708
230207,203891,19,26316
230226,230002,32,224
230258,201765,51,28493
230310,230054,32,256
230347,229671,71,676
230438,230406,12,32
230470,230375,31,95
230506,229474,63,1032
230569,226688,63,3881
230632,203864,33,26768
230666,230652,12,14
230698,214003,95,16695
230793,204684,36,26109
230830,230698,57,132
230893,223654,27,7239
230926,230666,60,260
230986,218863,3,12123
230990,221966,72,9024
231082,230374,126,708
231208,230728,33,480
231242,186038,59,45204
231306,230730,57,576
231368,230892,28,476
231402,230926,44,476
231466,231146,62,320
231530,230762,32,768
231562,230054,44,1508
231626,231594,12,32
231658,230054,62,1604
231722,230342,62,1380
231790,191417,13,40373
231822,231790,12,32
231854,212699,44,19155
231898,231802,32,96
231930,231670,45,260
231982,231950,26,32
232014,216659,62,15355
232077,189458,64,42619
232141,232140,32,1
232174,211777,26,20397
232201,209468,3,22733
232204,232006,2,198
232210,231834,20,376
232232,231834,21,398
232258,230537,33,1721
232292,231446,32,846
232324,232323,10,1
232338,221898,127,10440
232465,218954,45,13511
232510,177182,9,55328
232520,212424,11,20096
232535,212317,20,20218
232555,177227,4,55328
232559,199494,131,33065
232690,190162,33,42528
232727,232563,63,164
232791,232414,60,377
232855,195782,25,37073
232887,230958,30,1929
232919,232820,31,99
232951,218719,21,14232
232974,190437,100,42537
233074,213714,30,19360
233104,232832,20,272
233143,213783,72,19360
233219,232519,6,700
233229,188246,22,44983
233256,210906,3,22350
233259,213901,63,19358
233322,232718,4,604
233329,213971,31,19358
233361,188378,153,44983
233514,233251,7,263
233521,214163,108,19358
233629,188614,192,45015
233821,214271,51,19550
233872,233871,45,1
233917,214271,192,19646
234129,229698,64,4431
234193,228200,45,5993
234238,177182,11,57056
234249,232521,10,1728
234262,232534,256,1728
234518,232790,56,1728
234583,213719,26,20864
234615,232887,31,1728
234647,232919,32,1728
234679,234077,21,602
234700,232972,151,1728
234851,223048,20,11803
234871,214807,219,20064
235097,218508,3,16589
235102,188165,4,46937
235107,218587,3,16520
235111,179309,3,55802
235125,179336,4,55789
235129,175889,3,59240
235132,189191,3,45941
235144,188028,3,47116
235149,218249,3,16900
235153,218513,33,16640
235187,218237,4,16950
235193,218562,3,16631
235220,215180,3,20040
235223,218489,3,16734
235228,219185,3,16043
235233,204589,3,30644
235239,219273,3,15966
235242,219620,3,15622
235247,218547,3,16700
235250,218258,53,16992
235303,214887,140,20416
235443,219649,3,15794
235447,189204,3,46243
235451,218484,3,16967
235460,188047,3,47413
235465,188128,3,47337
235468,219749,3,15719
235471,177024,3,58447
235476,204446,4,31030
235481,219307,3,16174
235485,219737,3,15748
235490,204466,3,31024
235496,204460,3,31036
235502,218139,3,17363
235506,219122,33,16384
235554,215157,3,20397
235558,189219,3,46339
235561,189200,3,46361
235566,195300,3,40266
235574,218120,3,17454
235579,215178,3,20401
235582,204540,3,31042
235585,189177,3,46408
235588,204547,3,31041
235592,188146,3,47446
235603,234807,44,796
235649,177891,4,57758
235653,217959,3,17694
235656,235306,9,350
235665,222888,3,12777
235676,217410,2,18266
235696,192112,47,43584
235743,228351,3,7392
235747,228355,4,7392
235751,215687,3,20064
235754,215241,9,20513
235766,216022,21,19744
235795,216050,51,19745
235866,235378,56,488
235929,217853,26,18076
235961,226720,33,9241
235994,235846,32,148
236027,219323,42,16704
236070,216486,88,19584
236160,235744,3,416
236164,236066,3,98
236168,218664,12,17504
236182,189974,21,46208
236209,211408,3,24801
236212,176021,37,60191
236250,176059,226,60191
236476,231240,14,5236
236510,234549,26,1961
236536,236205,6,331
236542,229056,30,7486
236574,232414,96,4160
236670,235294,12,1376
236682,218314,136,18368
236818,235215,3,1603
236821,235466,3,1355
236827,219616,3,17211
236835,215046,3,21789
236839,177033,3,59806
236842,219654,3,17188
236845,219739,3,17106
236854,204538,3,32316
236860,215141,3,21719
236868,235589,4,1279
236875,188125,3,48750
236882,236786,32,96
236916,177022,3,59894
236919,219755,3,17164
236924,235575,3,1349
236932,219602,3,17330
236939,219757,3,17182
236946,179284,3,57662
236949,175765,3,61184
236957,189182,3,47775
236960,189218,3,47742
236966,236938,4,28
236970,219648,3,17322
236974,215038,3,21936
236978,235250,53,1728
237032,217960,139,19072
237171,188042,3,49129
237180,177039,3,60141
237184,236861,3,323
237188,219305,3,17883
237192,235598,3,1594
237197,218488,3,18709
237200,219630,3,17570
237203,219625,3,17578
237207,236914,3,293
237211,218504,4,18707
237216,236935,4,281
237223,204568,3,32655
237227,236851,3,376
237234,235154,33,2080
237272,235218,3,2054
237276,177130,3,60146
237280,236974,3,306
237283,219277,3,18006
237287,219632,3,17655
237297,235095,3,2202
237302,236950,3,352
237305,198551,3,38754
237308,177115,3,60193
237313,219734,3,17579
237316,177131,3,60185
237326,235574,3,1752
237329,218609,46,18720
237375,177887,8,59488
237383,235751,3,1632
237386,219018,8,18368
237394,177906,223,59488
237619,222090,160,15529
237843,178355,75,59488
237918,220990,54,16928
237972,223488,20,14484
237992,219880,256,18112
238248,220136,44,18112
238292,223548,20,14744
238312,192552,256,45760
238568,192808,225,45760
238794,237619,160,1175
239018,193258,138,45760
239156,223528,20,15628
239176,221064,256,18112
239432,221320,225,18112
239658,238794,160,864
239855,233967,2,5888
239882,194122,87,45760
239970,222882,9,17088
239999,207647,66,32352
240065,222881,10,17184
240095,239999,66,96
240162,240066,9,96
240191,207743,77,32448
240269,237398,220,2871
240490,239658,160,832
240714,207434,85,33280
240799,182271,33,58528
240832,235668,20,5164
240852,208384,80,32468
240972,231930,20,9042
240992,233123,20,7869
241012,234109,20,6903
241032,234851,20,6181
241092,186498,20,54594
241112,235994,20,5118
241139,225529,2,15610
241152,236490,20,4662
241232,237972,20,3260
241252,238292,20,2960
241272,222891,20,18381
241292,239156,20,2136
241312,222699,20,18613
241332,182784,60,58548
241392,222797,20,18595
241412,182884,154,58528
241568,240716,31,852
241600,241568,30,32
241664,208928,31,32736
241696,237844,62,3852
241760,203464,31,38296
241791,241696,31,95
241824,223649,32,18175
241856,241473,31,383
241887,200504,32,41383
241920,195776,31,46144
241952,209152,31,32800
241984,217848,31,24136
242016,224000,31,18016
242048,225629,31,16419
242079,225628,32,16451
242112,209376,31,32736
242144,209408,31,32736
242176,211482,31,30694
242208,209824,31,32384
242239,184095,32,58144
242271,234647,32,7624
242304,224352,62,17952
242368,242336,31,32
242400,236033,31,6367
242432,242400,31,32
242464,224480,62,17984
242528,210112,31,32416
242560,228225,31,14335
242592,224576,62,18016
242656,224608,31,18048
242688,224640,31,18048
242720,242688,30,32
242752,224704,31,18048
242784,237235,31,5549
242816,223776,62,19040
242880,234772,31,8108
242912,242880,31,32
242944,203675,32,39269
242979,224866,4,18113
242989,228303,2,14686
242991,242986,3,5
243027,236314,63,6713
243091,214531,29,28560
243123,241664,31,1459
243156,241460,43,1696
243203,242979,4,224
243209,242985,12,224
243223,242999,23,224
243251,243187,12,64
243283,236250,76,7033
243379,243315,32,64
243411,189907,44,53504
243455,199455,4,44000
243460,228099,6,15361
243469,189974,24,53495
243493,189326,36,54167
243530,189363,176,54167
243706,218719,83,24987
243789,213526,57,30263
243846,243652,5,194
243854,242501,26,1353
243886,213623,121,30263
244007,243879,19,128
244026,185985,48,58041
244074,240746,53,3328
244127,217567,7,26560
244148,212277,40,31871
244188,228375,20,15813
244208,243827,24,381
244240,199408,47,44832
244288,234240,3,10048
244292,244131,3,161
244301,244296,5,5
244310,234262,21,10048
244338,233256,3,11082
244343,234287,244,10056
244587,182664,20,61923
244607,233190,25,11417
244632,244333,7,299
244639,242146,29,2493
244671,234615,31,10056
244703,242271,32,2432
244735,243738,21,997
244758,200741,83,44017
244841,186079,50,58762
244892,237340,45,7552
244941,244936,4,5
244946,240265,224,4681
245171,240490,160,4681
245396,202105,75,43291
245473,210178,3,35295
245476,244942,3,534
245511,216368,4,29143
245519,229264,13,16255
245551,245266,32,285
245583,244074,47,1509
245631,236159,3,9472
245635,236163,4,9472
245640,245475,5,165
245645,245475,6,170
245655,192061,20,53594
245681,236209,3,9472
245690,244722,13,968
245722,213011,63,32711
245786,231854,44,13932
245830,244758,32,1072
245862,245702,32,160
245914,242117,26,3797
245940,245677,6,263
245946,245945,29,1
245978,245946,29,32
246010,245253,44,757
246074,245267,63,807
246137,241471,95,4666
246234,241856,63,4378
246297,233776,45,12521
246342,246341,45,1
246387,245939,36,448
246423,233966,34,12457
246457,229633,96,16824
246553,246552,64,1
246617,213074,32,33543
246654,246298,47,356
246702,245091,47,1611
246750,243946,32,2804
246782,246490,158,292
246946,246928,12,18
246978,245043,76,1935
247054,245702,51,1352
247106,222752,32,24354
247138,246666,22,472
247161,245830,22,1331
247184,246462,155,722
247339,246863,77,476
247416,244698,2,2718
247422,245818,44,1604
247488,245980,74,1508
247562,246798,143,764
247706,246650,16,1056
247722,244758,35,2964
247757,246701,239,1056
247996,247416,2,580
248002,247710,44,292
248046,245894,45,2152
248091,211441,63,36650
248155,245435,42,2720
248200,245480,26,2720
248231,245511,20,2720
248271,245551,79,2720
248360,186356,3,62004
248393,233256,4,15137
248402,233425,63,14977
248465,197708,32,50757
248497,244378,45,4119
248542,247138,20,1404
248562,245798,20,2764
248582,211821,37,36761
248619,210697,67,37922
248686,229694,67,18992
248753,244442,32,4311
248787,209715,12,39072
248818,248402,94,416
248912,248720,18,192
248931,228185,15,20746
248947,242183,24,6764
248971,248388,7,583
248978,245202,95,3776
249074,247074,63,2000
249138,248096,16,1042
249154,248938,8,216
249168,239334,78,9834
249252,215364,5,33888
249261,249256,4,5
249271,229130,20,20141
249298,248393,3,905
249301,229276,222,20025
249523,249292,8,231
249531,229506,256,20025
249787,229762,156,20025
249943,249523,20,420
249963,249799,32,164
250015,229990,76,20025
250091,249995,32,96
250123,230098,224,20025
250347,250091,20,256
250367,229093,9,21274
250380,230355,175,20025
250555,249523,39,1032
250594,230569,256,20025
250850,230825,61,20025
250917,249917,27,1000
250951,230926,61,20025
251015,230990,256,20025
251271,231246,148,20025
251427,231402,172,20025
251599,250091,32,1508
251631,231606,64,20025
251695,250091,50,1604
251747,250367,62,1380
251809,231784,146,20025
251955,251695,44,260
252007,251975,25,32
252039,232014,256,20025
252295,232270,148,20025
252444,212220,42,40224
252487,249256,11,3231
252499,234076,2,18423
252501,204149,40,48352
252541,216388,46,36153
252593,204241,54,48352
252648,252487,10,161
252658,219026,129,33632
252790,201702,3,51088
252799,235547,3,17252
252804,204493,3,48311
252814,189180,3,63634
252817,218108,3,34709
252820,219728,3,33092
252825,236915,3,15910
252829,218253,4,34576
252837,237212,3,15625
252844,219310,3,33534
252850,235410,33,17440
252892,204475,3,48417
252895,215125,3,37770
252899,219604,3,33295
252903,188116,4,64787
252908,235554,3,17354
252921,218548,3,34373
252925,236877,3,16048
252928,235189,3,17739
252936,218580,3,34356
252941,218454,3,34487
252944,215184,46,37760
252990,234238,9,18752
253000,252487,11,513
253014,232534,256,20480
253270,232790,61,20480
253335,253177,25,158
253366,227596,31,25770
253399,232919,53,20480
253452,190435,102,63017
253554,234802,49,18752
253623,245399,72,8224
253695,235647,6,18048
253702,252648,11,1054
253713,240168,3,13545
253746,188486,46,65260
253792,236064,5,17728
253798,253000,11,798
253809,236081,78,17728
253888,252640,3,1248
253892,253794,3,98
253896,249256,12,4640
253910,218678,21,35232
253938,249298,3,4640
253941,218701,18,35240
253959,236394,83,17565
254042,218802,64,35240
254107,253082,25,1025
254132,253933,7,199
254139,224130,29,30009
254171,252411,68,1760
254239,244127,7,10112
254252,254247,4,5
254257,204945,43,49312
254320,251237,30,3083
254352,244240,47,10112
254400,252992,3,1408
254404,216482,6,37922
254410,254249,8,161
254422,243469,21,10953
254450,236209,4,18241
254455,243494,35,10961
254491,236250,126,18241
254617,190193,82,64424
254719,254374,25,345
254744,254445,7,299
254751,209282,29,45469
254783,190359,32,64424
254815,253959,21,856
254838,253991,22,847
254881,252385,94,2496
254975,254239,7,736
254982,217734,3,37248
254985,254249,9,736
254996,254260,40,736
255036,204189,49,50847
255088,215312,47,39776
255135,252639,8,2496
255144,254983,11,161
255155,252659,127,2496
255302,236953,3,18349
255307,237174,3,18133
255311,237282,3,18029
255318,204437,3,50881
255321,236822,3,18499
255324,237300,3,18024
255329,236932,4,18397
255336,236962,3,18374
255340,219744,4,35596
255345,204497,33,50848
255385,235138,3,20247
255388,235148,3,20240
255391,255292,3,99
255394,219303,3,36091
255398,219731,3,35667
255410,219269,3,36141
255437,255321,3,116
255441,218257,46,37184
255487,218655,8,36832
255502,255497,3,5
255507,255154,128,353
255635,219289,3,36346
255639,219610,3,36029
255642,255400,3,242
255648,252821,3,2827
255655,252900,3,2755
255660,252790,3,2870
255665,237295,3,18370
255671,219291,3,36380
255674,235457,3,20217
255678,218199,3,37479
255681,255286,3,395
255687,219166,3,36521
255699,237234,33,18465
255732,235207,3,20525
255735,218235,3,37500
255741,218559,3,37182
255746,218215,3,37531
255751,204495,3,51256
255765,237322,3,18443
255772,215175,5,40597
255780,218210,3,37570
255783,255652,3,131
255786,236963,3,18823
255795,234899,52,20896
255848,255497,138,351
255996,255774,3,222
255999,236829,3,19170
256002,235564,3,20438
256009,237317,3,18692
256012,219171,4,36841
256019,255740,3,279
256026,218098,3,37928
256031,236855,3,19176
256034,252813,3,3221
256038,235204,3,20834
256043,215135,3,40908
256049,235153,33,20896
256083,204544,3,51539
256088,255672,3,416
256091,256015,3,76
256096,218233,3,37863
256100,237327,3,18773
256116,252903,3,3213
256120,235220,3,20900
256125,255645,3,480
256129,235124,3,21005
256133,255407,3,726
256137,219643,3,36494
256140,236859,3,19281
256147,255090,44,1057
256195,255844,3,351
256204,256199,4,5
256213,252501,23,3712
256241,243027,76,13214
256317,252541,20,3776
256337,192113,99,64224
256438,208233,2,48205
256455,238311,248,18144
256703,256383,53,320
256776,239176,256,17600
257032,239432,224,17600
257258,245171,160,12087
257457,254974,2,2483
257482,220906,138,36576
257638,251890,2,5748
257640,220200,256,37440
257896,220456,225,37440
258122,257258,160,864
258346,221770,256,36576
258602,222026,62,36576
258666,258122,160,544
258890,222314,137,36576
259047,194375,228,64672
259295,222719,68,36576
259364,259266,9,98
259393,222817,64,36576
259457,240161,10,19296
259487,222911,96,36576
259624,244026,20,15598
259644,240972,20,18672
259664,244587,20,15077
259704,245531,20,14173
259724,248046,20,11678
259744,248251,20,11493
259784,251955,20,7829
259844,253603,20,6241
259892,259581,1,311
259904,254055,20,5849
259924,208504,20,51420
259944,254699,20,5245
259964,208564,20,51400
260044,208644,20,51400
260064,256436,20,3628
260084,256756,20,3328
260124,257620,20,2504
260184,259027,20,1157
260204,223588,92,36616
260296,234827,25,25469
260352,243123,31,17229
260384,208960,63,51424
260447,224543,63,35904
260512,260384,31,128
260544,248320,31,12224
260576,242016,31,18560
260607,209183,32,51424
260639,224095,32,36544
260672,260640,30,32
260704,209312,31,51392
260735,209407,32,51328
260768,209440,31,51328
260800,209440,62,51360
260864,223873,31,36991
260896,260864,30,32
260928,196032,62,64896
260992,209760,31,51232
261024,242240,62,18784
261088,253400,31,7688
261120,259425,31,1695
261151,196383,32,64768
261184,242400,62,18784
261248,261216,31,32
261279,224479,63,36800
261344,241952,31,19392
261380,259495,3,1885
261389,261384,5,5
261394,248361,3,13033
261399,228148,20,33251
261427,256241,44,5186
261491,202681,94,58810
261587,259080,31,2507
261618,250142,32,11476
261651,256241,63,5410
261715,261702,12,13
261745,261726,1,19
261747,253979,44,7768
261811,254075,31,7736
261843,222976,32,38867
261875,250723,95,11152
261970,261906,64,64
262039,253079,59,8960
262099,261459,44,640
262163,261715,76,448
262239,231918,13,30321
262259,258506,95,3753
262355,260655,16,1700
262371,262357,13,14
262387,262163,88,224
262475,249395,39,13080
262514,202744,63,59770
262578,228587,14,33991
262592,261792,43,800
262635,262251,37,384
262675,259520,63,3155
262738,261938,45,800
262783,261471,51,1312
262835,262227,127,608
262962,262803,32,159
263026,201564,3,61462
263029,263003,3,26
263036,236820,3,26216
263042,235578,3,27464
263045,236871,3,26174
263048,263015,9,33
263060,263026,10,34
263071,236838,3,26233
263075,235478,3,27597
263078,263048,3,30
263089,263063,3,26
263092,263078,3,14
263126,263062,5,64
263131,263092,3,39
263137,229086,3,34051
263142,263002,4,140
263162,218571,3,44591
263414,263196,3,218
263493,253637,58,9856
263551,252479,7,11072
263564,263559,4,5
263594,255017,3,8577
263601,199344,57,64257
263658,243404,50,20254
263708,252068,3,11640
263711,235743,3,27968
263715,235747,4,27968
263720,248195,5,15525
263725,248195,6,15530
263734,248365,21,15369
263766,248398,66,15368
263832,258601,33,5231
263866,252039,44,11827
263910,262431,32,1479
263962,262847,13,1115
263994,248562,63,15432
264058,247226,159,16832
264217,253106,64,11111
264282,263962,32,320
264314,249042,63,15272
264377,201976,62,62401
264443,249139,23,15304
264466,264465,3,1
264475,253307,25,11168
264500,263757,6,743
264506,258569,44,5937
264550,264294,83,256
264633,248881,33,15752
264668,264635,31,33
264700,248916,30,15784
264730,232442,69,32288
264799,213855,3,50944
264803,213859,4,50944
264808,263720,12,1088
264829,210357,2,54472
264836,263377,3,1459
264843,253035,3,11808
264851,264769,30,82
264883,203482,62,61401
264945,202743,33,62202
264978,216754,63,48224
265041,259109,30,5932
265075,265043,31,32
265107,265075,31,32
265139,265107,31,32
265171,265139,31,32
265203,259079,61,6124
265264,264880,15,384
265279,265247,145,32
265424,258823,3,6601
265491,245395,75,20096
265571,234247,3,31324
265574,248197,5,17377
265581,233229,30,32352
265613,233261,59,32352
265680,215512,31,50168
265713,233361,191,32352
265904,265744,45,160
265949,233629,192,32320
266141,234109,129,32032
266271,261375,3,4896
266275,261379,4,4896
266279,233219,3,33060
266282,264810,9,1472
266294,263734,21,2560
266315,225957,3,40358
266318,248397,145,17921
266463,263910,20,2553
266483,248562,92,17921
266579,248658,128,17921
266707,264282,95,2425
266802,248881,34,17921
266836,264699,31,2137
266869,264700,62,2169
266931,249010,128,17921
267060,264443,24,2617
267091,218931,75,48160
267166,252478,112,14688
267281,253745,52,13536
267334,254408,11,12926
267345,253809,77,13536
267422,267326,7,96
267429,254982,11,12447
267440,267344,78,96
267520,264800,3,2720
267524,267426,3,98
267528,255848,10,11680
267570,253036,134,14534
267704,202776,32,64928
267741,213431,94,54310
267837,228171,29,39666
267869,267837,30,32
267901,250531,29,17370
267933,261316,27,6617
267960,267565,5,395
267965,267901,25,64
267997,261252,27,6745
268029,213751,60,54278
268089,254487,3,13602
268093,244799,127,23294
268220,255836,11,12384
268232,255848,138,12384
268373,255430,3,12943
268382,218195,3,50187
268385,255995,3,12390
268392,252928,3,15464
268400,215173,4,53227
268407,236941,3,31466
268411,255639,3,12772
268416,256105,3,12311
268419,235147,3,33272
268429,256100,4,12329
268433,237233,33,31200
268470,219284,3,49186
268473,237324,3,31149
268476,256141,3,12335
268485,237321,3,31164
268488,236960,3,31528
268491,204530,3,63961
268497,252919,3,15578
268501,235117,3,33384
268504,215164,3,53340
268507,215124,3,53383
268510,237197,3,31313
268513,252906,3,15607
268523,215076,3,53447
268530,235250,56,33280
268586,268234,136,352
268724,215074,3,53650
268729,268389,3,340
268732,235461,3,33271
268735,268482,3,253
268738,235444,3,33294
268747,252789,3,15958
268751,215042,3,53709
268754,237297,3,31457
268757,236868,3,31889
268765,219629,4,49136
268770,252927,3,15843
268774,252898,3,15876
268782,215139,3,53643
268785,252849,33,15936
268818,218493,3,50325
268824,235483,4,33341
268835,256006,3,12829
268838,235226,3,33612
268841,252917,3,15924
268845,236947,3,31898
268862,255383,4,13479
268866,219708,3,49158
268869,263043,4,5826
268873,268743,3,130
268878,268730,3,148
268883,226575,44,42308
268927,252991,3,15936
268931,234243,6,34688
268937,267529,10,1408
268971,225957,4,43014
268979,263898,44,5081
269023,266495,48,2528
269075,269046,25,29
269107,262451,126,6656
269233,266062,32,3171
269267,264379,60,4888
269327,261839,3,7488
269331,269203,44,128
269395,269331,44,64
269459,267609,44,1850
269503,269439,32,64
269535,268951,20,584
269555,265713,108,3842
269663,243706,64,25957
269747,268626,63,1121
269810,212184,71,57626
269881,269485,6,396
269888,267520,3,2368
269892,237380,6,32512
269898,268938,9,960
269910,265581,22,4329
269937,265608,64,4329
270010,265681,31,4329
270042,265713,153,4329
270195,269932,7,263
270202,265873,256,4329
270458,266129,12,4329
270470,234851,48,35619
270518,266189,36,4329
270554,264762,37,5792
270591,216575,3,54016
270595,216579,4,54016
270599,268935,3,1664
270605,270600,4,5
270614,212886,23,57728
270638,212910,35,57728
270675,243530,127,27145
270802,253170,33,17632
270835,254619,80,16216
270915,270719,48,196
270967,270938,25,29
270999,254783,32,16216
271051,267834,3,3217
271054,267753,22,3301
271077,253454,100,17623
271177,253545,39,17632
271216,270992,19,224
271235,212519,32,58716
271267,267107,60,4160
271327,267423,6,3904
271339,271334,4,5
271344,253808,79,17536
271423,257567,53,13856
271476,260144,20,11332
271496,256456,256,15040
271752,256712,44,15040
271796,260104,20,11692
271816,271496,256,320
272072,271752,44,320
272116,260164,20,11952
272136,239176,256,32960
272392,239432,225,32960
272618,258666,160,13952
272842,258346,256,14496
273098,258602,62,14496
273162,272618,160,544
273386,240714,85,32672
273471,239967,12,33504
273503,240095,76,33408
273599,240191,256,33408
273855,240447,42,33408
273898,273162,160,736
274122,273386,87,736
274210,273570,9,640
274239,259487,95,14752
274336,262591,20,11745
274416,266141,20,8275
274516,268041,20,6475
274595,241031,21,33564
274616,271235,20,3381
274656,271476,20,3180
274676,271796,20,2880
274696,272116,20,2580
274716,259275,20,15441
274736,259467,20,15269
274756,241372,20,33384
274776,241352,20,33424
274796,259373,20,15423
274816,241332,20,33484
274836,246343,45,28493
274911,241663,32,33248
274944,270523,62,4421
275007,209887,32,65120
275039,274944,31,95
275072,275039,31,33
275104,268122,31,6982
275136,241888,62,33248
275200,241920,62,33280
275264,261344,31,13920
275296,241984,62,33312
275359,223999,32,51360
275392,242016,62,33376
275456,275424,31,32
275488,224032,63,51456
275551,229054,32,46497
275584,224128,62,51456
275648,260704,31,14944
275679,242111,32,33568
275711,260512,32,15199
275744,260800,31,14944
275776,260832,62,14944
275840,242176,31,33664
275872,242176,62,33696
275936,275904,30,32
275968,260896,31,15072
276000,275968,31,32
276032,260928,62,15104
276096,260960,31,15136
276127,275711,31,416
276160,260992,31,15168
276191,260991,32,15200
276223,242207,32,34016
276256,261056,31,15200
276288,276256,31,32
276320,224832,39,51488
276360,224872,16,51488
276396,224908,50,51488
276446,228094,4,48352
276451,228099,7,48352
276460,254260,60,22200
276520,228168,87,48352
276610,244932,6,31678
276619,276614,4,5
276629,271077,20,5552
276656,243213,2,33443
276658,249659,4,26999
276663,245431,46,31232
276712,248200,26,28512
276743,248231,20,28512
276783,248271,79,28512
276867,267174,3,9693
276872,274214,2,2658
276876,268597,125,8279
277001,237205,3,39796
277006,256005,3,21001
277010,268376,3,8634
277013,263041,3,13972
277017,237213,5,39804
277025,268851,3,8174
277028,218556,3,58472
277031,237218,4,39813
277035,268384,3,8651
277038,218248,3,58790
277043,219714,3,57329
277046,236968,3,40078
277053,277001,3,52
277059,235209,3,41850
277064,236881,33,40183
277097,252882,3,24215
277102,255291,3,21811
277105,268749,3,8356
277108,235230,3,41878
277111,235136,3,41975
277114,218577,4,58537
277118,277030,3,88
277121,277046,3,75
277125,252844,4,24281
277130,218146,3,58984
277134,235446,3,41688
277137,218231,3,58906
277142,256042,3,21100
277145,256039,3,21106
277148,218495,3,58653
277154,255310,3,21844
277161,276552,53,609
277219,252999,3,24220
277222,248358,4,28864
277229,235766,22,41463
277259,235796,50,41463
277329,276937,56,392
277393,277361,25,32
277425,235962,32,41463
277457,277309,32,148
277489,277161,45,328
277534,268574,9,8960
277544,255144,138,22400
277683,219614,3,58069
277688,277031,3,657
277692,255749,3,21943
277697,255408,3,22289
277702,255751,3,21951
277706,252792,3,24914
277710,268776,3,8934
277716,252918,3,24798
277720,219286,3,58434
277723,255380,3,22343
277729,256009,3,21720
277733,219304,3,58429
277736,237229,3,40507
277739,236825,3,40914
277742,252811,3,24931
277746,268338,33,9408
277780,277114,3,666
277784,235479,3,42305
277790,219281,3,58509
277800,255987,3,21813
277810,268466,3,9344
277814,215130,3,62684
277821,218207,3,59614
277825,235556,3,42269
277832,277060,3,772
277837,268723,3,9114
277842,215186,52,62656
277894,216326,3,61568
277897,267432,10,10465
277907,215251,107,62656
278014,267166,8,10848
278023,277895,11,128
278037,267189,24,10848
278061,216372,16,61689
278077,255036,98,23041
278175,271327,6,6848
278182,267334,95,10848
278277,236069,3,42208
278280,278184,86,96
278366,215998,12,62368
278378,278280,9,98
278390,216022,22,62368
278418,235795,51,42623
278489,277618,57,871
278552,270908,27,7644
278584,235961,33,42623
278617,278469,32,148
278649,268185,38,10464
278687,244927,8,33760
278696,278376,11,320
278707,237395,223,41312
278931,273898,160,5033
279155,237843,75,41312
279230,254974,8,24256
279238,255143,12,24095
279252,276460,40,2792
279312,279201,30,111
279345,244081,53,35264
279399,279239,11,160
279413,262399,20,17014
279433,279273,19,160
279452,254423,20,25029
279472,278555,24,917
279505,226573,46,52932
279551,245631,3,33920
279555,245635,4,33920
279560,269896,11,9664
279574,269910,22,9664
279603,233258,67,46345
279674,270010,31,9664
279706,270042,153,9664
279859,279596,7,263
279866,233521,256,46345
280122,233777,256,46345
280378,234033,76,46345
280474,270490,100,9984
280574,255838,148,24736
280724,277018,3,3706
280727,252886,3,27841
280732,235239,3,45493
280738,252909,3,27829
280742,219656,3,61086
280746,255329,4,25417
280750,280730,4,20
280754,219258,3,61496
280759,235486,3,45273
280763,218498,3,62265
280768,252891,3,27877
280774,277102,4,3672
280778,268519,3,12259
280781,235582,3,45199
280785,219217,33,61568
280819,252805,3,28014
280822,235137,3,45685
280831,237296,3,43535
280834,268747,3,12087
280837,277682,3,3155
280842,218454,4,62388
280848,235199,3,45649
280852,219724,4,61128
280856,255332,3,25524
280862,235470,3,45392
280865,252904,3,27961
280873,218158,3,62715
280882,268530,53,12352
280935,270604,3,10331
280938,280586,136,352
281075,268842,3,12233
281082,277016,3,4066
281085,219730,3,61355
281093,219292,3,61801
281096,218585,3,62511
281100,268758,3,12342
281104,255402,3,25702
281108,277033,3,4075
281112,236862,3,44250
281117,268764,3,12353
281120,268406,3,12714
281123,268819,3,12304
281128,277032,4,4096
281133,219299,3,61834
281137,277064,33,4073
281170,277779,3,3391
281173,256085,3,25088
281179,263075,3,18104
281182,263082,3,18100
281186,268868,3,12318
281189,235123,3,46066
281192,256102,3,25090
281195,255785,4,25410
281199,219282,3,61917
281207,235189,4,46018
281214,255764,3,25450
281217,235472,3,45745
281220,277691,4,3529
281226,219621,3,61605
281233,236977,46,44256
281279,278367,11,2912
281290,279562,9,1728
281299,278387,25,2912
281329,235794,52,45535
281401,281010,57,391
281458,246387,32,35071
281495,235960,34,45535
281529,281381,32,148
281561,278649,38,2912
281599,281279,8,320
281607,268935,12,12672
281622,281302,22,320
281649,278417,52,3232
281721,281401,57,320
281784,281726,26,58
281816,281496,33,320
281849,281701,32,148
281882,279354,44,2528
281927,280936,11,991
281938,217586,42,64352
282000,263636,30,18364
282032,279344,54,2688
282086,281287,3,799
282089,270602,8,11487
282100,244148,40,37952
282140,279575,20,2565
282160,276520,32,5640
282192,282032,54,160
282246,270599,11,11647
282260,282100,60,160
282320,275654,25,6666
282353,282193,46,160
282402,269892,6,12510
282410,282251,3,159
282419,276628,21,5791
282446,276656,47,5790
282493,278269,8,4224
282502,282406,10,96
282512,219376,87,63136
282600,282406,11,194
282611,234963,128,47648
282742,268756,3,13986
282745,281096,3,1649
282748,255784,3,26964
282751,282744,3,7
282758,255391,3,27367
282761,281112,3,1649
282768,277739,3,5029
282771,218229,3,64542
282776,255646,3,27130
282783,277720,3,5063
282786,219257,4,63529
282790,256044,3,26746
282793,268753,3,14040
282796,252800,3,29996
282799,277138,3,5661
282802,277650,33,5152
282835,219706,3,63129
282841,237191,3,45650
282845,281098,3,1747
282848,255413,3,27435
282851,256014,3,26837
282856,281132,3,1724
282859,268520,3,14339
282864,255405,3,27459
282868,277007,3,5861
282872,218159,3,64713
282878,280779,3,2099
282885,237288,3,45597
282888,268413,4,14475
282895,255335,3,27560
282899,282195,51,704
282950,267429,3,15521
282953,282602,9,351
282985,282281,19,704
283004,270615,20,12389
283024,282160,79,864
283103,282495,6,608
283110,271334,88,11776
283198,258974,53,24224
283251,274796,20,8455
283271,259047,215,24224
283486,272062,54,11424
283540,274736,20,8804
283560,257640,256,25920
283816,257896,225,25920
284042,278931,160,5111
284216,225563,2,58653
284266,239018,138,45248
284404,274716,20,9688
284424,283560,256,864
284680,283816,224,864
284906,284042,160,864
285075,243280,3,41795
285130,258890,85,26240
285215,259359,4,25856
285220,274210,9,11010
285249,259393,61,25856
285310,257022,235,28288
285546,284906,160,640
285770,274122,87,11648
285857,240065,10,45792
285875,235566,3,50309
285887,239999,76,45888
285967,276029,2,9938
285983,285887,76,96
286078,274238,96,11840
286176,240832,20,45344
286196,259624,20,26572
286236,276763,20,9473
286276,277457,20,8819
286336,259964,20,26372
286396,278617,20,7779
286428,279701,2,6727
286476,280454,20,6022
286516,259884,20,26632
286536,281529,20,5007
286556,281849,20,4707
286616,223108,20,63508
286713,286712,3,1
286736,283251,20,3485
286756,283540,20,3216
286776,273579,20,13197
286796,284404,20,2392
286816,274219,20,12597
286836,283283,20,3553
286856,273483,20,13373
286935,266601,43,20334
287008,274912,31,12096
287040,280507,62,6533
287104,271000,31,16104
287135,271155,32,15980
287168,287135,31,33
287200,279520,31,7680
287232,275232,94,12000
287328,287296,30,32
287360,281818,31,5542
287392,287360,30,32
287423,287168,31,255
287456,279739,31,7717
287488,287456,31,32
287520,276064,31,11456
287552,276064,62,11488
287616,224448,31,63168
287648,261248,31,26400
287680,287648,31,32
287711,242463,32,45248
287744,246024,31,41720
287775,282368,32,5407
287808,242560,63,45248
287872,242656,62,45216
287935,287775,31,160
287968,282803,31,5165
288000,242784,62,45216
288070,243209,5,44861
288100,266315,4,21785
288108,260679,24,27429
288140,264378,61,23762
288201,279799,33,8402
288236,287922,13,314
288268,285450,63,2818
288331,264978,45,23353
288376,280422,32,7954
288408,270687,115,17721
288523,261522,63,27001
288586,262590,2,25996
288588,288396,63,192
288652,288236,13,416
288684,288652,12,32
288696,271031,21,17665
288717,288525,139,192
288856,280262,32,8594
288888,281941,20,6947
288908,286087,50,2821
288958,276862,5,12096
288964,276451,5,12513
288969,276873,128,12096
289098,268415,3,20683
289102,235200,3,53902
289106,282879,3,6227
289110,255319,3,33791
289113,255748,3,33365
289117,268471,3,20646
289122,281079,4,8043
289131,277721,3,11410
289134,237293,3,51841
289137,277786,3,11351
289141,256106,3,33035
289150,277028,4,12122
289157,255388,3,33769
289160,256049,33,33111
289194,282863,3,6331
289198,282795,3,6403
289201,280872,3,8329
289207,235198,3,54009
289213,282760,3,6453
289217,236954,3,52263
289220,255679,3,33541
289225,280765,3,8460
289230,280878,3,8352
289247,252926,3,36321
289251,268869,3,20382
289254,236928,3,52326
289257,286087,53,3170
289316,289257,3,59
289334,228374,22,60960
289366,228406,67,60960
289434,264346,63,25088
289498,288364,63,1134
289562,289537,24,25
289592,268120,33,21472
289662,242706,13,46956
289694,243107,13,46587
289726,231918,57,57808
289790,280507,63,9283
289853,279737,45,10116
289898,253015,20,36883
289918,289886,44,32
289962,289510,51,452
290013,290012,25,1
290038,289586,38,452
290076,289464,46,612
290122,288441,19,1681
290142,267573,131,22569
290273,266386,32,23887
290306,253203,124,37103
290430,290038,33,392
290463,289783,35,680
290498,266895,35,23603
290534,289962,21,572
290555,254836,23,35719
290600,253451,89,37149
290689,253554,49,37135
290758,232390,120,58368
290879,270591,3,20288
290883,270595,4,20288
290888,266280,11,24608
290902,266294,24,24608
290927,266319,67,24608
290994,267704,32,23290
291027,288140,44,2887
291071,263910,52,27161
291124,290199,11,925
291155,288140,63,3015
291218,264121,160,27097
291379,288119,13,3260
291392,291136,50,256
291442,248849,81,42593
291523,265854,13,25669
291539,264442,27,27097
291571,285449,44,6122
291635,264570,228,27065
291863,265559,12,26304
291880,276711,3,15169
291885,265581,93,26304
291985,279674,31,12311
292017,265713,256,26304
292273,265969,256,26304
292529,266225,45,26304
292580,267524,5,25056
292593,291885,22,708
292620,254450,4,38170
292629,292241,63,388
292692,290273,32,2419
292725,285387,95,7338
292821,248594,89,44227
292910,292615,7,295
292917,289950,56,2967
292981,292209,44,772
293045,291795,74,1250
293119,276447,3,16672
293122,263558,3,29564
293125,292586,4,539
293132,282260,40,10872
293172,253911,20,39261
293192,276520,86,16672
293280,261376,3,31904
293284,255492,4,37792
293289,293123,5,166
293294,293123,6,171
293303,290902,23,2401
293327,266318,68,27009
293395,290994,109,2401
293524,281798,13,11726
293556,291155,159,2401
293716,293364,63,352
293779,250594,32,43185
293811,288031,32,5780
293844,246234,63,47610
293907,289279,32,4628
293941,293525,62,416
294003,291666,98,2337
294102,246107,74,47995
294196,293972,97,224
294293,285193,23,9100
294325,293753,26,572
294356,294132,127,224
294483,267026,33,27457
294517,290483,19,4034
294536,267892,7,26644
294548,294120,44,428
294592,293952,116,640
294708,292366,16,2342
294724,291779,16,2945
294740,291763,64,2977
294804,294388,128,416
294933,294517,22,416
294964,294548,192,416
295157,294741,63,416
295220,249010,152,46210
295372,295371,5,1
295380,291795,75,3585
295455,282943,7,12512
295463,281927,11,13536
295474,282098,42,13376
295516,283004,99,12512
295615,295455,7,160
295622,278695,3,16927
295625,281929,10,13696
295635,254259,41,41376
295676,279452,43,16224
295719,288773,7,6946
295729,295569,46,160
295775,277887,7,17888
295782,282950,11,12832
295793,277905,117,17888
295910,278277,3,17633
295913,295785,10,128
295925,295636,40,289
295965,293172,52,2793
296018,253287,45,42731
296068,295907,3,161
296072,295911,11,161
296086,245654,21,50432
296111,245686,112,50425
296223,268991,64,27232
296287,296127,32,160
296339,296180,29,159
296371,275621,26,20750
296403,296371,26,32
296435,292821,44,3614
296479,246054,115,50425
296595,295284,62,1311
296659,287232,63,9427
296723,250824,62,45899
296785,247868,128,48917
296919,247710,126,49209
297046,290177,96,6869
297143,247838,160,49305
297307,296919,44,388
297371,296339,57,1032
297428,295600,16,1828
297444,297352,48,92
297492,297204,99,288
297595,297307,44,288
297659,297371,72,288
297731,297059,51,672
297783,247806,72,49977
297855,297639,49,216
297904,247607,98,50297
298007,297939,44,68
298051,296127,51,1924
298102,292336,77,5766
298179,245830,64,52349
298243,248606,115,49637
298358,297878,124,480
298483,246650,131,51833
298615,246298,89,52317
298704,297520,70,1184
298775,252279,35,46496
298811,247202,232,51609
299043,296255,32,2788
299075,247466,45,51609
299120,296428,38,2692
299158,247549,173,51609
299331,269023,35,30308
299366,247757,256,51609
299622,248013,1,51609
299623,299331,32,292
299655,296319,49,3336
299704,248095,96,51609
299800,299700,7,100
299808,282592,3,17216
299812,282402,14,17410
299830,253910,21,45920
299857,253938,53,45919
299910,289962,51,9948
299962,299949,12,13
299994,269299,31,30695
300026,293690,26,6336
300052,299853,6,199
300058,300057,24,1
300090,299731,69,359
300159,283103,6,17056
300166,282502,88,17664
300254,295774,8,4480
300263,300166,6,97
300304,263633,77,36671
300381,295613,9,4768
300396,300391,4,5
300425,263594,19,36831
300461,299973,2,488
300464,300304,78,160
300542,284350,54,16192
300596,286856,20,13740
300616,271816,256,28800
300872,272072,44,28800
300916,286816,20,14100
300936,300616,256,320
301192,300872,44,320
301236,286776,20,14460
301256,283560,256,17696
301512,283816,225,17696
301738,285546,160,16192
301960,297460,34,4500
301994,272874,256,29120
302250,273130,30,29120
302282,301738,160,544
302487,297687,2,4800
302506,258346,256,44160
302762,258602,63,44160
302826,302282,160,544
303050,301962,97,1088
303147,273675,222,29472
303370,302826,160,544
303594,239882,87,63712
303681,286049,10,17632
303711,285983,66,17728
303777,259265,10,44512
303807,286079,96,17728
303944,289738,20,14206
303984,292445,20,11539
304004,293025,20,10979
304044,294816,20,9228
304064,274516,20,29548
304124,259904,20,44220
304144,299655,20,4489
304164,299974,20,4190
304184,286496,20,17688
304242,290880,3,13362
304245,300597,19,3648
304264,300916,20,3348
304284,301236,20,3048
304304,285963,20,18341
304324,285867,20,18457
304344,286059,20,18285
304364,285229,20,19135
304384,260204,20,44180
304404,260244,76,44160
304480,246138,94,58342
304575,303595,32,980
304607,304575,31,32
304672,287008,31,17664
304704,300091,62,4613
304767,304735,32,32
304800,292140,31,12660
304832,304704,31,128
304864,261555,62,43309
304927,304832,31,95
304959,281817,32,23142
304992,275648,31,29344
305023,304991,32,32
305056,275680,31,29376
305088,275712,31,29376
305119,260799,32,44320
305152,275872,31,29280
305183,304959,31,224
305216,242496,62,62720
305280,305248,31,32
305312,287776,62,17536
305376,287808,31,17568
305408,305376,31,32
305440,260480,31,44960
305471,305183,31,288
305504,287872,31,17632
305536,242688,31,62848
305568,242720,31,62848
305599,305471,31,128
305632,303499,31,2133
305664,305632,31,32
305695,242815,32,62880
305727,270999,32,34728
305760,242848,31,62912
305792,276320,39,29472
305832,276360,16,29472
305868,276396,50,29472
305924,290884,5,15040
305929,243210,8,62719
305937,303144,2,2793
305943,263613,20,42330
305969,299858,2,6111
305977,275321,6,30656
305991,241565,2,64426
306021,299623,20,6398
306137,304704,62,1433
306202,306188,11,14
306233,304699,2,1534
306236,306207,6,29
306245,305989,20,256
306265,306236,6,29
306271,305964,6,307
306277,296703,19,9574
306297,306265,31,32
306329,306297,31,32
306361,306329,31,32
306393,306361,31,32
306425,306393,31,32
306457,306425,31,32
306489,306457,31,32
306521,306489,31,32
306553,306521,31,32
306585,306553,31,32
306617,306585,31,32
306649,306617,31,32
306681,306649,31,32
306713,306681,31,32
306745,306713,30,32
306776,306520,32,256
306809,306777,31,32
306841,306745,31,96
306873,306841,31,32
306904,306616,32,288
306937,306905,31,32
306969,306873,31,96
307001,306937,31,64
307033,306969,31,64
307065,307001,31,64
307097,307033,31,64
307129,307065,31,64
307161,307097,31,64
307192,306392,32,800
307225,307193,31,32
307256,307248,7,8
307263,307231,25,32
307289,307161,31,128
307321,307257,31,64
307353,307289,31,64
307384,307096,31,288
307417,307385,31,32
307449,307417,31,32
307481,307353,31,128
307513,307449,31,64
307545,307513,31,32
307577,307481,31,96
307609,307577,31,32
307640,307288,31,352
307673,307609,31,64
307704,306968,32,736
307736,306296,31,1440
307769,307641,31,128
307801,307737,31,64
307833,307769,31,64
307865,307801,31,64
307896,306360,31,1536
307928,307160,31,768
307961,307929,31,32
307993,307961,31,32
308025,307993,31,32
308057,307897,31,160
308088,306744,31,1344
308121,308057,31,64
308152,307800,31,352
308185,308153,31,32
308217,308121,31,96
308248,307864,32,384
308280,307480,32,800
308312,306680,32,1632
308345,308313,31,32
308377,308281,31,96
308408,306840,32,1568
308440,307576,31,864
308473,308409,31,64
308504,306936,31,1568
308536,307672,31,864
308569,308441,31,128
308601,308537,31,64
308633,308569,31,64
308665,308601,31,64
308697,308665,31,32
308729,308505,31,224
308760,308344,32,416
308793,308697,31,96
308825,308761,31,64
308857,308729,31,128
308888,308376,31,512
308921,308825,31,96
308953,308857,31,96
308984,308472,31,512
309017,308921,31,96
309049,309017,31,32
309081,308953,31,128
309113,308985,31,128
309145,309081,31,64
309176,307352,31,1824
309209,309177,31,32
309241,309209,31,32
309273,309113,31,160
309305,309145,31,160
309336,307448,31,1888
309368,308120,32,1248
309400,308184,32,1216
309433,309369,31,64
309470,303870,33,5600
309541,270635,3,38906
309549,305490,13,4059
309581,304512,60,5069
309645,303466,63,6179
309713,281657,32,28056
309770,279431,2,30339
309777,250823,32,58954
309809,309745,63,64
309872,304578,29,5294
309936,304308,2,5628
310013,274622,2,35391
310031,303596,79,6435
310116,276451,6,33665
310125,254422,21,55703
310153,299858,3,10295
310157,270639,35,39518
310193,254491,126,55702
310319,310318,1,1
310325,253947,94,56378
310421,305586,13,4835
310434,286197,19,24237
310453,278100,26,32353
310479,310148,6,331
310485,309474,29,1011
310517,301388,106,9129
310623,276607,6,34016
310635,310630,5,5
310672,309707,2,965
310679,282551,48,28128
310733,310728,4,5
310738,282610,128,28128
310868,282775,3,28093
310873,277683,3,33190
310889,268469,3,42420
310898,280782,3,30116
310907,255334,4,55573
310911,280820,3,30091
310914,280752,3,30162
310918,277116,3,33802
310922,252885,3,58037
310927,256128,3,54799
310930,280786,33,30144
310963,289218,3,21745
310968,282836,4,28132
310980,280853,3,30127
310986,281198,3,29788
310997,252831,3,58166
311006,268724,3,42282
311012,280851,3,30161
311016,277719,3,33297
311019,289153,3,21866
311022,277737,3,33285
311025,268529,46,42496
311071,263711,3,47360
311075,263715,4,47360
311079,253701,3,57378
311085,311080,4,5
311094,277229,22,33865
311124,281651,37,29473
311162,311149,12,13
311194,310802,56,392
311256,251393,27,59863
311289,281816,33,29473
311322,311174,32,148
311354,280538,37,30816
311391,281599,8,29792
311399,311079,13,320
311414,281622,22,29792
311443,311124,37,319
311481,311468,12,13
311513,310802,57,711
311576,275077,27,36499
311608,311289,33,319
311641,311493,32,148
311673,268185,46,43488
311720,311400,10,320
311730,310738,129,992
311859,255669,3,56190
311864,289222,3,22642
311868,289205,3,22663
311872,281097,3,30775
311878,252819,4,59059
311883,277105,3,34778
311886,310989,3,897
311889,310976,3,913
311892,280874,3,31018
311906,311876,3,30
311916,252828,3,59088
311921,268433,33,43488
311956,282882,3,29074
311959,255312,3,56647
311962,280735,3,31227
311968,255341,3,56627
311971,277813,4,34158
311975,282739,3,29236
311981,255663,3,56318
311985,268470,3,43515
311989,252795,3,59194
311996,255338,3,56658
312000,268866,3,43134
312004,268863,3,43141
312007,310993,3,1014
312011,256112,3,55899
312019,283059,50,28960
312070,311400,11,670
312081,300177,77,11904
312159,299807,3,12352
312163,299811,6,12352
312169,312071,10,98
312200,312189,3,11
312211,312157,1,54
312219,312212,5,7
312229,312219,6,10
312239,312212,6,27
312245,312211,7,34
312252,312245,13,7
312270,312253,7,17
312279,312270,5,9
312306,295997,20,16309
312333,310576,2,1757
312335,311250,3,1085
312339,311709,2,630
312344,312334,5,10
312350,312340,3,10
312354,312344,5,10
312360,312350,3,10
312364,312354,5,10
312370,312360,3,10
312374,312364,5,10
312380,312370,3,10
312384,312374,5,10
312390,312380,3,10
312394,312384,5,10
312400,312390,3,10
312404,312394,5,10
312414,312333,6,81
312421,312410,4,11
312425,312343,6,82
312434,279858,2,32576
312437,309807,2,2630
312442,312305,21,137
312468,312305,22,163
312501,312339,2,162
312505,312275,3,230
312511,312192,4,319
312516,312198,6,318
312524,312279,5,245
312538,312134,24,404
312562,312327,4,235
312566,312512,11,54
312578,312524,6,54
312586,312128,30,458
312616,312562,3,54
312623,312565,5,58
312629,312571,6,58
312636,312578,5,58
312642,305053,2,7589
312649,312623,12,26
312662,312636,8,26
312675,312284,21,391
312699,312330,3,369
312702,312193,10,509
312714,312332,4,382
312719,312270,6,449
312726,312716,9,10
312736,312726,9,10
312746,312736,9,10
312756,312746,9,10
312766,312756,9,10
312776,312766,9,10
312786,312776,9,10
312796,312786,9,10
312809,264829,2,47980
312813,312435,4,378
312819,312468,22,351
312841,312819,44,22
312885,312616,3,269
312890,310512,2,2378
312893,312889,3,4
312898,303432,2,9466
312909,312897,3,12
312913,312901,8,12
312957,305213,2,7744
312960,304893,2,8067
312966,277308,2,35658
312969,312919,3,50
312972,275837,2,37135
312974,312923,32,51
313007,312971,3,36
313011,312959,3,52
313016,313011,3,5
313021,306198,2,6823
313048,313016,3,32
313052,312974,36,78
313089,296688,2,16401
313092,312913,3,179
313095,312893,3,202
313100,312916,6,184
313106,297140,4,15966
313110,312435,60,675
313171,304925,2,8246
313174,313027,21,147
313196,313195,6,1
313203,303808,6,9395
313213,312568,3,645
313220,313170,3,50
313232,312963,4,269
313238,313103,3,135
313241,313215,3,26
313252,312709,3,543
313260,312588,28,672
313289,295989,28,17300
313319,312342,4,977
313325,313288,29,37
313360,312886,3,474
313363,312887,4,476
313369,313092,6,277
313376,313099,6,277
313383,312909,3,474
313387,313174,21,213
313409,313105,3,304
313414,312801,3,613
313419,312569,3,850
313429,312653,3,776
313449,312423,3,1026
313456,295347,3,18109
313460,313214,8,246
313471,313224,12,247
313485,313238,18,247
313507,313260,123,247
313630,313629,8,1
313638,313020,3,618
313642,313103,4,539
313650,313642,4,8
313655,312808,33,847
313691,313652,3,39
313694,313110,60,584
313754,313700,22,54
313777,313754,23,23
313833,313487,4,346
313837,312702,3,1135
313846,313650,4,196
313855,313845,4,10
313860,313612,3,248
313866,312649,5,1217
313871,312699,4,1172
313875,312658,3,1217
313879,312662,8,1217
313892,313860,3,32
313896,312913,8,983
313908,313844,5,64
313913,313859,4,54
313920,309462,2,4458
313923,312901,10,1022
313936,313866,3,70
313944,312588,30,1356
313974,312378,3,1596
313977,313931,3,46
313981,313480,4,501
313986,313485,5,501
313991,313839,4,152
313996,313651,4,345
314001,313778,22,223
314024,313988,3,36
314027,313977,3,50
314031,313232,5,799
314037,313846,4,191
314041,313988,4,53
314051,313907,3,144
314056,313848,3,208
314060,314027,3,33
314064,313935,4,129
314076,311394,3,2682
314079,313872,4,207
314087,314039,3,48
314094,314060,3,34
314098,313910,4,188
314107,314105,3,2
314110,314094,3,16
314117,314110,3,7
314121,313923,8,198
314130,313635,3,495
314134,314129,4,5
314138,313650,5,488
314144,314001,22,143
314168,313851,9,317
314179,314117,3,62
314188,309430,2,4758
314191,314138,4,53
314198,314178,4,20
314208,313881,3,327
314214,313936,43,278
314259,314031,5,228
314265,313986,11,279
314276,314133,7,143
314283,314255,3,28
314288,312965,3,1323
314295,313607,3,688
314298,314281,5,17
314304,314287,4,17
314309,314292,8,17
314318,314306,1,12
314319,314300,3,19
314324,313982,3,342
314328,314298,5,30
314336,314305,3,31
314343,314186,4,157
314354,314336,3,18
314363,314051,3,312
314366,313906,6,460
314372,314344,3,28
314376,314304,4,72
314381,314292,11,89
314393,314376,4,17
314398,314309,13,89
314412,314323,4,89
314417,314387,5,30
314423,314334,5,89
314429,314340,7,89
314437,314348,12,89
314449,314433,3,16
314454,313638,3,816
314460,314361,11,99
314471,314406,5,65
314480,314425,6,55
314486,314108,4,378
314493,314454,3,39
314497,314265,4,232
314503,314168,7,335
314510,314488,3,22
314514,314393,4,121
314519,314398,12,121
314535,314473,3,62
314539,314484,4,55
314543,313850,3,693
314546,314465,8,81
314554,313566,4,988
314558,313688,3,870
314563,314193,3,370
314568,314529,3,39
314573,314534,4,39
314578,313902,11,676
314589,313109,3,1480
314592,314555,16,37
314611,314574,8,37
314619,314597,4,22
314624,314602,6,22
314633,314611,8,22
314641,314627,3,14
314650,314641,3,9
314656,314619,4,37
314661,314624,6,37
314670,314611,12,59
314683,314661,6,22
314692,314633,11,59
314709,314692,3,17
314713,314508,5,205
314724,314650,6,74
314730,314724,3,6
314735,312079,3,2656
314739,314709,3,30
314743,314728,4,15
314751,314601,3,150
314754,314573,4,181
314763,313629,9,1134
314772,314549,21,223
314796,314755,3,41
314800,314696,4,104
314804,314170,6,634
314810,314589,3,221
314813,314500,5,313
314818,314791,3,27
314822,314786,4,36
314827,314724,8,103
314837,314622,4,215
314842,314827,9,15
314852,314645,4,207
314857,314842,9,15
314867,314659,4,208
314871,314649,7,222
314878,314863,3,15
314882,314681,4,201
314887,314872,9,15
314897,314704,4,193
314902,314887,9,15
314912,314719,4,193
314917,314902,9,15
314927,314734,4,193
314931,314723,9,208
314942,314749,5,193
314947,314738,4,209
314951,314712,5,239
314958,314590,3,368
314961,314752,6,209
314972,314763,10,209
314982,313845,6,1137
314989,314802,9,187
314998,314987,12,11
315010,314580,10,430
315022,313880,3,1142
315025,314814,4,211
315029,314465,10,564
315042,314515,6,527
315048,314486,4,562
315054,314479,4,575
315058,315045,3,13
315067,315055,3,12
315072,315067,3,5
315076,314493,3,583
315079,314538,3,541
315086,315027,13,59
315100,315041,4,59
315105,314800,11,305
315116,313850,9,1266
315125,315115,1,10
315126,314144,21,982
315148,313687,3,1461
315151,315109,17,42
315169,315143,15,26
315185,315141,17,44
315202,315101,3,101
315206,315100,4,106
315211,315105,11,106
315222,315207,3,15
315226,315206,4,20
315231,315211,11,20
315245,315065,4,180
315252,312373,5,2879
315259,315022,3,237
315263,314815,5,448
315271,315242,3,29
315274,314197,4,1077
315282,310672,2,4610
315284,315257,3,27
315287,313628,5,1659
315299,298138,30,17161
315330,313871,3,1459
315338,315328,1,10
315340,315293,38,47
315379,315332,9,47
315388,314775,3,613
315391,314071,3,1320
315397,315192,8,205
315438,312714,4,2724
315450,315348,27,102
315477,315024,3,453
315481,315402,3,79
315488,315276,3,212
315493,305533,2,9960
315496,315493,1,3
315499,312187,6,3312
315509,305789,2,9720
315513,305373,2,10140
315526,315513,1,13
315537,315526,1,11
315539,315528,3,11
315548,271234,2,44314
315550,315539,3,11
315559,292444,2,23115
315563,315375,2,188
315568,315562,3,6
315573,269099,2,46474
315576,315573,1,3
315580,315241,2,339
315583,301235,2,14348
315585,315575,7,10
315592,312497,3,3095
315596,315590,1,6
315598,312504,7,3094
315606,300382,2,15224
315611,314265,5,1346
315617,315606,1,11
315623,314397,3,1226
315626,314267,7,1359
315634,315591,6,43
315641,315598,9,43
315653,313985,3,1668
315656,315590,7,66
315664,315641,9,23
315677,315611,7,66
315685,315619,21,66
315707,315664,9,43
315722,315262,3,460
315726,288695,2,27031
315728,315685,3,43
315732,315210,3,522
315738,315578,6,160
315748,315733,4,15
315759,315748,3,11
315766,314807,6,959
315773,315756,5,17
315778,313647,5,2131
315791,314144,22,1647
315816,315674,5,142
315821,315791,22,30
315847,313935,42,1912
315896,314265,11,1631
315910,315768,3,142
315915,315764,6,151
315921,313654,36,2267
315957,315780,5,177
315963,315786,29,177
315993,315816,29,177
316024,315847,43,177
316069,315892,15,177
316084,315124,23,960
316107,313776,24,2331
316136,316024,44,112
316181,316069,3,112
316185,315896,12,289
316200,315912,5,288
316205,313845,15,2360
316223,313864,20,2359
316244,312431,3,3813
316247,313889,3,2358
316253,314578,10,1675
316263,315766,5,497
316270,313052,36,3218
316308,314380,3,1928
316311,313105,5,3206
316316,315924,36,392
316353,315919,3,434
316357,316353,3,4
316361,315281,3,1080
316367,316357,3,10
316371,314055,5,2316
316381,315495,3,886
316386,315384,6,1002
316392,313646,203,2746
316603,315958,3,645
316608,316136,43,472
316653,316181,3,472
316657,313986,41,2671
316701,315685,4,1016
316706,314037,23,2669
316732,314064,30,2668
316764,314416,3,2348
316767,314100,10,2667
316780,314114,3,2666
316786,314127,52,2659
316841,314183,4,2658
316848,314191,8,2657
316859,314203,52,2656
316914,316701,4,213
316919,314265,18,2654
316937,316725,3,212
316941,316843,4,98
316950,316786,3,164
316953,314547,10,2406
316966,316855,3,111
316976,315610,3,1366
316979,316264,4,715
316988,316910,3,78
316992,315046,4,1946
316996,316256,7,740
317010,314519,10,2491
317027,317001,3,26
317031,316715,3,316
317037,314429,4,2608
317044,314437,6,2607
317053,314358,14,2695
317067,317018,3,49
317072,317023,3,49
317075,314457,3,2618
317081,317032,4,49
317085,316847,3,238
317088,317039,4,49
317093,317044,11,49
317107,316946,3,161
317111,314458,15,2653
317129,314477,3,2652
317132,317083,5,49
317137,316775,3,362
317145,313023,3,4122
317148,314499,11,2649
317159,317124,4,35
317164,314837,3,2327
317167,317132,9,35
317177,317142,3,35
317181,317157,3,24
317184,315024,5,2160
317189,317154,9,35
317199,317129,12,70
317212,317177,3,35
317216,317146,17,70
317235,316599,3,636
317239,314539,21,2700
317263,314822,4,2441
317267,317235,3,32
317271,316950,13,321
317284,314780,11,2504
317302,312968,3,4334
317305,314544,24,2761
317336,315231,11,2105
317347,317315,16,32
317364,317332,3,32
317368,317336,27,32
317396,317364,3,32
317400,315105,12,2295
317412,314988,49,2424
317464,317072,3,392
317468,317400,11,68
317479,315126,32,2353
317511,315242,5,2269
317519,315251,15,2268
317537,315270,6,2267
317546,315280,14,2266
317560,315708,5,1852
317565,315388,18,2177
317615,315438,6,2177
317621,315407,6,2214
317627,315450,34,2177
317661,317582,10,79
317671,315424,4,2247
317675,317599,6,76
317684,317604,5,80
317689,317596,5,93
317694,317615,5,79
317699,315402,83,2297
317784,317006,6,778
317790,316727,3,1063
317795,315707,7,2088
317804,317703,9,101
317822,317711,15,111
317891,306582,4,11309
317896,317804,39,92
317946,317920,3,26
317961,317942,8,19
317972,317673,3,299
317991,255643,3,62348
318023,317935,35,88
318066,317984,39,82
318107,312122,36,5985
318147,305924,5,12223
318152,311721,10,6431
318164,295797,106,22367
318270,318269,1,1
318275,318147,3,128
318279,312168,11,6111
318321,276744,3,41577
318328,303274,64,15054
318393,253657,47,64736
318440,318153,9,287
318449,303784,3,14665
318479,317797,2,682
318482,318226,52,256
318534,318150,11,384
318549,278037,21,40512
318570,299851,8,18719
318578,278059,18,40519
318596,267229,46,51367
318642,318572,6,70
318649,318489,38,160
318687,318143,7,544
318694,276867,3,41827
318697,318153,118,544
318815,312063,6,6752
318822,312070,88,6752
318910,311390,9,7520
318924,318919,5,5
318930,311090,3,7840
318934,311414,22,7520
318962,311123,51,7839
319033,311794,58,7239
319091,313203,6,5888
319097,319065,27,32
319128,311608,33,7520
319161,319013,32,148
319194,318778,43,416
319238,318920,11,318
319249,271345,131,47904
319400,284424,256,34976
319656,284680,225,34976
319882,303370,160,16512
320106,284266,138,35840
320264,301256,256,19008
320520,301512,225,19008
320746,319882,160,864
320929,320904,1,25
320970,301962,256,19008
321226,302218,63,19008
321290,320746,160,544
321514,285770,87,35744
321601,273569,10,48032
321631,273503,76,48128
321727,321631,76,96
321823,321727,64,96
321887,283199,52,38688
321959,259047,216,62912
322175,285215,4,36960
322180,321794,9,386
322209,259393,62,62816
322271,309471,32,12800
322304,286176,20,36128
322324,306009,8,16315
322332,306041,12,16291
322364,310433,20,11931
322424,311322,20,11102
322444,311641,20,10803
322474,322312,1,162
322504,312676,20,9828
322584,274456,20,48128
322604,322524,20,80
322644,319161,20,3483
322684,319380,20,3304
322724,320244,20,2480
322784,286896,20,35888
322804,286876,20,35928
322824,286916,20,35908
322844,321939,20,905
322864,321971,51,893
322915,305057,30,17858
322951,289737,2,33214
322976,304672,31,18304
323008,306137,62,16871
323072,323040,31,32
323103,305503,32,17600
323136,304832,126,18304
323264,296691,31,26573
323295,306168,32,17127
323328,275488,62,47840
323392,323360,31,32
323424,260672,31,62752
323456,275648,62,47808
323520,305120,31,18400
323552,323137,61,415
323613,309936,2,13677
323615,287519,32,36096
323648,323616,31,32
323680,323648,30,32
323711,323583,31,128
323743,299930,32,23813
323776,323744,31,32
323807,276223,32,47584
323840,276288,62,47552
323903,261151,32,62752
323935,275039,32,48896
323968,287616,31,36352
323999,305215,32,18784
324032,305344,31,18688
324064,305793,31,18271
324095,322912,32,1183
324137,322184,5,1953
324170,322215,52,1955
324222,309502,8,14720
324236,309516,128,14720
324365,309645,100,14720
324497,309777,32,14720
324529,324465,63,64
324592,322091,29,2501
324706,270194,2,54512
324727,323101,2,1626
324751,322089,79,2662
324830,324222,8,608
324839,324231,233,608
325088,292597,3,32491
325105,319129,32,5976
325137,325073,63,64
325200,324753,29,447
325358,324750,80,608
325447,324839,6,608
325477,268971,4,56506
325485,281657,44,43828
325549,323201,30,2348
325581,309809,32,15772
325613,309809,63,15804
325676,293779,32,31897
325709,324877,38,832
325749,325515,2,234
325771,325749,1,22
325773,325529,49,244
325822,322052,34,3770
325857,325825,63,32
325920,325919,56,1
325985,305189,26,20796
326013,262782,2,63231
326017,305475,28,20542
326049,321135,90,4914
326145,325985,26,160
326177,293748,63,32429
326240,319128,33,7112
326273,286636,20,39637
326293,320400,105,5893
326398,288958,5,37440
326404,288964,133,37440
326541,310872,3,15669
326547,310996,3,15551
326550,310969,3,15581
326554,277054,3,49500
326565,282883,3,43682
326568,268780,3,57788
326580,277778,3,48802
326586,280846,3,45740
326592,277135,3,49457
326598,268843,3,57755
326601,282706,33,43895
326639,268412,3,58227
326653,289229,3,37424
326656,280781,3,45875
326659,281106,3,45553
326663,277053,3,49610
326666,268374,3,58292
326674,263039,3,63635
326678,289249,3,37429
326685,282853,3,43832
326688,310866,3,15822
326692,310919,3,15773
326696,289256,54,37440
326750,323901,2,2849
326754,310116,6,16638
326783,316861,3,9922
326790,322217,57,4573
326847,295903,7,30944
326855,310630,11,16225
326869,295925,40,30944
326909,293304,20,33605
326929,295985,77,30944
327006,263710,12,63296
327021,327016,5,5
327030,263734,23,63296
327059,263763,256,63296
327315,264019,256,63296
327571,264275,164,63296
327738,291539,27,36199
327770,264474,26,63296
327796,327053,6,743
327802,264506,256,63296
328058,264762,36,63296
328095,293279,3,34816
328099,293283,5,34816
328105,327016,11,1089
328119,266294,189,61825
328308,293492,44,34816
328352,298243,75,30109
328436,291283,108,37153
328544,295008,256,33536
328800,295264,113,33536
328916,299731,74,29185
328990,264798,9,64192
328999,292583,3,36416
329005,329000,5,5
329010,264818,255,64192
329267,329235,31,32
329299,329267,31,32
329331,329299,31,32
329363,329331,31,32
329395,265203,224,64192
329683,265491,75,64192
329758,318526,160,11232
329919,268927,3,60992
329923,268931,4,60992
329927,277219,3,52708
329930,329769,9,161
329943,289930,20,40013
329963,329035,3,928
329966,267572,132,62394
330098,270802,33,59296
330131,290306,124,39825
330255,328283,6,1972
330263,328069,26,2194
330291,324727,2,5564
330295,299994,31,30301
330327,326720,32,3607
330359,290557,23,39802
330382,298627,100,31755
330482,290689,49,39793
330551,291799,72,38752
330623,329919,8,704
330632,329767,12,865
330667,329963,256,704
330923,330219,40,704
330967,330714,25,253
330999,330295,30,704
331031,330327,204,704
331235,304124,20,27111
331255,299735,72,31520
331327,311711,8,19616
331336,311720,138,19616
331475,310904,3,20571
331485,277154,3,54331
331497,311021,3,20476
331500,326574,3,4926
331516,280819,3,50697
331520,310927,3,20593
331525,331520,3,5
331533,280841,3,50692
331537,289160,33,42377
331577,311962,3,19615
331589,268488,3,63101
331594,268750,3,62844
331597,281077,3,50520
331600,310962,3,20638
331613,311994,3,19619
331619,277101,3,54518
331622,331489,3,133
331626,326586,3,5040
331629,282891,3,48738
331634,282898,52,48736
331687,331336,11,351
331721,295657,67,36064
331792,300496,47,31296
331839,311071,8,20768
331847,311719,11,20128
331858,318930,3,12928
331862,311094,22,20768
331891,318962,51,12929
331962,331410,56,552
332024,275300,27,56724
332057,326240,33,5817
332090,331942,32,148
332122,328058,37,4064
332160,328096,3,4064
332164,331844,3,320
332168,329928,12,2240
332182,292593,21,39589
332209,310153,2,22056
332211,279604,66,52607
332277,331787,2,490
332281,291985,31,40296
332313,292017,153,40296
332466,332407,2,59
332468,332205,5,263
332473,279866,256,52607
332729,280122,256,52607
332985,280378,76,52607
333081,280474,100,52607
333181,333180,2,1
333186,319233,4,13953
333190,331335,12,1855
333204,331349,22,1855
333228,331374,67,1854
333296,330932,32,2364
333328,317685,3,15643
333332,333330,3,2
333339,317930,3,15409
333345,330917,47,2428
333400,333336,24,64
333424,300336,54,33088
333479,333191,11,288
333492,326869,40,6623
333532,289930,32,43602
333564,327779,17,5785
333584,333424,54,160
333644,333639,4,5
333649,279249,43,54400
333692,282300,44,51392
333736,333735,5,1
333744,300496,100,33248
333844,322764,20,11080
333864,300936,256,32928
334120,301192,44,32928
334164,322704,20,11460
334184,320264,256,13920
334440,320520,224,13920
334666,302826,161,31840
334890,320970,85,13920
334975,334111,53,864
335028,322744,20,12284
335048,272136,256,62912
335304,272392,225,62912
335530,334666,160,864
335754,320970,256,14784
336010,321226,62,14784
336074,335530,160,544
336270,323485,2,12785
336298,303050,98,33248
336397,303149,220,33248
336618,336074,160,544
336789,336776,1,13
336842,303594,87,33248
336929,321793,10,15136
336959,321727,66,15232
337026,336930,9,96
337055,303807,96,33248
337172,322344,20,14828
337192,337172,20,20
337312,304044,20,33268
337372,330531,20,6841
337392,331235,20,6157
337432,286456,20,50976
337452,332090,20,5362
337472,333061,20,4411
337532,286476,20,51056
337552,333844,20,3708
337572,334164,20,3408
337592,321707,20,15885
337612,335028,20,2584
337632,321803,20,15829
337652,321611,20,16041
337672,322189,20,15483
337692,304384,100,33308
337824,322976,31,14848
337856,333114,62,4742
337920,337888,31,32
337952,305472,31,32480
337984,305183,32,32801
338016,332128,31,5888
338048,293685,62,44363
338112,331205,31,6907
338144,325858,31,12286
338176,323392,31,14784
338207,287295,32,50912
338240,275584,62,62656
338304,338272,31,32
338336,275936,31,62400
338367,323583,32,14784
338400,276032,62,62368
338464,275073,61,63391
338525,325975,2,12550
338528,337762,31,766
338560,323840,31,14720
338592,323840,94,14752
338688,323904,31,14784
338720,319201,31,19519
338751,287679,32,51072
338784,324000,31,14784
338815,328396,32,10419
338848,338816,31,32
338880,305280,62,33600
338944,332160,3,6784
338948,328100,4,10848
338957,334163,2,4794
338959,338954,4,5
338967,305942,22,33025
338994,332209,3,6785
339002,298780,95,40222
339162,313523,13,25639
339194,336522,62,2672
339257,275569,14,63688
339290,339041,56,249
339346,337852,3,1494
339354,339194,44,160
339398,327302,46,12096
339448,290077,33,49371
339482,323282,13,16200
339495,336399,19,3096
339514,333081,63,6433
339577,336553,61,3024
339638,332373,16,7265
339654,306053,20,33601
339674,327327,28,12347
339705,328787,64,10918
339769,299730,70,40039
339877,318685,3,21192
339882,337063,52,2819
339934,325438,8,14496
339948,325452,129,14496
340077,324529,32,15548
340109,324529,63,15580
340172,325676,72,14496
340245,325749,256,14496
340501,326005,5,14496
340507,340319,2,188
340513,340294,27,219
340545,336463,90,4082
340641,340481,26,160
340673,326177,96,14496
340789,335184,105,5605
340894,324830,8,16064
340903,339943,6,960
340909,324845,127,16064
341037,324365,100,16672
341138,310432,2,30706
341169,324497,32,16672
341201,341137,63,64
341264,340817,29,447
341422,325358,80,16064
341502,293118,4,48384
341507,276451,49,65056
341556,331740,20,9816
341576,276520,87,65056
341663,333631,7,8032
341671,326855,10,14816
341684,341516,40,168
341724,296087,20,45637
341744,297659,32,44085
341777,337105,46,4672
341823,338943,3,2880
341827,338947,4,2880
341831,327015,3,14816
341834,329002,10,12832
341846,329942,21,11904
341867,305868,7,35999
341874,291913,3,49961
341878,330671,244,11207
342142,324037,26,18105
342168,341869,6,299
342174,342012,29,162
342206,330999,31,11207
342238,331031,32,11207
342270,332741,21,9529
342293,310369,50,31924
342343,326089,51,16254
342398,280510,65,61888
342463,278687,8,63776
342471,312167,12,30304
342483,278707,222,63776
342707,336618,160,6089
342895,311955,3,30940
342931,329683,76,13248
343010,338948,4,4062
343015,318822,87,24193
343108,343010,3,98
343112,330632,12,12480
343155,342046,62,1109
343218,343186,32,32
343250,297110,77,46140
343347,323554,29,19793
343378,337747,46,5631
343443,300305,78,43138
343521,327464,62,16057
343583,342293,32,1290
343615,342293,50,1322
343671,343155,61,516
343735,343347,44,388
343779,343615,32,164
343831,341124,13,2707
343863,343831,12,32
343895,343799,44,96
343939,343938,18,1
343959,341915,44,2044
344003,343327,48,676
344051,343987,3,64
344055,343831,44,224
344099,342752,19,1347
344118,299574,33,44544
344151,343895,32,256
344196,343520,63,676
344279,344247,12,32
344311,344216,31,95
344347,343347,63,1000
344410,340704,63,3706
344475,293780,44,50695
344538,290077,63,54461
344601,342076,33,2525
344639,340604,32,4035
344671,340737,32,3934
344703,344347,29,356
344735,344703,29,32
344767,344507,60,260
344831,342583,72,2248
344923,344215,126,708
345049,344569,33,480
345083,344832,59,251
345147,343671,93,1476
345243,344507,63,736
345306,345305,13,1
345319,344999,50,320
345371,345275,44,96
345415,343907,32,1508
345467,340992,13,4475
345499,343895,62,1604
345563,344183,63,1380
345626,339745,94,5881
345720,281272,17,64448
345737,331849,11,13888
345748,281620,24,64128
345777,281649,52,64128
345849,335144,57,10705
345912,323268,27,22644
345944,311289,34,34655
345978,345830,31,148
346009,311673,46,34336
346056,333639,11,12417
346067,331347,127,14720
346195,289137,3,57058
346200,311968,3,34232
346208,280858,3,65350
346219,289219,3,57000
346222,311881,3,34341
346225,311007,3,35218
346230,326597,3,19633
346257,310929,33,35328
346300,310923,3,35377
346309,280879,3,65430
346316,282886,3,63430
346319,289123,3,57196
346330,310964,3,35366
346333,331623,3,14710
346339,311899,3,34440
346342,326541,3,19801
346345,281091,3,65254
346349,346311,3,38
346355,344203,44,2152
346400,341824,3,4576
346404,346052,3,352
346408,346056,10,352
346422,292593,22,53829
346451,291914,63,54537
346522,332281,31,14241
346554,332313,153,14241
346707,346444,7,263
346714,292177,256,54537
346970,292433,12,54537
347002,333081,100,13921
347103,296063,3,51040
347107,296067,4,51040
347112,346408,11,704
347127,295516,20,51611
347147,340933,3,6214
347151,310157,35,36994
347186,288395,128,58791
347315,310289,48,37026
347363,282965,20,64398
347383,298615,62,48768
347447,347219,55,228
347511,338885,26,8626
347543,345592,91,1951
347634,331186,30,16448
347664,347536,19,128
347703,330551,72,17152
347775,345727,3,2048
347779,311395,7,36384
347786,347114,9,672
347798,310125,21,37673
347829,347151,99,678
347928,346585,63,1343
347997,346586,63,1411
348061,348048,12,13
348093,348034,26,59
348119,347820,6,299
348125,336358,26,11767
348157,290502,32,57655
348189,347395,21,794
348210,290555,23,57655
348233,347860,2,373
348235,348189,21,46
348278,345648,72,2630
348350,346046,9,2304
348365,348360,4,5
348370,346066,128,2304
348500,331594,3,16906
348520,289204,3,59316
348536,311878,3,36658
348539,348500,3,39
348548,331620,3,16928
348562,326601,33,21961
348598,326557,3,22041
348606,289240,3,59366
348614,311958,3,36656
348625,346209,3,2416
348628,331607,3,17021
348648,346232,3,2416
348659,300211,51,48448
348715,341099,2,7616
348717,348712,4,5
348721,295793,110,52928
348831,348703,127,128
348958,334974,54,13984
349012,337632,20,11380
349032,333864,256,15168
349288,334120,44,15168
349332,337652,20,11680
349352,349032,256,320
349608,349288,44,320
349652,337592,20,12060
349672,335048,256,14624
349928,335304,225,14624
350154,342707,160,7447
350366,349798,2,568
350378,335754,256,14624
350634,336010,62,14624
350698,350154,160,544
350883,350856,1,27
350922,321514,87,29408
351010,337026,9,13984
351037,345446,2,5591
351039,321823,116,29216
351155,337672,20,13483
351175,321959,216,29216
351391,337023,12,14368
351423,336959,66,14464
351490,351394,9,96
351501,317510,2,33991
351519,351423,64,96
351583,322175,4,29408
351588,321794,10,29794
351617,322209,94,29408
351712,339174,20,12538
351752,337212,20,14540
351772,322344,40,29428
351812,304144,20,47668
351832,342122,20,9710
351892,345511,20,6381
351912,345977,20,5935
351952,346982,20,4970
351972,347683,20,4289
351992,348073,20,3919
352068,351709,1,359
352072,337632,40,14440
352112,349652,20,2460
352132,336939,20,15193
352152,337035,20,15117
352192,351155,20,1037
352252,322864,68,29388
352351,299993,31,52358
352384,348282,62,4102
352448,352416,31,32
352480,305568,31,46912
352512,323711,62,28801
352576,323264,31,29312
352608,323296,31,29312
352640,340354,31,12286
352672,338208,31,14464
352704,288749,62,63955
352768,338304,31,14464
352800,344640,31,8160
352832,304992,62,47840
352895,323519,32,29376
352928,352896,30,32
352959,352735,31,224
352992,339067,31,13925
353024,323552,31,29472
353056,353024,31,32
353088,338336,31,14752
353120,338400,94,14720
353216,353184,30,32
353248,352513,31,735
353280,340442,31,12838
353311,338559,32,14752
353344,353312,31,32
353376,342239,31,11137
353408,338624,62,14784
353472,353440,31,32
353504,338656,31,14848
353536,352290,31,1246
353568,346677,31,6891
353600,338752,31,14848
353631,305247,32,48384
353663,305375,32,48288
353695,337919,32,15776
353728,353696,31,32
353760,323040,62,30720
353822,339934,8,13888
353830,309510,3,44320
353833,339945,67,13888
353901,340013,64,13888
353965,325137,32,28828
353997,325137,63,28860
354060,340172,45,13888
354125,354099,6,26
354133,353899,2,234
354155,340267,205,13888
354369,354183,26,186
354401,353795,28,606
354433,354401,27,32
354465,354301,59,164
354524,354460,30,64
354561,340673,96,13888
354665,354655,1,10
354677,349808,105,4869
354782,353822,8,960
354790,324230,3,30560
354796,339948,129,14848
354925,341201,32,13724
354957,341201,63,13756
355020,340172,72,14848
355093,340245,256,14848
355349,340501,5,14848
355360,355292,28,68
355392,350542,91,4850
355488,353156,27,2332
355519,350792,33,4727
355552,354592,65,960
355637,326293,106,29344
355744,348352,3,7392
355748,318916,5,36832
355766,299830,21,55936
355794,299857,103,55937
355899,355885,12,14
355931,330295,31,25636
355963,323238,25,32725
355988,355789,7,199
355995,343400,24,12595
356027,348281,68,7746
356128,333673,65,22455
356198,351334,57,4864
356255,341663,7,14592
356268,356263,5,5
356295,325638,2,30657
356297,356128,19,169
356336,356231,24,105
356368,295856,54,60512
356428,356423,5,5
356433,326865,153,29568
356586,356425,9,161
356598,327030,22,29568
356627,327059,256,29568
356883,327315,256,29568
357139,327571,164,29568
357306,327738,27,29568
357339,352742,25,4597
357364,356621,6,743
357370,327802,256,29568
357626,328058,36,29568
357664,355744,3,1920
357668,356580,3,1088
357672,356584,11,1088
357686,310644,23,47042
357722,304562,13,53160
357735,322385,19,35350
357754,357631,31,123
357786,357210,61,576
357850,357722,63,128
357913,357631,32,282
357946,355585,32,2361
357978,357862,63,116
358042,356695,31,1347
358076,348283,67,9793
358143,326847,10,31296
358153,356425,149,1728
358344,354858,3,3486
358352,310325,76,48027
358448,355931,31,2517
358480,352837,26,5643
358506,358340,6,166
358512,351273,30,7239
358544,355661,78,2883
358628,358308,5,320
358636,346422,22,12214
358663,355794,3,2869
358666,346452,62,12214
358736,346522,31,12214
358768,346554,153,12214
358921,358658,7,263
358928,346714,256,12214
359184,346970,12,12214
359196,303984,20,55212
359216,347002,64,12214
359280,356199,47,3081
359330,356422,3,2908
359333,358310,4,1023
359368,329809,3,29559
359375,339162,13,20213
359407,359087,32,320
359439,356199,48,3240
359490,346404,6,13086
359499,359494,4,5
359504,351593,4,7911
359536,318479,46,41057
359582,310718,12,48864
359594,331338,136,28256
359731,348614,3,11117
359742,311985,3,47757
359745,331580,3,28165
359754,348543,3,11211
359758,331529,3,28229
359766,346295,3,13471
359769,348533,4,11236
359774,326642,3,33132
359786,310925,3,48861
359794,348466,33,11328
359836,326645,4,33191
359851,326684,3,33167
359858,311884,3,47974
359863,331605,3,28258
359873,311909,3,47964
359878,348608,3,11270
359890,331634,52,28256
359943,359592,11,351
359956,295476,40,64480
360016,295536,79,64480
360099,343010,4,17089
360104,347784,11,12320
360145,353537,30,6608
360178,348786,52,11392
360230,318694,3,41536
360233,360106,9,127
360242,348850,108,11392
360351,343103,3,17248
360355,343107,4,17248
360360,360104,12,256
360374,347798,21,12576
360395,359626,3,769
360398,347828,36,12570
360435,347865,208,12570
360643,337432,20,23211
360663,331760,32,28903
360695,360668,24,27
360727,305727,32,55000
360759,331701,20,29058
360779,360429,3,350
360782,348212,23,12570
360805,356277,20,4528
360825,345625,101,15200
360926,330622,9,30304
360936,346408,12,14528
360950,358636,21,2314
360971,330667,4,30304
360975,332213,61,28762
361042,341004,31,20038
361073,358766,110,2307
361183,343615,49,17568
361232,333741,3,27491
361235,361075,76,160
361311,297855,51,63456
361362,359055,109,2307
361471,361183,32,288
361503,337532,20,23971
361523,361394,64,129
361587,345683,44,15904
361631,331839,8,29792
361640,360936,11,704
361654,331862,22,29792
361684,345779,50,15905
361754,359666,56,2088
361818,361786,25,32
361843,359995,2,1848
361850,357946,32,3904
361882,361734,32,148
361915,360187,43,1728
361958,345735,3,16223
361961,360233,117,1728
362078,342462,12,19616
362090,360938,10,1152
362102,336397,220,25705
362323,350698,160,11625
362504,362481,1,23
362548,361556,75,992
362623,359583,8,3040
362632,348360,138,14272
362774,326546,3,36228
362779,348512,3,14267
362784,346309,3,16475
362787,326577,3,36210
362796,311992,3,50804
362804,359759,3,3045
362811,346249,3,16562
362825,346317,3,16508
362834,359698,33,3136
362871,348542,3,14329
362875,359789,4,3086
362883,362810,3,73
362892,346326,3,16566
362899,359786,3,3113
362904,311961,3,50943
362909,331626,3,31283
362916,311023,3,51893
362927,348620,3,14307
362930,359538,45,3392
362976,362624,3,352
362980,362628,3,352
362984,362632,10,352
363034,362943,31,91
363066,362706,55,360
363130,362323,63,807
363194,361850,32,1344
363246,357998,75,5248
363324,362549,67,775
363391,359935,7,3456
363399,362632,11,767
363433,359977,19,3456
363452,347127,20,16325
363472,358045,29,5427
363504,348784,54,14720
363558,362631,11,927
363569,348721,117,14848
363686,363558,128,128
363814,363398,11,416
363825,363697,110,128
363935,319231,6,44704
363942,363815,12,127
363954,300178,84,63776
364044,364039,4,5
364049,300273,5,63776
364073,360138,3,3935
364076,300300,82,63776
364158,349598,54,14560
364212,352152,20,12060
364232,334184,256,30048
364488,334440,225,30048
364714,362323,160,2391
364938,302506,256,62432
365194,302762,62,62432
365258,364714,160,544
365481,320969,256,44512
365737,321225,63,44512
365802,365258,160,544
366026,320106,138,45920
366164,352132,20,14032
366184,364232,246,1952
366430,303774,13,62656
366463,303711,76,62752
366559,366463,76,96
366655,366559,63,96
366718,336382,235,30336
366954,364714,161,2240
367144,315639,2,51505
367178,350922,85,16256
367263,357242,32,10021
367296,351752,20,15544
367316,367296,20,20
367336,355911,20,11425
367396,303964,20,63432
367416,337272,20,30144
367436,357978,20,9458
367476,358428,20,9048
367496,359196,20,8300
367516,359387,20,8129
367576,304064,20,63512
367636,360643,20,6993
367656,361503,20,6153
367676,361882,20,5794
367756,363226,20,4530
367782,310013,2,57769
367896,364212,20,3684
367916,351499,20,16417
367936,351403,20,16533
367956,351019,20,16937
367976,366164,20,1812
367996,322784,60,45212
368056,351597,20,16459
368076,304428,146,63648
368224,368192,30,32
368256,368224,30,32
368320,352352,31,15968
368352,362548,62,5804
368415,338751,63,29664
368480,363258,33,5222
368513,368130,30,383
368544,368512,31,32
368576,366987,62,1589
368640,338048,62,30592
368704,338112,31,30592
368735,352639,32,16096
368768,368736,30,32
368800,352800,31,16000
368832,322914,31,45918
368864,352896,31,15968
368896,352960,31,15936
368928,352992,31,15936
368960,353056,31,15904
368992,361268,31,7724
369024,354330,31,14694
369056,368481,31,575
369088,369056,31,32
369119,353151,32,15968
369151,368671,31,480
369184,353216,31,15968
369216,338464,62,30752
369280,323712,63,45568
369343,338527,32,30816
369376,353344,31,16032
369408,366593,31,2815
369439,323903,63,45536
369504,338720,62,30784
369568,342977,31,26591
369600,369471,32,129
369636,324132,10,45504
369673,366661,54,3012
369727,305823,8,63904
369736,305832,16,63904
369772,305868,50,63904
369822,362622,9,7200
369836,348843,2,20993
369838,369833,3,5
369842,362642,128,7200
369970,331579,3,38391
369973,362792,4,7181
369978,326548,3,43430
369985,326550,3,43435
369988,348633,3,21355
369992,346205,3,23787
370003,359758,3,10245
370007,311018,3,58989
370013,331481,3,38532
370016,348596,3,21420
370034,348562,33,21472
370069,362772,4,7297
370076,326666,3,43410
370080,359847,3,10233
370085,310897,3,59188
370088,359877,3,10211
370092,362882,3,7210
370096,310998,3,59098
370099,370018,3,81
370103,346240,3,23863
370107,346198,3,23909
370114,362820,3,7294
370117,362786,3,7331
370124,331498,3,38626
370131,369683,44,448
370175,356095,3,14080
370187,359956,40,10231
370227,341724,43,28503
370279,367210,55,3069
370334,354782,8,15552
370348,354796,129,15552
370509,370477,32,32
370541,354989,103,15552
370645,355093,230,15552
370881,323109,26,47772
370913,363364,28,7549
370945,366799,90,4146
371041,370881,26,160
371073,355521,96,15552
371189,366320,106,4869
371295,341503,3,29792
371299,341507,7,29792
371329,370208,3,1121
371336,355835,13,15501
371368,359407,80,11961
371448,371393,7,55
371460,371400,3,60
371473,358636,22,12837
371495,311570,7,59925
371502,366755,3,4747
371509,358992,63,12517
371572,328211,32,43361
371605,366795,95,4810
371701,328340,87,43361
371788,311568,21,60220
371809,355847,44,15962
371861,361267,44,10594
371925,361555,73,10370
371998,328990,9,43008
372008,371464,5,544
372013,371464,6,549
372019,329011,254,43008
372275,372243,31,32
372307,372275,31,32
372339,372307,31,32
372371,372339,31,32
372403,329395,224,43008
372691,342931,75,29760
372774,372013,6,761
372819,372115,57,704
372876,372805,7,71
372915,368512,44,4403
372979,370689,62,2290
373042,323615,32,49427
373075,371702,57,1373
373139,373075,30,64
373171,344443,57,28728
373228,372876,7,352
373235,373171,31,64
373267,373235,31,32
373299,357243,60,16056
373359,373327,3,32
373362,353791,32,19571
373395,338016,62,35379
373457,371167,2,2290
373479,371747,43,1732
373523,371636,63,1887
373586,373522,65,64
373651,373459,64,192
373715,373651,127,64
373842,373841,97,1
373939,371400,43,2539
373987,333478,3,40509
373992,371303,2,2689
373997,328119,189,45878
374186,356858,63,17328
374250,368770,29,5480
374282,357018,127,17264
374410,357146,95,17264
374505,328627,34,45878
374539,357563,31,16976
374571,328661,31,45910
374602,328724,160,45878
374763,357307,23,17456
374794,366344,84,8450
374880,369824,3,5056
374884,360099,4,14785
374894,374889,4,5
374899,346066,129,28833
375029,331509,3,43520
375033,348518,3,26515
375049,346332,3,28717
375055,326694,3,48361
375061,311886,3,63175
375072,331597,3,43475
375077,326682,3,48395
375081,331515,4,43566
375085,362896,4,12189
375090,346257,33,28833
375123,370017,3,5106
375131,331629,3,43502
375143,348498,3,26645
375146,311017,3,64129
375150,362917,3,12233
375155,331612,3,43543
375160,375035,3,125
375164,348520,3,26644
375168,346329,3,28839
375174,331476,3,43698
375180,359872,3,15308
375187,362579,44,12608
375231,312159,3,63072
375235,312163,7,63072
375242,374891,8,351
375250,355762,3,19488
375254,355766,21,19488
375275,329802,8,45473
375283,355796,101,19487
375384,370871,2,4513
375386,375373,12,13
375398,337352,20,38046
375418,368320,30,7098
375450,329848,32,45602
375482,353510,25,21972
375514,371925,69,3589
375583,363391,7,12192
375591,374889,11,702
375604,358165,40,17439
375644,360119,20,15525
375664,375202,29,462
375696,364112,47,11584
375743,369823,8,5920
375757,375752,4,5
375762,359602,129,16160
375892,326650,3,49242
375901,359776,3,16125
375904,370028,3,5876
375916,331603,3,44313
375921,346303,3,29618
375930,348652,3,27278
375933,346327,3,29606
375939,375897,3,42
375944,375039,3,905
375949,370097,3,5852
375954,346258,34,29696
375991,311887,3,64104
375996,348594,3,27402
376002,348555,3,27447
376006,326576,4,49430
376016,311000,3,65016
376023,362869,3,13154
376026,331615,3,44411
376029,312004,3,64025
376037,376035,3,2
376040,376024,3,16
376044,370007,3,6037
376050,346354,45,29696
376096,372000,3,4096
376100,374884,4,1216
376105,375752,10,353
376119,360950,86,15169
376205,364208,5,11997
376212,361043,31,15169
376244,361075,108,15169
376352,360805,44,15547
376404,376244,76,160
376500,361331,140,15169
376640,376352,32,288
376692,333081,102,43611
376794,375226,16,1568
376810,376107,9,703
376819,375251,147,1568
376966,322584,20,54382
376986,375418,172,1568
377159,375752,11,1407
377170,375602,42,1568
377212,331740,50,45472
377264,363888,53,13376
377322,369836,2,7486
377324,377319,3,5
377328,363952,79,13376
377407,343007,7,34400
377415,377318,11,97
377456,375696,47,1760
377503,345727,11,31776
377514,377417,9,97
377526,345750,22,31776
377554,345778,51,31776
377625,375826,57,1799
377682,312205,7,65477
377689,377657,26,32
377720,373746,33,3974
377753,377605,32,148
377785,348313,46,29472
377832,377512,10,320
377842,369842,129,8000
377987,369984,3,8003
377996,369977,3,8019
378007,375940,3,2067
378011,348655,3,29356
378015,326567,3,51448
378021,346338,3,31683
378028,359788,3,18240
378033,359793,33,18240
378067,348607,3,29460
378071,331497,3,46574
378076,348546,3,29530
378080,348551,3,29529
378084,377978,3,106
378087,326571,3,51516
378093,370066,3,8027
378097,359870,3,18227
378102,375904,3,2198
378111,370101,3,8010
378114,318073,3,60041
378117,346211,3,31906
378120,359883,3,18237
378123,370092,3,8031
378127,375138,3,2989
378131,377363,51,768
378183,377415,12,768
378218,377450,52,768
378270,318430,10,59840
378280,377834,9,446
378289,369643,3,8646
378322,356210,52,22112
378380,378375,4,5
378409,377193,19,1216
378448,369346,29,9102
378480,364112,100,14368
378600,349352,256,29248
378856,349608,44,29248
378920,378600,256,320
379176,378856,44,320
379240,349672,256,29568
379496,349928,225,29568
379722,366954,160,12768
379946,367178,85,12768
380031,351103,52,28928
380103,351175,215,28928
380318,350462,235,29856
380554,379722,160,832
380778,379946,85,832
380863,351583,4,29280
380868,366626,9,14242
380880,380862,2,18
380897,351617,62,29280
380962,380868,9,94
380991,366559,66,14432
381057,351009,10,30048
381087,351423,76,29664
381183,337055,96,44128
381280,337152,20,44128
381300,322304,20,58996
381360,367316,20,14044
381380,351792,20,29588
381400,371905,20,9495
381440,372959,20,8481
381500,375398,20,6102
381560,376672,20,4888
381580,376966,20,4614
381600,367636,20,13964
381640,337312,20,44328
381660,377753,20,3907
381700,381640,20,60
381760,378580,20,3180
381780,378900,20,2880
381800,379220,20,2580
381840,380083,20,1757
381880,380115,20,1765
381900,352172,20,29728
381920,352232,20,29688
381940,352212,20,29728
381960,381222,56,738
382048,368320,31,13728
382080,377083,62,4997
382143,353215,32,28928
382176,323744,62,58432
382238,338014,64,44224
382304,368608,31,13696
382336,368640,31,13696
382368,381986,31,382
382399,323295,32,59104
382431,352703,64,29728
382496,382464,31,32
382528,368768,62,13760
382592,382560,30,32
382624,352768,62,29856
382687,368799,32,13888
382719,344639,32,38080
382752,352832,31,29920
382784,352864,31,29920
382816,368832,31,13984
382848,382816,31,32
382879,323487,32,59392
382912,382209,61,703
382973,353117,2,29856
382976,368992,63,13984
383040,383008,31,32
383072,369056,94,14016
383166,369726,9,13440
383176,369736,16,13440
383212,369772,50,13440
383262,340894,8,42368
383270,325446,3,57824
383273,370345,4,12928
383277,340909,127,42368
383405,341037,99,42368
383537,377721,32,5816
383569,383505,63,64
383632,380782,29,2850
383791,355663,80,28128
383871,358303,4,25568
383885,377526,22,6359
383914,377555,50,6359
383984,380199,57,3785
384048,384016,25,32
384080,383537,32,543
384112,383964,32,148
384144,383821,46,323
384190,356574,12,27616
384202,372010,10,12192
384214,327030,23,57184
384243,356627,256,27616
384499,356883,256,27616
384755,357139,164,27616
384922,357306,27,27616
384954,327770,26,57184
384980,384237,6,743
384986,357370,256,27616
385242,357626,36,27616
385278,378366,8,6912
385287,384200,10,1087
385297,377169,43,8128
385340,384215,20,1125
385360,384990,29,370
385392,360304,47,25088
385453,347126,60,38327
385514,347187,176,38327
385690,384390,32,1300
385722,347395,107,38327
385829,384009,7,1820
385838,382757,26,3081
385870,347543,121,38327
385991,385863,19,128
386030,380782,81,5248
386115,373988,5,12127
386124,385722,20,402
386150,382918,25,3232
386180,367208,59,18972
386239,377311,6,8928
386246,376808,11,9438
386257,377329,78,8928
386335,385279,7,1056
386343,377159,11,9184
386377,371329,19,15048
386413,378899,2,7514
386416,364080,79,22336
386495,355743,8,30752
386503,377831,3,8672
386506,386248,9,258
386518,355766,22,30752
386546,371500,4,15046
386550,376853,49,9697
386599,342293,51,44306
386651,385998,13,653
386664,337513,19,49151
386683,376986,31,9697
386715,386470,25,245
386740,386541,7,199
386747,370756,29,15991
386779,385210,68,1569
386847,358143,7,28704
386855,386504,11,351
386869,329781,21,57088
386890,386377,3,513
386897,369394,13,17503
386929,344347,32,42582
386961,358257,46,28704
387007,375743,11,11264
387018,377834,136,9184
387158,370126,4,17032
387162,375153,3,12009
387165,378108,3,9057
387168,370024,3,17144
387172,375931,3,11241
387178,346241,3,40937
387185,331501,3,55684
387188,348531,3,38657
387191,376022,3,11169
387195,331617,3,55578
387202,359880,3,27322
387206,375146,3,12060
387218,375858,34,11360
387270,326572,3,60698
387274,362799,3,24475
387283,376014,3,11269
387287,362813,3,24474
387291,370025,3,17266
387303,375141,3,12162
387308,378067,3,9241
387312,331632,54,55680
387366,377511,11,9855
387377,385297,43,2080
387440,385777,29,1663
387472,360048,55,27424
387528,377512,12,10016
387569,387507,12,62
387581,381700,20,5881
387601,378321,53,9280
387655,387367,11,288
387668,331700,40,55968
387728,361203,30,26525
387760,386448,47,1312
387808,387008,3,800
387812,331844,6,55968
387818,387530,9,288
387851,379201,3,8650
387858,338079,32,49779
387890,328788,97,59102
387987,387986,29,1
388018,387954,58,64
388082,387314,52,768
388134,386503,3,1631
388140,388135,3,5
388145,387377,43,768
388188,386909,48,1279
388240,356368,54,31872
388300,388295,4,5
388310,378428,20,9882
388330,388169,3,161
388337,380586,60,7751
388397,378476,50,9921
388447,348831,9,39616
388459,388454,6,5
388465,348849,163,39616
388628,381860,20,6768
388648,379240,256,9408
388904,379496,224,9408
389130,380554,160,8576
389290,386547,2,2743
389354,364938,256,24416
389610,365194,63,24416
389674,389130,160,544
389898,365482,256,24416
390154,365738,62,24416
390218,389674,160,544
390442,366026,138,24416
390580,381820,20,8760
390600,366184,249,24416
390849,351393,10,39456
390879,336959,76,53920
390975,390879,76,96
391071,366655,256,24416
391327,366911,42,24416
391370,390218,160,1152
391533,384072,2,7461
391594,367178,116,24416
391712,381300,20,10412
391732,351772,20,39960
391752,384112,20,7640
391812,386010,20,5802
391892,386663,20,5229
391912,351892,20,40020
391972,387581,20,4391
391992,367656,20,24336
392052,381740,20,10312
392090,391720,1,370
392092,388628,20,3464
392112,380971,20,11141
392132,381163,20,10969
392152,381067,20,11085
392172,390580,20,1592
392192,368036,20,24156
392212,368016,20,24196
392232,367996,20,24236
392252,380877,20,11375
392272,391662,48,610
392326,392319,1,7
392352,382048,31,10304
392384,386780,62,5604
392448,392416,31,32
392480,369472,62,23008
392542,338365,32,54177
392576,384507,31,8069
392608,392576,31,32
392640,368672,31,23968
392672,382400,31,10272
392703,382527,32,10176
392736,382560,31,10176
392768,382592,31,10176
392800,382592,62,10208
392862,382686,64,10176
392928,382784,31,10144
392959,352863,32,40096
392992,382848,31,10144
393024,352896,94,40128
393119,392512,32,607
393152,393120,31,32
393184,382976,94,10208
393280,369152,31,24128
393311,392289,32,1022
393344,369312,62,24032
393408,369376,62,24032
393472,391009,31,2463
393504,383136,39,10368
393544,383176,16,10368
393580,383212,50,10368
393630,393534,9,96
393640,393544,16,96
393676,358657,7,35019
393683,393587,43,96
393732,393634,4,98
393738,369832,9,23906
393781,387890,62,5891
393843,368574,33,25269
393877,384858,61,9019
393938,384279,34,9659
393973,391680,31,2293
394005,393941,31,64
394041,382642,13,11399
394054,393754,19,300
394073,394005,30,68
394105,384029,13,10076
394137,380838,26,13299
394169,378240,32,15929
394201,394073,44,128
394245,339013,84,55232
394329,394009,95,320
394425,376954,13,17471
394457,394137,26,320
394489,394169,63,320
394553,394233,191,320
394745,333832,13,60913
394776,380837,27,13939
394808,394168,64,640
394873,394553,122,320
394995,393907,27,1088
395029,394997,26,32
395061,395029,27,32
395093,391498,32,3595
395189,372691,73,22498
395262,383262,8,12000
395270,339942,3,55328
395276,383276,128,12000
395405,341037,100,54368
395537,343071,33,52466
395570,395506,62,64
395632,391598,29,4034
395790,341422,80,54368
395870,370334,8,25536
395879,395271,6,608
395885,370349,63,25536
395949,370413,64,25536
396013,383569,32,12444
396045,383569,63,12476
396108,354060,71,42048
396181,395947,2,234
396203,370667,205,25536
396417,395845,26,572
396449,382307,28,14142
396480,376771,29,19709
396513,394617,59,1896
396572,396508,30,64
396609,371073,96,25536
396705,348073,46,48632
396751,391596,80,5155
396835,371299,6,25536
396845,371348,20,25497
396872,396345,63,527
396935,360466,63,36469
397000,391626,55,5374
397058,347107,4,49951
397064,386246,12,10818
397076,341514,42,55562
397118,375644,20,21474
397138,360016,77,37122
397215,386239,6,10976
397222,386246,88,10976
397311,332159,3,65152
397315,332163,4,65152
397325,397320,4,5
397334,347798,22,49536
397361,386547,3,10814
397365,385478,35,11887
397401,360435,126,36966
397527,385672,18,11855
397545,386567,83,10978
397629,371054,13,26575
397661,392452,27,5209
397688,397357,5,331
397693,397435,30,258
397725,345623,98,52102
397823,388447,7,9376
397830,386114,3,11716
397833,397322,9,511
397842,388466,109,9376
397951,361631,8,36320
397959,346055,3,51904
397962,397833,9,129
397974,361654,22,36320
398004,383914,37,14090
398042,386099,13,11943
398074,390696,56,7378
398137,393317,26,4820
398169,396672,33,1497
398202,398054,32,148
398235,397914,36,321
398274,378177,4,20097
398279,397320,12,959
398294,387708,20,10586
398314,380064,3,18250
398317,344635,35,53682
398353,396874,61,1479
398417,398385,30,32
398449,361491,60,36958
398509,397397,3,1112
398514,390994,46,7520
398562,357668,5,40894
398567,398280,11,287
398578,362996,3,35582
398581,367756,20,30825
398604,356204,58,42400
398663,388135,11,10528
398676,397078,40,1598
398736,360016,78,38720
398815,371999,3,26816
398819,372003,4,26816
398824,398663,10,161
398838,360374,24,38464
398862,397364,181,1498
399043,397577,32,1466
399075,360759,22,38316
399097,397599,42,1498
399139,360643,50,38496
399191,399159,29,32
399223,345623,103,53600
399326,398654,8,672
399335,398663,11,672
399349,347363,20,51986
399369,363433,62,35936
399431,347502,9,51929
399440,398768,47,672
399488,398816,3,672
399492,341667,5,57825
399497,398825,10,672
399510,385453,21,14057
399537,376849,4,22688
399541,397364,213,2177
399754,376902,51,22852
399806,399793,12,13
399818,367576,20,32242
399838,399780,25,58
399863,399532,7,331
399870,381255,25,18615
399902,399223,96,679
399998,387006,9,12992
400007,361639,3,38368
400010,359594,136,40416
400146,362886,3,37260
400163,375903,3,24260
400172,348625,3,51547
400175,359839,3,40336
400178,375155,3,25023
400184,348502,3,51682
400191,359735,3,40456
400209,378033,33,22176
400246,387269,3,12977
400249,348549,3,51700
400252,378069,3,22183
400256,370022,3,30234
400269,362914,3,37355
400274,400171,3,103
400278,387254,3,13024
400288,362879,3,37409
400291,376016,3,24275
400296,400279,4,17
400306,348658,52,51648
400364,400359,4,5
400369,364049,110,36320
400479,399999,8,480
400488,388295,10,12193
400498,400018,128,480
400628,362924,3,37704
400636,362818,3,37818
400642,378122,3,22520
400652,400627,3,25
400656,346346,4,54310
400660,375038,3,25622
400663,362823,3,37840
400675,346319,3,54356
400685,376043,4,24642
400690,400594,32,96
400723,362802,3,37921
400726,400250,3,476
400730,375173,3,25557
400737,359836,3,40901
400748,362922,3,37826
400754,378123,3,22631
400759,400264,3,495
400768,346250,3,54518
400772,387155,3,13617
400777,378100,3,22677
400780,400727,3,53
400786,362930,45,37856
400831,390527,53,10304
400884,392152,20,8732
400904,378920,256,21984
401160,379176,44,21984
401204,392132,20,9072
401224,400904,256,320
401480,401160,44,320
401524,392112,20,9412
401544,379240,256,22304
401800,379496,225,22304
402026,391370,160,10656
402250,389898,256,12352
402506,390154,63,12352
402570,402026,160,544
402732,402728,1,4
402794,402250,256,544
403050,402506,62,544
403114,402570,160,544
403338,402794,84,544
403422,391038,13,12384
403455,390975,66,12480
403522,403426,9,96
403551,351039,75,52512
403627,380043,40,23584
403667,392252,32,11415
403699,351187,204,52512
403903,380863,4,23040
403908,403522,9,386
403937,351617,94,52320
404032,391712,20,12320
404052,404032,20,20
404092,391732,20,12360
404112,381360,40,22752
404152,367596,20,36556
404192,397641,20,6551
404232,398202,20,6030
404252,398461,20,5791
404272,398581,20,5691
404312,399139,20,5173
404332,351972,20,52360
404352,399818,20,4534
404432,400884,20,3548
404452,401204,20,3248
404472,380971,21,23501
404493,390860,19,13633
404512,390955,20,13557
404532,391051,20,13481
404592,403667,20,925
404612,352252,60,52360
404704,392352,31,12352
404736,399931,62,4805
404800,404768,31,32
404832,404800,30,32
404864,404736,31,128
404896,382272,62,22624
404958,368542,64,36416
405023,392927,32,12096
405055,399642,32,5413
405088,393216,62,11872
405152,393440,62,11712
405216,339809,31,65407
405248,369568,62,35680
405311,353599,32,51712
405344,405312,31,32
405376,359457,31,45919
405408,353632,62,51776
405472,405440,31,32
405504,393601,31,11903
405536,353760,31,51776
405568,405536,30,32
405599,405055,31,544
405632,352448,31,53184
405664,405632,30,32
405695,405599,31,96
405728,394841,31,10887
405760,403243,31,2517
405792,405760,31,32
405824,360728,31,45096
405856,405824,31,32
405887,383135,40,22752
405928,393640,16,12288
405964,393580,51,12384
406015,397215,6,8800
406022,369832,10,36190
406032,397232,78,8800
406126,370227,20,35899
406154,405170,13,984
406186,393909,63,12277
406250,399742,44,6508
406294,384486,32,21808
406326,406166,32,160
406358,381340,20,25018
406378,370247,32,36131
406410,406224,25,186
406442,406410,25,32
406474,385774,44,20700
406538,403210,63,3328
406601,403145,64,3456
406666,352544,62,54122
406730,371005,31,35725
406762,396968,31,9794
406793,384569,128,22224
406921,382271,32,24650
406958,399742,47,7216
407006,403767,47,3239
407053,406921,32,132
407085,341913,96,65172
407182,406794,158,388
407340,404731,2,2609
407346,406958,44,388
407410,406378,56,1032
407466,399311,17,8155
407483,407391,42,92
407525,407237,105,288
407634,407346,44,288
407678,371521,43,36157
407721,407433,49,288
407770,407098,51,672
407822,407790,63,32
407885,371512,60,36373
407945,407533,95,412
408046,407978,44,68
408090,406166,51,1924
408141,376563,77,31578
408218,407646,32,572
408250,408090,51,160
408302,384538,159,23764
408461,407981,60,480
408526,385710,47,22816
408573,407005,79,1568
408652,384536,14,24116
408666,385722,50,22944
408716,407532,97,1184
408814,386146,28,22668
408842,394897,99,13945
408941,407505,125,1436
409070,406282,44,2788
409136,406444,61,2692
409197,408365,156,832
409354,408522,16,832
409370,384486,35,24884
409405,408573,80,832
409486,408906,160,580
409650,409358,44,292
409694,406358,43,3336
409737,408841,65,896
409802,403945,52,5857
409854,395870,8,13984
409868,370348,129,39520
409997,395569,32,14428
410029,395569,63,14460
410092,370572,72,39520
410165,370645,197,39520
410369,355297,57,55072
410426,387419,2,23007
410432,410333,29,99
410464,409521,92,943
410560,371268,28,39292
410592,355520,97,55072
410704,379219,2,31485
410709,409746,105,963
410820,364035,5,46785
410825,356264,9,54561
410839,356316,20,54523
410867,399642,44,11225
410931,410493,63,438
410994,368575,63,42419
411058,404959,32,6099
411091,399642,63,11449
411155,399063,44,12092
411199,376640,32,34559
411231,367376,20,43855
411251,386683,31,24568
411283,404896,62,6387
411345,399640,65,11705
411410,407117,64,4293
411475,387218,33,24257
411511,411383,59,128
411571,410899,44,672
411635,411155,44,480
411679,397577,49,14102
411731,409518,95,2213
411826,411506,109,320
411955,411667,44,288
411999,360805,49,51194
412051,411731,95,320
412147,406100,11,6047
412163,356352,10,55811
412179,411155,76,1024
412255,407162,50,5093
412306,372146,32,40160
412339,411380,44,959
412383,411231,48,1152
412431,411727,28,704
412467,403968,63,8499
412531,411315,44,1216
412575,410911,51,1664
412627,411699,127,928
412754,412595,32,159
412821,412795,3,26
412829,370076,3,42753
412836,412807,9,29
412848,412818,11,30
412865,362777,3,50088
412871,412836,3,35
412882,412851,3,31
412885,412871,3,14
412919,412850,5,69
412924,412885,3,39
412935,412794,4,141
412993,375177,3,37816
413139,377984,3,35155
413184,376004,3,37180
413267,400207,3,13060
413286,399270,57,14016
413343,388287,7,25056
413356,413351,3,5
413365,403627,23,9738
413388,386379,17,27009
413425,400400,77,13025
413508,413347,3,161
413512,413351,11,161
413527,413405,20,122
413553,399538,2,14015
413561,403105,6,10456
413605,409662,20,3943
413636,413565,1,71
413661,413501,2,160
413705,413661,1,44
413721,410061,62,3660
413786,408194,12,5592
413817,405373,2,8444
413820,413791,6,29
413829,413573,20,256
413849,413820,6,29
413855,413548,6,307
413861,405100,19,8761
413881,413849,30,32
413913,413881,31,32
413945,413849,31,96
413977,413945,31,32
414009,413913,31,96
414041,413977,31,64
414073,414009,31,64
414105,414041,31,64
414137,414073,31,64
414169,414137,31,32
414201,414169,31,32
414233,414105,31,128
414265,414233,31,32
414297,414265,31,32
414329,414201,31,128
414361,414297,31,64
414393,414361,31,32
414425,414393,31,32
414457,414329,31,128
414489,414425,31,64
414521,414489,31,32
414553,414457,31,96
414585,414521,31,64
414617,414553,31,64
414649,414585,31,64
414681,414617,31,64
414713,414649,31,64
414745,414713,31,32
414777,414681,31,96
414809,414777,31,32
414841,414809,30,32
414873,414841,31,32
414905,414745,31,160
414937,414809,31,128
414969,414905,31,64
415001,414937,31,64
415033,414969,31,64
415065,415001,31,64
415097,415033,31,64
415129,415065,31,64
415161,415097,31,64
415193,415129,31,64
415225,415161,31,64
415257,415193,31,64
415289,415225,31,64
415321,415289,31,32
415353,415321,31,32
415385,414873,31,512
415416,414008,31,1408
415454,412753,33,2701
415488,400480,3,15008
415492,413508,3,1984
415496,385444,5,30052
415501,385444,6,30057
415507,357683,24,57824
415538,357715,19,57823
415577,415455,31,122
415609,357786,63,57823
415673,415545,63,128
415736,357913,65,57823
415801,415685,63,116
415864,358041,102,57823
415972,359490,5,56482
415981,415976,5,5
415990,373997,256,41993
416246,374253,25,41993
416271,416241,2,30
416275,374282,256,41993
416531,374538,248,41993
416787,399251,76,17536
416863,358143,10,58720
416873,415978,9,895
416882,358162,141,58720
417023,399487,8,17536
417037,417032,4,5
417046,398838,21,18208
417073,386546,4,30527
417077,397364,256,19713
417333,397620,21,19713
417374,392997,26,24377
417400,417069,6,331
417406,417405,29,1
417438,399223,97,18215
417535,363935,8,53600
417543,397832,11,19711
417554,363954,84,53600
417638,387366,3,30272
417641,397833,117,19808
417758,417757,1,1
417763,417635,3,128
417767,398566,12,19201
417809,410165,2,7644
417816,417342,13,474
417831,390440,3,27391
417848,417114,63,734
417911,417711,40,200
417951,416863,7,1088
417958,373987,3,43971
417961,399498,9,18463
417973,416885,40,1088
418033,405025,30,13008
418065,416977,46,1088
418111,376799,8,41312
418119,417638,3,481
418122,398826,10,19296
418134,376822,22,41312
418156,377682,7,40474
418163,376851,115,41312
418298,411251,31,7047
418330,377657,56,40673
418394,417880,69,514
418467,415492,5,2975
418472,400009,10,18463
418484,386123,51,32361
418535,363064,2,55471
418544,386192,53,32352
418598,418471,10,127
418608,417552,86,1056
418695,418598,11,97
418709,360118,55,58591
418768,400432,55,18336
418823,417541,3,1282
418826,400010,137,18816
418963,378067,63,40896
419026,377938,96,41088
419122,359538,53,59584
419176,400359,10,18817
419186,418834,128,352
419314,375951,3,43363
419319,359733,3,59586
419328,375145,3,44183
419334,375913,3,43421
419343,375055,3,44288
419349,375895,3,43454
419353,375900,3,43453
419357,418999,4,358
419361,418993,3,368
419364,375038,4,44326
419369,400626,3,18743
419372,362811,3,56561
419377,419025,33,352
419412,359762,3,59650
419417,369990,3,49427
419426,419085,3,341
419434,387181,3,32253
419437,375051,3,44386
419441,419328,3,113
419448,419062,3,386
419451,375935,3,43516
419454,400758,3,18696
419458,400253,3,19205
419464,400670,3,18794
419474,400306,52,19168
419531,406026,2,13505
419533,419528,4,5
419537,388465,163,31072
419700,404532,20,15168
419720,401224,256,18496
419976,401480,44,18496
420020,404492,20,15528
420040,419720,256,320
420296,419976,44,320
420340,404512,20,15828
420360,401544,256,18816
420616,401800,224,18816
420842,403114,160,17728
421066,402794,256,18272
421322,403050,62,18272
421385,406569,96,14816
421481,420937,65,544
421610,391594,85,30016
421695,403519,12,18176
421727,403455,66,18272
421794,421698,9,96
421823,421727,66,96
421890,421794,9,96
421919,391071,256,30848
422175,391327,42,30848
422218,421386,160,832
422380,422376,1,4
422442,391594,117,30848
422560,404052,20,18508
422600,381340,40,41260
422640,412383,20,10257
422680,413593,8,9087
422688,413625,12,9063
422700,415801,20,6899
422720,391792,20,30928
422760,417354,20,5406
422820,417828,20,4992
422860,418278,20,4582
422920,381520,20,41400
423000,391051,21,31949
423021,404493,39,18528
423060,403531,20,19529
423080,403435,20,19645
423100,381940,20,41160
423120,381900,40,41220
423160,403917,20,19243
423180,368076,146,55104
423328,423296,30,32
423360,423328,30,32
423391,412156,2,11235
423424,404704,31,18720
423456,418395,62,5061
423519,378144,32,45375
423552,405376,31,18176
423584,392512,95,31072
423680,406730,31,16950
423711,395537,32,28174
423744,392672,31,31072
423776,406080,31,17696
423808,410526,31,13282
423840,404992,31,18848
423872,405024,31,18848
423904,392960,94,30944
423999,423711,31,288
424030,393054,33,30976
424064,393120,63,30944
424128,417179,31,6949
424159,373042,32,51117
424192,368481,61,55711
424253,396407,2,27846
424256,424224,31,32
424287,382111,32,42176
424319,393311,32,31008
424352,418235,31,6117
424383,393407,32,30976
424416,405152,31,19264
424447,392415,32,32032
424479,369439,32,55040
424512,405216,31,19296
424544,424512,31,32
424576,424319,31,257
424644,416951,26,7693
424676,422474,58,2202
424734,409854,8,14880
424748,409868,129,14880
424909,424877,32,32
424941,410061,103,14880
425045,410165,197,14880
425249,370849,56,54400
425312,424035,28,1277
425344,384607,91,40737
425440,423781,26,1659
425468,392077,3,33391
425471,422312,33,3159
425504,410624,65,14880
425589,420496,105,5093
425694,395262,8,30432
425703,424743,6,960
425709,395277,127,30432
425837,383405,100,42432
425969,425537,32,432
426001,425937,63,64
426064,425617,29,447
426168,426091,1,77
426222,383790,80,42432
426302,425694,8,608
426311,425703,233,608
426577,423711,32,2866
426609,426545,63,64
426672,426225,29,447
426830,395790,80,31040
426916,396835,6,30081
426946,419210,4,7736
426954,422253,29,4701
426985,426956,26,29
427018,420456,44,6562
427082,418298,31,8784
427114,416307,44,10807
427158,363413,20,63745
427178,418170,32,9008
427210,421098,53,6112
427263,383871,4,43392
427277,383885,22,43392
427305,377554,51,49751
427376,420456,57,6920
427433,399863,30,27570
427463,427431,3,32
427471,425536,33,1935
427504,427356,32,148
427536,384144,58,43392
427597,427592,5,5
427606,384214,22,43392
427635,384243,256,43392
427891,384499,256,43392
428147,384755,164,43392
428314,384922,27,43392
428347,425160,25,3187
428372,427629,6,743
428378,384986,256,43392
428634,385242,36,43392
428670,415966,9,12704
428680,427592,11,1088
428694,415990,256,12704
428950,416246,25,12704
428979,416275,256,12704
429235,416531,249,12704
429491,416787,83,12704
429579,397226,3,32353
429587,418213,2,11374
429589,386869,24,42720
429617,419688,13,9929
429649,413477,26,16172
429682,388242,52,41440
429734,429574,103,160
429841,387601,53,42240
429894,398565,3,31329
429897,429737,8,160
429905,388145,43,41760
429948,410839,20,19109
429968,429206,29,762
430000,386448,55,43552
430055,429734,3,321
430060,387654,3,42406
430070,386518,196,43552
430267,386715,61,43552
430331,429491,67,840
430398,399998,12,30400
430410,430058,8,352
430418,375762,129,54656
430550,419008,3,11542
430556,419374,3,11182
430560,412993,3,17567
430571,387164,3,43407
430575,370030,3,60545
430583,400153,3,30430
430591,375989,3,54602
430594,375994,3,54600
430598,400752,3,29846
430610,400594,33,30016
430647,430546,3,101
430652,387293,3,43359
430656,419319,4,11337
430667,375048,3,55619
430671,419362,3,11309
430674,430671,3,3
430678,387282,3,43396
430681,370078,3,60603
430685,375942,3,54743
430691,418979,3,11712
430694,400195,3,30499
430699,419318,3,11381
430706,376050,45,54656
430752,376096,3,54656
430755,397058,4,33697
430759,417958,3,12801
430762,430058,10,704
430774,398838,23,31936
430797,385476,37,45321
430835,385514,256,45321
431091,385770,2,45321
431093,417340,14,13753
431107,430879,49,228
431159,431101,26,58
431191,385870,121,45321
431312,431184,19,128
431331,422680,20,8651
431351,429495,72,1856
431423,377311,9,54112
431432,430762,9,670
431441,397233,78,34208
431519,417023,8,14496
431528,430760,12,768
431542,417046,67,14496
431609,387217,33,44392
431642,417146,194,14496
431838,417342,94,14496
431934,417438,97,14496
432031,429727,7,2304
432038,430407,11,1631
432061,432030,1,31
432074,413386,19,18688
432093,387831,20,44262
432113,400400,78,31713
432191,429727,10,2464
432201,432041,9,160
432210,429746,140,2464
432350,430398,9,1952
432365,432360,4,5
432370,418834,129,13536
432501,419331,3,13170
432509,400246,4,32263
432513,419317,3,13196
432518,419430,3,13088
432523,419111,3,13412
432535,419067,3,13468
432545,419088,3,13457
432549,375162,3,57387
432552,419107,3,13445
432556,419061,3,13495
432561,430609,33,1952
432599,430690,3,1909
432606,430579,3,2027
432609,419435,3,13174
432624,400732,3,31892
432633,375131,3,57502
432636,432518,3,118
432639,430560,4,2079
432649,419078,3,13571
432654,432619,3,35
432659,378227,52,54432
432715,432710,4,5
432720,421895,4,10825
432753,432305,46,448
432799,420287,53,12512
432872,420040,256,12832
433128,420296,44,12832
433192,401544,256,31648
433448,401800,225,31648
433674,422218,160,11456
433849,433832,1,17
433898,389354,256,44544
434154,389610,63,44544
434218,433674,160,544
434442,390442,138,44000
434600,433192,256,1408
434856,433448,224,1408
435082,434218,160,864
435306,421610,87,13696
435393,381153,10,54240
435406,429886,2,5520
435423,403551,75,31872
435498,380042,41,55456
435559,403687,216,31872
435775,421887,12,13888
435807,435423,64,384
435871,403903,4,31968
435876,435778,9,98
435905,403937,95,31968
436020,422620,20,13400
436040,404092,20,31948
436060,436040,20,20
436080,427062,20,9018
436100,427504,20,8596
436200,422880,20,13320
436220,430215,20,6005
436260,431331,20,4929
436300,431850,20,4450
436320,392012,20,44308
436382,429947,2,6435
436400,432852,20,3548
436420,433172,20,3248
436451,432297,2,4154
436480,434580,20,1900
436507,388627,2,47880
436520,404552,20,31968
436540,435539,20,1001
436560,404572,20,31988
436580,404612,60,31968
436672,423424,31,13248
436704,431963,62,4741
436768,405632,31,31136
436799,436704,31,95
436832,382208,94,54624
436928,425154,31,11774
436959,423871,32,13088
436992,393056,62,43936
437056,424192,31,12864
437088,424256,31,12832
437120,424288,31,12832
437152,437120,31,32
437184,371760,31,65424
437216,437184,31,32
437248,393344,62,43904
437311,437023,31,288
437344,424416,31,12928
437375,437311,31,64
437408,435745,31,1663
437439,437375,31,64
437472,437440,31,32
437504,424544,31,12960
437535,431392,32,6143
437568,432673,31,4895
437600,423296,31,14304
437632,405472,62,32160
437696,437664,30,32
437728,437696,31,32
437760,437535,31,225
437840,437787,4,53
437846,431849,2,5997
437864,398445,2,39419
437888,426407,6,11481
437895,435869,3,2026
437900,407482,20,30418
437923,437889,4,34
437949,437900,22,49
437972,399814,5,38158
437998,427158,20,10840
438018,435913,60,2105
438079,393727,3,44352
438083,393731,6,44352
438090,393738,11,44352
438104,393752,23,44352
438128,393776,67,44352
438197,438048,31,149
438229,406602,94,31627
438325,407054,62,31271
438389,438230,31,159
438420,438292,32,128
438452,394676,68,43776
438521,436723,13,1798
438553,394137,27,44416
438584,432671,33,5913
438617,438489,44,128
438661,394565,179,44096
438841,438827,12,14
438873,438553,27,320
438904,394808,64,44096
438969,438649,191,320
439161,400872,13,38289
439193,439134,25,59
439224,378143,33,61081
439257,439129,44,128
439301,438981,178,320
439481,439467,12,14
439507,439492,1,15
439513,438202,26,1311
439544,438584,63,960
439608,386415,33,53193
439641,439001,159,640
439801,435986,13,3815
439833,439774,25,59
439864,431391,33,8473
439897,439769,44,128
439941,408830,111,31111
440053,394997,27,45056
440085,440053,27,32
440117,439193,26,924
440149,438053,27,2096
440180,440026,26,154
440212,440020,32,192
440309,395189,73,45120
440397,406125,21,34272
440425,431569,3,8856
440430,406150,112,34280
440542,428895,32,11647
440574,408218,64,32356
440638,409694,44,30944
440682,440419,8,263
440690,440151,24,539
440722,407698,76,33024
440798,406518,115,34280
440913,423263,63,17650
440977,411058,63,29919
441042,408654,88,32388
441130,440682,31,448
441161,408613,41,32548
441206,409166,186,32040
441394,408522,131,32872
441525,409485,159,32040
441690,387569,13,54121
441722,434954,76,6768
441798,440446,51,1352
441850,441818,31,32
441902,441410,21,492
441925,418214,51,23711
441976,408880,202,33096
442178,441925,32,253
442210,409114,43,33096
442253,407721,68,34532
442321,409225,145,33096
442466,406970,114,35496
442580,409484,178,33096
442758,442466,32,292
442790,409694,152,33096
442954,434856,2,8098
442980,428715,3,14265
442988,442917,25,71
443020,442810,63,210
443084,441362,31,1722
443116,431838,13,11278
443129,437848,19,5281
443148,443020,44,128
443192,441054,51,2138
443244,430867,95,12377
443339,410962,63,32377
443402,382461,33,60941
443436,443404,44,32
443480,437929,20,5551
443500,427146,44,16354
443544,440322,51,3222
443596,443404,63,192
443660,443647,12,13
443692,443148,44,544
443736,431786,20,11950
443756,438018,50,5738
443806,424734,8,19072
443820,395884,129,47936
443949,426001,32,17948
443981,426001,63,17980
444044,396108,72,47936
444117,396181,231,47936
444353,392710,25,51643
444385,424164,27,20221
444416,441014,27,3402
444449,439995,58,4454
444507,444443,30,64
444545,425473,96,19072
444661,434736,105,9925
444766,443806,8,960
444775,443815,69,960
444844,424812,65,20032
444909,426609,32,18300
444941,426609,63,18332
445004,424972,72,20032
445077,425045,197,20032
445274,437248,31,8026
445305,425273,32,20032
445344,443376,28,1968
445376,439641,91,5735
445472,438170,26,7302
445503,425471,98,20032
445621,434736,106,10885
445731,426916,6,18815
445737,397075,43,48662
445800,416945,32,28855
445832,434792,55,11040
445888,432352,3,13536
445891,432705,6,13186
445901,445896,4,5
445906,421993,3,23913
445909,403626,23,42283
445932,434883,196,11049
446131,435082,160,11049
446355,410060,63,36295
446418,416850,23,29568
446444,446439,5,5
446449,416881,142,29568
446591,419167,10,27424
446601,430409,137,16192
446741,412863,3,33878
446749,419460,3,27289
446755,430651,3,16104
446759,400161,4,46598
446763,430586,3,16177
446766,412831,3,33935
446769,400270,3,46499
446772,419351,3,27421
446776,387264,3,59512
446797,432643,4,14154
446802,430610,33,16192
446841,400641,3,46200
446844,412832,3,34012
446856,430601,3,16255
446865,419335,3,27530
446882,446763,3,119
446886,412830,4,34056
446898,432658,51,14240
446949,418119,3,28830
446952,446602,9,350
446961,435882,3,11079
446984,418155,8,28829
446993,429841,53,17152
447047,446950,11,97
447060,446453,40,607
447120,431708,30,15412
447152,417712,54,29440
447207,431528,12,15679
447242,417802,148,29440
447390,387006,12,60384
447405,447400,4,5
447410,400498,129,46912
447539,446835,63,704
447602,446706,96,896
447699,447155,44,544
447747,432195,6,15552
447753,447402,8,351
447765,432213,21,15552
447793,444842,3,2951
447801,432241,56,15560
447857,447787,8,70
447865,397785,45,50080
447910,447750,12,160
447922,417650,109,30272
448031,419519,9,28512
448040,447912,118,128
448160,447392,3,768
448164,397059,4,51105
448169,447400,139,769
448310,400686,3,47624
448317,400186,3,48131
448324,387162,3,61162
448327,419005,3,29322
448332,447668,3,664
448335,400687,3,47648
448339,430594,3,17745
448345,387178,3,61167
448348,400635,3,47713
448352,419089,3,29263
448357,400189,3,48168
448371,448275,32,96
448406,387177,3,61229
448417,430689,3,17728
448421,430596,3,17825
448427,400146,3,48281
448430,387287,3,61143
448436,448361,3,75
448441,400296,3,48145
448444,448441,3,3
448457,448308,3,149
448463,419316,3,29147
448468,448115,43,353
448513,398274,4,50239
448523,448518,4,5
448528,446960,4,1568
448532,422980,20,25552
448558,446991,48,1567
448606,434526,54,14080
448660,436460,20,12200
448680,432872,256,15808
448936,433128,44,15808
448980,436440,20,12540
449000,420360,256,28640
449256,420616,225,28640
449482,446131,160,3351
449661,449640,1,21
449706,421066,256,28640
449962,421322,63,28640
450026,449482,160,544
450250,434442,138,15808
450388,436500,20,13888
450408,449000,256,1408
450664,449256,3,1408
450667,445908,220,4759
450890,450026,160,864
451114,435306,87,15808
451202,435876,9,15326
451231,421823,76,29408
451327,421727,76,29600
451422,451230,65,192
451487,391679,33,59808
451540,404072,20,47468
451560,442790,20,8770
451600,436020,20,15580
451620,404112,40,47508
451733,400747,3,50986
451740,422840,20,28900
451760,447268,20,4492
451800,392032,20,59768
451900,448660,20,3240
451920,448980,20,2940
451940,435787,20,16153
451960,435403,20,16557
451980,450388,20,1592
452000,435885,20,16115
452020,423120,20,28900
452040,423100,20,28940
452060,423140,20,28920
452080,451470,49,610
452160,436672,31,15488
452192,447321,62,4871
452256,452224,31,32
452288,452256,30,32
452320,415833,33,36487
452353,440979,61,11374
452416,440352,31,12064
452447,452320,31,127
452479,423743,32,28736
452511,443372,63,9139
452576,392736,31,59840
452608,423840,31,28768
452639,392831,32,59808
452671,423903,32,28768
452704,423936,31,28768
452736,423968,31,28768
452768,393088,31,59680
452800,404865,61,47935
452861,393213,33,59648
452895,444313,32,8582
452928,408783,31,44145
452960,437152,31,15808
452992,437216,31,15776
453023,452895,31,128
453055,424543,32,28512
453088,437536,62,15552
453152,437632,31,15520
453183,453023,31,160
453216,436736,31,16480
453248,453216,30,32
453280,439577,31,13703
453312,405696,31,47616
453344,453312,30,32
453376,453344,31,32
453408,453376,31,32
453439,412338,32,41101
453471,426303,7,27168
453484,426316,128,27168
453613,426445,99,27168
453745,445569,32,8176
453777,453713,63,64
453840,451118,29,2722
453998,426222,88,27776
454087,453479,233,608
454324,454319,1,5
454353,453745,32,608
454385,454321,63,64
454448,454001,29,447
454606,453998,88,608
454694,395878,3,58816
454697,454089,232,608
454961,454353,32,608
454993,454929,63,64
455056,454609,29,447
455206,452605,2,2601
455214,426830,80,28384
455294,445726,4,9568
455308,447060,40,8248
455363,444088,2,11275
455368,452420,27,2948
455399,450599,55,4800
455460,445731,6,9729
455470,445780,20,9690
455505,411347,126,44158
455632,397691,32,57941
455669,430999,95,24670
455765,444737,30,11028
455797,455765,30,32
455829,455765,31,64
455861,455797,31,64
455893,455603,29,290
455925,447718,26,8207
455951,455492,6,459
455957,455893,29,64
455989,455925,26,64
456021,453330,13,2691
456034,451641,19,4393
456053,430235,31,25818
456085,440854,60,15231
456149,455217,74,932
456226,446945,4,9281
456237,456232,4,5
456246,398293,59,57953
456306,450826,56,5480
456369,456307,30,62
456402,452530,13,3872
456434,431578,31,24856
456466,419122,45,37344
456515,445895,3,10620
456561,398010,44,58551
456605,450516,42,6089
456656,451454,64,5202
456721,454961,32,1760
456773,415821,75,40952
456851,455215,75,1636
456928,448160,3,8768
456932,415972,6,40960
456941,456936,5,5
456987,450929,25,6058
457019,456999,12,20
457051,440530,44,16521
457095,455713,44,1382
457147,457115,56,32
457203,443877,20,13326
457223,457063,32,160
457256,452396,19,4860
457275,457147,25,128
457307,447320,68,9987
457375,455295,3,2080
457378,418823,3,38555
457383,445735,45,11648
457428,446493,52,10935
457480,455400,54,2080
457539,397959,3,59580
457542,457381,4,161
457549,428694,21,28855
457577,399537,3,58040
457580,428717,146,28863
457726,457095,20,631
457746,416179,93,41567
457839,428023,130,29816
457971,452979,12,4992
458002,429139,97,28863
458099,407879,16,50220
458115,429252,16,28863
458131,436840,24,21291
458155,457572,7,583
458162,429299,160,28863
458322,456817,16,1505
458338,458122,8,216
458353,450567,78,7786
458431,447039,7,11392
458438,446949,12,11489
458452,455308,86,3144
458538,456411,4,2127
458544,418768,55,39776
458605,458600,4,5
458610,448179,128,10431
458738,447665,3,11073
458742,400298,3,58444
458747,448368,3,10379
458750,448449,3,10301
458754,419117,3,39637
458759,430590,3,28169
458763,400187,4,58576
458770,430643,3,28127
458777,430574,3,28203
458782,447587,3,11195
458785,430649,3,28136
458795,400273,3,58522
458799,419363,3,39436
458802,448371,33,10431
458841,447559,3,11282
458847,430588,3,28259
458860,400765,3,58095
458864,432549,3,26315
458873,447593,3,11280
458876,419100,3,39776
458879,419373,3,39506
458884,448462,3,10422
458888,430557,3,28331
458899,457491,44,1408
458943,431519,3,27424
458947,431523,4,27424
458952,458600,10,352
458967,458492,20,475
458993,440425,3,18568
459002,458226,61,776
459066,456434,30,2632
459098,431642,95,27456
459194,458200,57,994
459251,458988,7,263
459258,430867,108,28391
459366,407894,51,51472
459418,408110,108,51308
459526,457095,32,2431
459578,457829,76,1749
459654,459558,51,96
459705,459417,109,288
459814,442758,32,17056
459846,398461,48,61385
459894,457806,36,2088
459930,399962,45,59968
459976,458600,138,1376
460119,448413,3,11706
460132,430583,3,29549
460138,419439,3,40699
460146,447566,3,12580
460156,419434,3,40722
460162,419068,3,41094
460169,432618,3,27551
460173,458765,3,1408
460178,460082,32,96
460211,447583,3,12628
460218,448445,3,11773
460222,448350,3,11872
460231,430644,3,29587
460235,400750,4,59485
460245,419016,3,41229
460248,400656,3,59592
460258,430665,3,29593
460262,400739,4,59523
460268,432642,3,27626
460274,456466,45,3808
460320,459968,3,352
460324,448035,6,12289
460330,458954,9,1376
460342,427277,22,33065
460371,427306,37,33065
460409,460396,12,13
460441,460050,57,391
460503,448484,28,12019
460535,427470,34,33065
460569,460421,32,148
460602,457869,37,2733
460640,430752,3,29888
460644,418820,6,41824
460650,460330,10,320
460663,447100,20,13563
460685,460637,1,48
460694,455501,130,5193
460826,408490,32,52336
460862,455669,94,5193
460958,415867,31,45091
460990,460958,30,32
461022,447120,32,13902
461054,460704,27,350
461081,460686,5,395
461086,461022,29,64
461118,452805,26,8313
461150,461131,12,19
461162,451740,20,9422
461182,456434,31,4748
461214,456085,60,5129
461278,431966,72,29312
461350,447750,13,13600
461363,429747,140,31616
461507,447396,14,14111
461526,432093,20,29433
461553,460698,63,855
461617,461586,30,31
461649,446545,46,15104
461695,397951,8,63744
461703,461350,12,353
461718,397974,22,63744
461743,453181,2,8562
461746,427304,52,34442
461818,460441,56,1377
461880,461247,27,633
461912,461661,33,251
461946,461798,32,148
461978,459930,48,2048
462026,448171,136,13855
462171,460261,3,1910
462175,447554,3,14621
462193,458863,3,3330
462201,419349,3,42852
462205,448341,3,13864
462208,458865,3,3343
462211,460234,3,1977
462217,462208,3,9
462220,432558,3,29662
462225,446801,33,15424
462259,448426,3,13833
462262,430566,3,31696
462280,400206,3,62074
462292,460124,3,2168
462296,462293,3,3
462308,460124,4,2184
462314,430653,3,31661
462322,397170,51,65152
462373,458599,3,3774
462376,448041,10,14335
462386,431442,76,30944
462463,428671,3,33792
462467,428675,4,33792
462477,462472,4,5
462486,410838,23,51648
462511,410863,162,51648
462674,410994,32,51680
462706,453439,32,9267
462739,411091,76,51648
462815,460874,32,1941
462847,457758,32,5089
462879,436200,20,26679
462899,456053,31,6846
462931,443084,44,19847
462975,459110,83,3865
463058,462994,64,64
463122,411826,109,51296
463251,460862,92,2389
463347,412051,106,51296
463453,462704,2,749
463459,463445,9,14
463475,462803,76,672
463551,412255,128,51296
463679,462879,48,800
463727,463343,29,384
463763,412467,188,51296
463951,463343,99,608
464050,463891,32,159
464083,412787,37,51296
464127,464126,10,1
464138,412836,18,51302
464162,458878,3,5284
464166,400766,3,63400
464171,462279,3,1892
464174,412871,68,51303
464262,419359,3,44903
464584,413281,11,51303
464595,448467,50,16128
464646,462472,10,2174
464656,451399,4,13257
464680,448552,54,16128
464736,458944,3,5792
464740,430756,5,33984
464745,448519,9,16226
464758,427606,23,37152
464787,416012,256,48775
465043,416268,4,48775
465047,457839,131,7208
465178,429107,129,36071
465307,429268,31,36039
465339,428571,63,36768
465402,458194,152,7208
465554,465553,5,1
465562,459898,69,5664
465631,450335,53,15296
465684,451940,20,13744
465704,449000,256,16704
465960,449256,224,16704
466186,402026,161,64160
466410,433898,256,32512
466666,434154,62,32512
466730,466186,160,544
466954,466410,256,544
467210,466666,62,544
467274,466730,160,544
467498,449706,85,17792
467583,465631,53,1952
467636,451960,20,15676
467656,465704,246,1952
467902,435486,53,32416
467955,452000,20,15955
467975,435559,218,32416
468193,421697,10,46496
468223,403455,76,64768
468319,468223,76,96
468415,435807,68,32608
468484,468386,9,98
468513,435905,94,32608
468608,436040,40,32568
468648,468628,20,20
468688,456033,20,12655
468708,456414,20,12294
468728,456753,20,11975
468748,457031,20,11717
468848,459846,20,9002
468888,460569,20,8319
468908,461162,20,7746
468948,436320,20,32628
468968,461946,20,7022
469028,463679,20,5349
469048,451880,20,17168
469078,436296,3,32782
469088,465684,20,3404
469108,451307,20,17801
469128,451403,20,17725
469148,451211,20,17937
469168,467636,20,1532
469188,467955,20,1233
469227,469171,1,56
469268,436580,60,32688
469328,461890,17,7438
469375,418297,31,51078
469408,465563,62,3845
469472,469440,31,32
469504,405856,31,63648
469536,423584,94,45952
469632,462432,31,7200
469664,426578,31,43086
469695,436927,32,32768
469728,436610,31,33118
469759,452735,32,17024
469792,469760,31,32
469824,469537,31,287
469856,424160,31,45696
469888,456786,31,13102
469920,424320,31,45600
469952,453024,62,16928
470016,437280,31,32736
470048,470016,31,32
470080,424384,62,45696
470143,470111,32,32
470176,437472,31,32704
470207,405247,96,64960
470304,440768,31,29536
470336,405440,62,64896
470400,453216,31,17184
470432,453248,31,17184
470463,405663,32,64800
470496,470464,31,32
470527,441361,32,29166
470559,454687,7,15872
470566,409862,3,60704
470572,454700,128,15872
470701,426445,100,44256
470833,426577,32,44256
470865,470801,63,64
470928,468107,29,2821
471086,455214,80,15872
471166,470558,7,608
471174,425702,3,45472
471177,470569,4,608
471184,444784,23,26400
471209,444809,35,26400
471245,471232,12,13
471277,468009,30,3268
471309,453777,32,17532
471341,453777,63,17564
471404,464857,32,6547
471437,471423,12,14
471469,468063,9,3406
471499,445099,2,26400
471501,471257,49,244
471550,462095,34,9455
471585,461914,32,9671
471637,467166,72,4471
471713,426849,62,44864
471779,471171,3,608
471782,426310,3,45472
471785,471177,4,608
471792,471184,23,608
471817,443849,48,27968
471865,456526,20,15339
471885,456819,32,15066
471917,454385,32,17532
471949,454385,63,17564
472013,471981,31,32
472045,444077,38,27968
472085,471851,2,234
472107,471499,2,608
472109,471865,49,244
472158,471550,27,608
472191,461912,34,10279
472245,471093,74,1152
472323,471779,3,544
472326,453478,3,18848
472329,471785,4,544
472336,471184,24,1152
472361,443849,97,28512
472461,454993,32,17468
472493,454993,63,17500
472556,471404,32,1152
472589,444077,39,28512
472629,444117,75,28512
472705,445153,119,27552
472824,444344,4,28480
472833,459226,63,13607
472896,459737,64,13159
472981,472245,73,736
473054,413502,9,59552
473069,473064,4,5
473078,413526,22,59552
473105,413553,12,59552
473157,464966,20,8191
473189,413637,20,59552
473268,468478,2,4790
473272,469407,63,3865
473338,472813,12,525
473369,413817,12,59552
473381,473125,20,256
473401,433166,7,40235
473408,473101,5,307
473413,443577,19,29836
473433,473401,30,32
473465,473433,30,32
473497,473401,31,96
473529,473465,31,64
473561,473529,31,32
473593,473497,31,96
473625,473433,31,192
473657,473561,31,96
473689,473593,31,96
473721,473657,31,64
473753,473625,31,128
473785,473721,31,64
473817,473785,30,32
473849,473689,31,160
473881,473849,30,32
473913,473849,31,64
473945,473881,31,64
473977,473945,31,32
474009,473817,31,192
474041,473977,31,64
474073,474009,31,64
474105,473913,31,192
474137,473785,31,352
474169,474041,31,128
474201,474105,31,96
474233,474073,31,160
474265,474201,31,64
474297,474137,31,160
474329,474169,31,160
474361,474233,31,128
474393,474297,31,96
474425,474329,31,96
474457,474265,31,192
474489,474425,31,64
474521,474393,31,128
474553,474457,31,96
474585,474361,31,224
474617,474489,31,128
474649,474521,31,128
474681,474649,31,32
474713,474553,31,160
474745,474713,31,32
474777,474617,31,160
474809,474585,31,224
474841,474745,31,96
474873,474809,31,64
474905,474681,31,224
474937,474905,30,32
474969,474873,31,96
475001,415449,37,59552
475039,410815,3,64224
475043,410819,4,64224
475048,456516,5,18532
475053,456516,6,18537
475065,453149,2,21916
475082,442979,4,32103
475087,460694,67,14393
475154,440913,64,34241
475218,443083,32,32135
475251,475219,31,32
475283,475155,31,128
475319,472930,31,2389
475351,458514,28,16837
475383,436835,29,38548
475415,472867,60,2548
475478,475415,60,63
475543,475399,13,144
475556,475064,19,492
475575,475319,48,256
475623,457464,16,18159
475639,475607,48,32
475687,431239,73,44448
475760,418367,20,57393
475799,475671,59,128
475863,430139,63,45724
475926,475766,61,160
475988,475896,43,92
476035,462468,5,13567
476040,475049,9,991
476052,415510,21,60542
476073,461546,3,14527
476080,476019,12,61
476092,476053,20,39
476112,415641,64,60471
476177,469299,46,6878
476223,427583,11,48640
476234,456938,9,19296
476246,464758,23,11488
476275,427635,256,48640
476531,427891,256,48640
476787,428147,164,48640
476954,428314,27,48640
476986,428346,26,48640
477012,476269,6,743
477018,428378,256,48640
477274,428634,37,48640
477312,475040,3,2272
477316,458435,5,18881
477321,476233,10,1088
477334,476246,21,1088
477360,473104,3,4256
477363,464788,146,12575
477509,459814,20,17695
477529,464954,236,12575
477784,459161,64,18623
477848,465273,256,12575
478104,465529,25,12575
478137,447320,70,30817
478207,446431,10,31776
478217,477322,9,895
478226,446450,140,31776
478368,476224,3,2144
478372,438084,4,40288
478388,467048,2,11340
478422,478009,44,413
478466,477541,51,925
478517,476889,62,1628
478579,475121,2,3458
478582,478550,31,32
478614,478582,31,32
478646,438229,95,40417
478741,455632,32,23109
478774,475219,95,3555
478935,477978,62,957
479010,473116,2,5894
479062,478934,64,128
479190,479062,64,128
479319,479191,63,128
479446,446355,73,33091
479519,457375,3,22144
479522,445900,3,33622
479531,429907,41,49624
479580,461502,2,18078
479592,445800,87,33792
479679,462015,8,17664
479688,462024,138,17664
479830,419109,3,60721
479833,432512,3,47321
479841,462267,3,17574
479848,458838,4,21010
479852,419360,3,60492
479863,419334,3,60529
479867,460210,3,19657
479870,419424,3,60446
479885,432650,3,47235
479890,463091,33,16799
479932,430552,3,49380
479938,430599,3,49339
479941,432515,3,47426
479945,462259,3,17686
479949,460218,3,19731
479966,447642,3,32324
479971,447644,3,32327
479976,462192,4,17784
479982,447637,3,32345
479987,432147,51,47840
480038,447046,3,32992
480041,462376,10,17665
480053,417973,88,62080
480146,447986,52,32160
480199,447911,120,32288
480319,480031,19,288
480341,461365,24,18976
480369,470098,13,10271
480401,480291,28,110
480433,416977,54,63456
480487,462023,11,18464
480503,479572,20,931
480529,431569,40,48960
480570,431610,176,48960
480766,460926,44,19840
480830,470341,26,10489
480856,480525,6,331
480862,478343,24,2519
480894,417438,103,63456
480998,462374,88,18624
481086,480990,7,96
481093,418470,3,62623
481098,475537,2,5561
481100,481095,3,5
481104,481008,78,96
481184,477312,3,3872
481188,481090,3,98
481192,462472,11,18720
481206,458966,21,22240
481227,475083,3,6144
481230,458997,62,22233
481299,459066,31,22233
481331,459098,108,22233
481439,441925,43,39514
481491,459258,108,22233
481619,459674,172,21945
481791,437978,20,43813
481811,477612,76,4199
481887,481791,51,96
481938,481650,109,288
482047,476422,32,5625
482099,481970,64,129
482163,464595,50,17568
482214,448518,14,33696
482244,482206,1,38
482248,448552,108,33696
482356,469108,20,13248
482376,448680,256,33696
482632,448936,44,33696
482676,469148,20,13528
482696,482376,256,320
482952,482632,44,320
482996,469128,20,13868
483016,434600,256,48416
483272,434856,225,48416
483498,467274,160,16224
483722,449706,256,34016
483978,449962,62,34016
484042,483498,160,544
484266,466954,256,17312
484522,467210,62,17312
484586,484042,160,544
484810,483722,84,1088
484894,435390,13,49504
484927,468319,76,16608
485023,421919,77,63104
485100,450668,221,34432
485322,484586,160,736
485546,484810,85,736
485631,435967,33,49664
485664,468648,20,17016
485684,451600,40,34084
485724,485704,20,20
485744,473145,8,12599
485752,473177,12,12575
485764,475939,20,9825
485784,476156,20,9628
485804,451680,20,34124
485824,422720,20,63104
485924,436220,20,49704
485964,451800,20,34164
485984,480810,20,5174
486044,482079,20,3965
486064,469048,20,17016
486084,482356,20,3728
486104,482676,20,3428
486124,482996,20,3128
486144,468299,20,17845
486164,468395,20,17769
486184,468203,20,17981
486204,436560,20,49644
486224,436520,20,49704
486244,468493,20,17751
486264,423192,134,63072
486400,475445,31,10955
486431,447168,32,39263
486496,481299,30,5197
486528,482132,62,4396
486591,424351,64,62240
486656,486528,31,128
486688,462643,62,24045
486751,440977,32,45774
486783,462674,32,24109
486815,486656,31,159
486847,486815,32,32
486880,423680,62,63200
486944,480766,31,6178
486976,452448,31,34528
487008,452480,31,34528
487040,472738,31,14302
487072,423776,31,63296
487104,452512,62,34592
487166,452606,33,34560
487200,423904,62,63296
487264,487232,31,32
487296,436992,31,50304
487328,486657,31,671
487360,424064,62,63296
487424,469856,62,17568
487488,452928,31,34560
487520,487488,31,32
487552,487520,31,32
487584,437120,62,50464
487646,479518,4,8128
487651,445731,7,41920
487661,443512,20,44149
487681,480074,19,7607
487700,426926,20,60774
487720,479592,86,8128
487806,486653,2,1153
487839,481129,6,6710
487845,485578,58,2267
487903,468479,3,19424
487908,473069,3,14839
487944,485030,55,2914
488003,481188,5,6815
488012,488007,4,5
488049,475863,61,12186
488113,488098,12,15
488145,485226,64,2919
488209,446993,53,41216
488267,488011,3,256
488273,429905,43,58368
488316,447100,48,41216
488368,458544,55,29824
488424,488263,11,161
488435,459987,128,28448
488567,432637,3,55930
488571,447557,3,41014
488575,447640,3,40935
488580,430677,3,57903
488598,462202,3,26396
488607,430570,4,58037
488612,479831,3,8781
488615,462167,3,26448
488622,448414,3,40208
488626,448275,33,40351
488660,458875,3,29785
488663,447584,3,41079
488674,448407,4,40267
488682,460139,3,28543
488690,479966,3,8724
488697,479953,3,8744
488709,430691,3,58018
488717,479964,3,8753
488722,446898,51,41824
488773,488262,12,511
488785,485000,3,3785
488803,488766,1,37
488815,482254,47,6561
488862,488414,9,448
488871,460647,3,28224
488874,488426,136,448
489010,479877,4,9133
489014,462214,3,26800
489018,432641,3,56377
489021,479840,3,9181
489024,479934,3,9090
489036,462310,3,26726
489042,489015,3,27
489046,488710,3,336
489053,489024,3,29
489056,447552,4,41504
489060,448451,3,40609
489063,462302,3,26761
489074,448371,34,40703
489111,462207,3,26904
489114,462303,3,26811
489117,460129,3,28988
489126,479939,3,9187
489130,460150,3,28980
489133,488689,3,444
489137,488610,3,527
489142,432533,3,56609
489147,462283,3,26864
489155,489139,3,16
489158,479864,3,9294
489161,462273,3,26888
489170,460274,45,28896
489215,446591,11,42624
489226,488874,136,352
489362,488658,64,704
489426,488530,96,896
489522,489170,192,352
489714,448450,3,41264
489717,430562,3,59155
489723,479851,3,9872
489729,447676,3,42053
489732,489154,3,578
489740,430694,3,59046
489743,489417,4,326
489750,448418,4,41332
489755,448435,3,41320
489761,489070,3,691
489764,458836,4,30928
489770,447683,3,42087
489775,462204,3,27571
489778,489330,33,448
489821,462269,3,27552
489824,462183,3,27641
489828,458858,4,30970
489836,430568,3,59268
489841,464166,3,25675
489845,432507,3,57338
489848,489033,3,815
489851,458890,4,30961
489859,479929,3,9930
489863,448352,3,41511
489866,489761,3,105
489871,432635,3,57236
489875,488211,51,1664
489926,488871,12,1055
489938,447058,42,42880
489980,431543,20,58437
490000,431127,32,58873
490032,488368,47,1664
490079,460319,11,29760
490090,489929,8,161
490102,460342,22,29760
490131,461748,37,28383
490169,487570,13,2599
490201,489650,57,551
490264,490206,26,58
490296,472928,33,17368
490329,490181,32,148
490362,490041,37,321
490403,458435,6,31968
490409,490090,9,319
490421,480341,21,10080
490448,447793,64,42655
490512,474806,2,15706
490514,490444,6,70
490521,485625,38,4896
490560,460640,3,29920
490564,489923,6,641
490570,447209,9,43361
490582,481206,23,9376
490607,481231,61,9376
490675,486496,30,4179
490707,481331,151,9376
490858,475557,2,15301
490866,432112,33,58754
490899,490739,44,160
490943,459366,160,31577
491103,490815,32,288
491155,482099,107,9056
491262,445886,9,45376
491271,461510,3,29761
491274,490570,10,704
491286,485101,219,6185
491507,485322,160,6185
491731,446355,75,45376
491808,481184,3,10624
491812,458435,14,33377
491859,475084,3,16775
491866,441690,13,50176
491897,440817,32,51080
491929,491602,32,327
491961,463570,45,28391
492026,477626,94,14400
492121,460729,64,31392
492186,492154,31,32
492218,490297,32,1921
492250,491878,50,372
492300,492140,42,160
492346,492314,31,32
492378,481491,94,10887
492472,489680,33,2792
492505,456816,32,35689
492537,471306,3,21231
492540,492027,61,513
492601,492505,96,96
492698,490142,27,2556
492730,492698,26,32
492763,430715,44,62048
492808,447207,12,45601
492822,430774,60,62048
492883,430835,256,62048
493139,431091,2,62048
493143,492915,60,228
493207,493178,25,29
493239,431191,121,62048
493360,493232,19,128
493399,482135,78,11264
493479,431430,88,62049
493567,467903,3,25664
493576,467912,43,25664
493630,493329,2,301
493639,487282,13,6357
493671,468007,183,25664
493854,482942,54,10912
493910,486621,2,7289
493917,493701,2,216
493928,482376,256,11552
494184,482632,45,11552
494248,465704,256,28544
494504,465960,225,28544
494730,491507,160,3223
494924,486491,3,8433
494954,451114,85,43840
495039,467903,52,27136
495111,467975,215,27136
495326,494494,235,832
495562,450890,161,44672
495786,451114,87,44672
495873,451297,10,44576
495903,468415,68,27488
495972,495874,9,98
496001,468513,62,27488
496063,495871,12,192
496095,451231,76,44864
496191,485023,76,11168
496267,483275,222,12992
496490,483498,161,12992
496714,495786,85,928
496799,493143,32,3656
496832,436080,20,60752
496892,488125,20,8767
497023,496829,1,194
497032,436260,20,60772
497052,490329,20,6723
497072,436160,20,60912
497092,491135,20,5957
497132,492250,20,4882
497152,493379,20,3773
497192,493619,20,3573
497212,493908,20,3304
497232,494228,20,3004
497272,495091,20,2181
497312,469248,40,28064
497352,469228,20,28124
497372,469208,20,28164
497412,496770,60,642
497504,486496,31,11008
497536,491732,62,5804
497600,470432,31,27168
497631,497536,31,95
497663,436831,96,60832
497760,473305,32,24455
497792,486912,31,10880
497824,486944,31,10880
497856,487136,31,10720
497888,443565,31,54323
497920,475909,31,22011
497951,497664,31,287
497984,486657,61,11327
498045,498013,2,32
498048,437024,62,61024
498111,487391,32,10720
498143,437055,32,61088
498175,492570,32,5605
498208,470048,31,28160
498240,497442,31,798
498272,496129,31,2143
498303,437471,32,60832
498335,495936,32,2399
498368,453056,31,45312
498400,481057,31,17343
498432,470272,62,28160
498494,453182,64,45312
498560,437664,62,60896
498622,487646,4,10976
498627,442950,6,55677
498637,493091,20,5546
498657,489961,3,8696
498664,447256,13,51408
498696,495239,86,3457
498782,470558,8,28224
498796,470572,128,28224
498925,454829,100,44096
499057,492218,32,6839
499089,499025,63,64
499152,498700,29,452
499310,454606,88,44704
499398,443814,3,55584
499404,498796,228,608
499665,470833,32,28832
499697,499633,63,64
499760,499313,29,447
499918,455214,84,44704
500003,445731,49,54272
500052,462487,20,37565
500072,487720,86,12352
500158,473054,9,27104
500173,500168,4,5
500182,473078,41,27104
500225,473121,3,27104
500229,473381,20,26848
500257,473153,3,27104
500261,478466,20,21795
500293,473189,20,27104
500377,473273,64,27104
500442,473338,93,27104
500537,474937,31,25600
500569,500537,31,32
500601,500569,31,32
500633,500505,31,128
500665,500633,31,32
500697,474969,31,25728
500729,474777,31,25952
500761,500729,31,32
500793,500601,31,192
500825,500761,31,64
500857,500697,31,160
500889,474841,31,26048
500921,500793,31,128
500953,500825,31,128
500985,500857,31,128
501017,500889,31,128
501049,500921,31,128
501081,500985,31,96
501113,501017,31,96
501145,501049,31,96
501177,501081,31,96
501209,500953,31,256
501241,501113,31,128
501273,501177,31,96
501305,501241,31,64
501337,501209,31,128
501369,501273,31,96
501401,501337,31,64
501433,501305,31,128
501465,501145,31,320
501497,501369,31,128
501529,501401,31,128
501561,501465,31,96
501593,501529,31,64
501625,501497,31,128
501657,501433,31,224
501689,501657,31,32
501721,501689,31,32
501753,501721,31,32
501785,501625,31,160
501817,501753,31,64
501849,501817,31,32
501881,473753,31,28128
501913,500665,31,1248
501945,501881,31,64
501977,501849,31,128
502009,501913,31,96
502041,501945,31,96
502073,502009,31,64
502105,475001,37,27104
502148,487810,5,14338
502184,499630,3,2554
502192,493079,44,9113
502236,493059,32,9177
502288,462899,31,39389
502320,497925,26,4395
502346,502180,6,166
502352,495209,30,7143
502384,498696,78,3688
502462,464734,9,37728
502472,502148,5,324
502477,502148,6,329
502483,464755,25,37728
502514,477361,148,25153
502662,464934,256,37728
502918,465190,256,37728
503174,465446,112,37728
503290,477242,69,26048
503359,462463,3,40896
503363,462467,4,40896
503368,502472,12,896
503382,502486,21,896
503403,481227,3,22176
503406,502517,145,889
503551,476454,20,27097
503571,502682,87,889
503667,502778,140,889
503827,502938,97,889
503924,503067,31,857
503956,503035,31,921
503987,503098,160,889
504148,503259,24,889
504179,491187,75,12992
504256,503360,3,896
504260,503364,3,896
504264,503373,4,891
504269,504264,3,5
504278,500182,22,4096
504304,458993,4,45311
504313,439930,95,64383
504473,501579,13,2894
504505,496394,62,8111
504568,504523,14,45
504582,469269,75,35313
504657,497532,3,7125
504665,504626,31,39
504697,478454,57,26243
504759,462962,33,41797
504793,497810,13,6983
504806,496271,19,8535
504825,503988,63,837
504889,490867,76,14022
504965,500293,20,4672
504985,440180,27,64805
505012,504301,5,711
505017,459162,89,45855
505106,499493,8,5613
505114,502106,36,3008
505150,490858,2,14292
505154,456932,6,48222
505163,505158,4,5
505168,482224,5,22944
505200,488815,46,16385
505246,489566,9,15680
505261,505256,4,5
505266,489586,128,15680
505395,489862,3,15533
505410,460152,3,45258
505426,458862,3,46564
505429,489034,3,16395
505440,489837,4,15603
505444,489129,3,16315
505455,505405,3,50
505458,479794,33,25664
505491,447544,3,57947
505494,458773,3,46721
505505,505417,3,88
505510,489397,3,16113
505514,479922,3,25592
505526,460114,3,45412
505538,460118,3,45420
505545,448343,3,57202
505555,505069,44,486
505599,490399,10,15200
505609,505258,8,351
505617,490417,141,15200
505758,446590,148,59168
505906,489810,64,16096
505970,489682,96,16288
506066,460274,56,45792
506122,493481,9,12641
506134,490102,22,16032
506162,460370,51,45792
506233,505842,57,391
506293,505800,3,493
506296,498308,27,7988
506328,490296,33,16032
506361,506213,32,148
506393,490361,48,16032
506441,491818,10,14623
506451,505619,139,832
506596,447203,15,59393
506613,490581,22,16032
506647,458998,64,47649
506715,490675,31,16040
506747,503699,94,3048
506842,443627,45,63215
506887,506886,44,1
506939,459258,256,47681
507195,459514,256,47681
507451,459770,76,47681
507547,502714,95,4833
507643,507586,56,57
507707,506939,108,768
507815,481887,160,25928
507975,507207,32,768
508027,507259,76,768
508103,508007,51,96
508154,481938,141,26216
508295,507527,84,768
508380,480444,43,27936
508423,461703,3,46720
508426,506122,10,2304
508438,480502,22,27936
508465,457577,3,50888
508468,480532,37,27936
508506,480570,176,27936
508682,475875,51,32807
508734,461150,57,47584
508791,508460,7,331
508798,455735,30,53063
508830,480894,97,27936
508927,506431,159,2496
509086,458430,21,50656
509107,489939,41,19168
509148,508439,20,709
509168,508541,29,627
509200,482256,100,26944
509300,497252,20,12048
509320,493928,256,15392
509576,494184,44,15392
509620,497392,32,12228
509652,509332,256,320
509908,509588,32,320
509940,497292,20,12648
509960,483016,256,26944
510216,483272,225,26944
510442,496490,160,13952
510666,449706,256,60960
510922,449962,63,60960
510986,510442,160,544
511210,483722,256,27488
511466,483978,63,27488
511530,510986,160,544
511754,495786,97,15968
511871,496095,66,15776
511938,511842,9,96
511967,485023,256,26944
512223,485279,41,26944
512266,511530,160,736
512490,485546,117,26944
512628,468628,40,44000
512668,468688,20,43980
512688,500249,8,12439
512696,500281,12,12415
512708,502268,20,10440
512728,485824,20,26904
512768,504485,20,8283
512868,506361,20,6507
512908,508295,20,4613
512928,468908,40,44020
512988,509300,20,3688
513008,509620,20,3388
513028,509940,20,3088
513048,496075,20,16973
513068,496171,20,16897
513088,495883,20,17205
513108,486224,20,26884
513128,486204,20,26924
513148,495981,20,17167
513168,472776,49,40392
513248,469376,31,43872
513280,508859,62,4421
513343,513311,32,32
513375,453087,32,60288
513408,513280,31,128
513440,506811,31,6629
513472,469568,62,43904
513536,486976,31,26560
513568,513536,31,32
513600,506901,31,6699
513632,497888,31,15744
513664,506330,31,7334
513696,469728,31,43968
513728,497920,31,15808
513760,487200,31,26560
513791,497951,32,15840
513824,513409,61,415
513885,513853,2,32
513888,498016,62,15872
513952,508571,31,5381
513984,469888,62,44096
514047,487551,32,26496
514080,469920,31,44160
514111,513855,31,256
514144,487777,31,26367
514176,514144,31,32
514208,498240,31,15968
514239,497441,32,16798
514272,470112,62,44160
514334,493470,2,20864
514340,478383,6,35957
514346,511943,4,2403
514378,511973,53,2405
514434,478372,4,36062
514476,480523,7,33953
514486,500118,41,14368
514528,500160,3,14368
514532,476035,5,38497
514539,514378,2,161
514541,514536,4,5
514586,505017,89,9569
514680,475005,34,39675
514714,514586,62,128
514777,513471,32,1306
514810,480081,57,34729
514867,514572,7,295
514874,508186,64,6688
514938,478678,63,36260
515006,508570,63,6436
515070,514130,13,940
515083,514552,19,531
515102,513511,24,1591
515133,515043,26,90
515159,514867,35,292
515198,514239,32,959
515230,507495,21,7735
515253,455713,51,59540
515304,514778,31,526
515335,480094,47,35241
515382,508182,68,7200
515450,510056,63,5394
515513,461273,33,54240
515546,458480,61,57066
515607,515383,129,224
515736,490605,63,25131
515799,515635,35,164
515834,515194,35,640
515869,490738,120,25131
515989,515125,34,864
516023,490892,243,25131
516286,515610,92,676
516379,516342,36,37
516425,488017,5,28408
516453,467953,3,48500
516458,512522,52,3936
516518,498627,6,17891
516547,475082,3,41465
516556,497798,25,18758
516588,514682,94,1906
516684,516670,12,14
516716,507579,94,9137
516812,455701,63,61111
516875,508537,96,8338
516972,452511,63,64461
517036,517004,44,32
517080,507815,32,9265
517112,509109,20,8003
517132,516458,50,674
517187,472323,3,44864
517200,472336,23,44864
517225,472361,97,44864
517325,499089,32,18236
517357,499089,63,18268
517421,492768,32,24653
517453,472589,39,44864
517493,472629,75,44864
517569,472705,119,44864
517688,472792,36,44896
517729,513766,25,3963
517761,498340,27,19421
517788,482250,5,35538
517793,497797,26,19996
517825,517663,57,162
517882,517818,31,64
517921,488178,62,29743
517984,506328,33,11656
518026,516414,2,1612
518037,510096,105,7941
518142,471774,8,46368
518151,517191,6,960
518157,471789,63,46368
518221,471853,64,46368
518285,499697,32,18588
518317,499697,63,18620
518380,472012,45,46368
518425,499449,26,18976
518453,518219,2,234
518466,484779,3,33687
518475,472107,76,46368
518551,456647,41,61904
518592,456752,45,61840
518637,518093,50,544
518688,508416,3,10272
518692,505154,5,13538
518706,477330,3,41376
518731,505802,4,12929
518739,492191,27,26548
518771,508899,29,9872
518802,515673,45,3129
518864,518475,2,389
518867,502288,31,16579
518899,508315,44,10584
518963,518931,12,32
518996,489876,50,29120
519047,503368,10,15679
519057,488273,43,30784
519100,503383,20,15717
519120,517854,29,1266
519152,480272,54,38880
519207,487908,3,31299
519212,519207,5,5
519217,478225,141,40992
519358,492798,9,26560
519368,505607,11,13761
519382,492822,60,26560
519443,492883,256,26560
519699,493139,2,26560
519701,508732,14,10969
519715,519487,49,228
519767,517297,26,2470
519799,493239,121,26560
519920,519792,19,128
519950,519938,1,12
519959,491191,72,28768
520031,505759,8,14272
520040,505256,138,14784
520179,489165,3,31014
520191,479945,3,40246
520197,505547,3,14650
520209,505407,3,14802
520213,479982,4,40231
520218,489147,3,31071
520226,460132,3,60094
520233,458779,3,61454
520238,505944,3,14294
520242,489074,33,31168
520275,506044,3,14231
520285,462163,3,58122
520289,479951,3,40338
520293,460270,3,60023
520319,505499,3,14820
520323,520223,3,100
520327,489398,3,30929
520333,505948,3,14385
520338,488722,51,31616
520390,520040,11,350
520401,464657,4,55744
520431,488815,48,31616
520479,481183,3,39296
520483,481187,6,39296
520489,508936,10,11553
520510,497629,2,22881
520523,520074,3,449
520526,455664,17,64862
520543,519651,32,892
520575,487661,20,32914
520595,517851,32,2744
520627,519284,29,1343
520659,520627,30,32
520691,520627,31,64
520723,520659,31,64
520755,481267,26,39488
520787,520450,29,337
520819,470501,26,50318
520851,520787,29,64
520883,518400,13,2483
520896,468949,19,51947
520915,518867,31,2048
520947,491219,52,29728
520999,506119,4,14880
521004,490411,3,30593
521010,491282,224,29728
521235,512266,160,8969
521460,491188,75,30272
521535,488863,11,32672
521546,521002,8,544
521554,488882,129,32672
521684,479885,3,41799
521687,489167,3,32520
521692,505401,3,16291
521697,464123,3,57574
521706,489383,4,32323
521712,458776,3,62936
521717,489409,3,32308
521721,458877,3,62844
521726,489019,3,32707
521737,489052,3,32685
521741,505503,3,16238
521746,462130,33,59616
521779,521719,3,60
521783,458852,3,62931
521793,505951,4,15842
521797,521731,3,66
521805,489504,3,32301
521811,489130,3,32681
521816,458864,3,62952
521829,505406,3,16423
521835,462318,3,59517
521839,460269,3,61570
521842,505202,53,16640
521896,521544,138,352
522034,489415,3,32619
522037,505491,4,16546
522042,489055,3,32987
522046,505961,3,16085
522049,505934,3,16115
522055,489040,3,33015
522062,505447,5,16615
522068,489039,3,33029
522076,479859,3,42217
522086,458774,3,63312
522093,458797,3,63296
522097,460177,33,61920
522134,520210,3,1924
522137,505531,4,16606
522141,506020,3,16121
522144,505513,3,16631
522148,462217,3,59931
522153,460172,3,61981
522156,489510,3,32646
522160,464125,3,58035
522166,522146,3,20
522173,489048,3,33125
522176,520210,4,1966
522185,479927,3,42258
522189,462177,3,60012
522194,521842,45,352
522239,509887,53,12352
522292,513068,20,9224
522312,509640,256,12672
522568,509896,44,12672
522612,513088,20,9524
522632,522312,256,320
522888,522568,44,320
522932,513048,20,9884
522952,509960,256,12992
523208,510216,224,12992
523434,521235,160,2199
523658,510666,256,12992
523914,510922,63,12992
523978,523434,160,544
524202,511754,87,12448
524290,511938,9,12352
524318,495902,65,28416
524383,511935,12,12448
524415,524319,66,96
524482,524386,9,96
524511,524415,64,96
524575,495039,52,29536
524627,513148,32,11479
524659,467987,204,56672
524863,495967,4,28896
524868,524482,9,386
524897,468513,94,56384
525020,524989,1,31
525032,516266,20,8766
525092,485704,40,39388
525132,518847,20,6285
525192,519939,20,5253
525232,496952,20,28280
525252,520895,20,4357
525332,513068,40,12264
525372,522932,20,2440
525392,511947,20,13445
525412,511851,20,13561
525491,513147,21,12344
525512,504581,56,20931
525572,525567,1,5
525600,513248,31,12352
525632,521460,62,4172
525696,525664,31,32
525728,525696,30,32
525760,525632,31,128
525792,513504,62,12288
525856,516909,31,8947
525888,498144,62,27744
525952,514112,31,11840
525983,481056,32,44927
526016,514305,31,11711
526048,526016,31,32
526080,505121,31,20959
526112,470432,63,55680
526176,497632,31,28544
526207,525983,31,224
526240,522099,31,4141
526271,469503,63,56768
526336,526304,30,32
526368,526336,30,32
526400,526368,30,32
526431,526207,31,224
526464,526432,30,32
526496,526464,30,32
526528,526496,30,32
526560,526528,31,32
526592,526560,30,32
526624,526592,30,32
526656,526624,30,32
526688,526656,30,32
526720,526688,30,32
526752,526720,30,32
526784,526752,31,32
526816,526784,30,32
526847,513663,32,13184
526884,514434,4,12450
526895,526890,5,5
526933,524743,44,2190
526977,519619,32,7358
527009,500052,20,26957
527029,507669,31,19360
527061,487168,31,39893
527093,526997,62,96
527155,521968,32,5187
527187,462509,256,64678
527443,462765,50,64678
527493,508650,64,18843
527557,526905,20,652
527577,520915,31,6662
527609,462931,256,64678
527865,463187,44,64678
527909,516696,32,11213
527941,508650,76,19291
528023,523848,97,4175
528121,514512,15,13609
528137,528123,12,14
528153,508638,94,19515
528247,463569,110,64678
528357,527557,44,800
528401,528017,36,384
528439,528436,1,3
528441,463763,184,64678
528625,528017,71,608
528696,528025,64,671
528761,464083,11,64678
528781,464103,17,64678
528810,464137,19,64673
528829,528798,3,31
528836,528830,3,6
528843,464134,3,64709
528847,464174,68,64673
529148,528936,3,212
529256,464583,12,64673
529268,529267,63,1
529333,527189,162,2144
529497,486880,62,42617
529560,529432,32,128
529592,527448,45,2144
529637,519619,64,10018
529701,527557,82,2144
529784,503225,34,26559
529818,529562,62,256
529880,519506,64,10374
529945,529881,32,64
529981,529853,58,128
530041,516908,76,13133
530137,529625,44,512
530181,481599,48,48582
530229,528149,16,2080
530245,508231,64,22014
530309,529381,51,928
530360,529880,33,480
530393,529977,172,416
530565,516234,32,14331
530597,516074,43,14523
530649,516190,76,14459
530725,530309,83,416
530809,530445,11,364
530825,528617,9,2208
530841,493047,95,37794
530936,528248,153,2688
531089,530225,32,864
531129,528441,184,2688
531313,530225,39,1088
531352,528664,96,2688
531449,528761,40,2688
531489,528832,18,2657
531507,528814,18,2693
531537,521694,3,9843
531540,528847,68,2693
531712,520329,3,11383
531745,529136,3,2609
531784,528986,3,2798
531829,531695,3,134
531949,529256,71,2693
532021,531990,31,31
532053,506560,31,25493
532085,514496,31,17589
532117,514485,50,17632
532168,514536,11,17632
532182,514550,26,17632
532211,514579,256,17632
532467,514835,36,17632
532503,532208,3,295
532506,514874,252,17632
532765,515133,30,17632
532795,532503,31,292
532826,515834,3,16992
532830,515198,256,17632
533086,515454,256,17632
533342,515710,127,17632
533470,515838,152,17632
533622,532758,33,864
533655,516023,256,17632
533911,516279,135,17632
534053,516518,3,17535
534058,498632,5,35426
534083,523778,3,10305
534091,529503,25,4588
534121,533977,46,144
534187,503763,44,30424
534251,533274,63,977
534315,532885,21,1430
534338,475875,64,58463
534402,534306,9,96
534411,534338,23,73
534434,532885,41,1549
534475,524905,51,9570
534530,516514,3,18016
534534,516518,6,18016
534543,516527,23,18016
534567,516551,29,18016
534596,526106,5,8490
534603,532313,96,2290
534700,534686,12,14
534732,516716,94,18016
534828,518963,32,15865
534860,519443,127,15417
534987,533081,64,1906
535051,517003,77,18048
535128,533706,32,1422
535160,490815,44,44345
535204,534003,39,1201
535243,492882,64,42361
535308,535295,12,13
535340,534751,44,589
535384,534434,20,950
535404,534475,50,929
535454,499390,8,36064
535468,499404,128,36064
535597,499533,100,36064
535729,529300,32,6429
535761,535697,63,64
535824,524779,29,11045
535926,535851,1,75
535973,535926,1,47
535982,499310,80,36672
536068,500003,6,36065
536078,527105,20,8973
536100,527187,256,8913
536356,527443,50,8913
536406,527525,33,8881
536439,504710,31,31729
536470,512668,20,23802
536490,529721,31,6769
536522,527609,256,8913
536778,527865,44,8913
536842,530841,92,6001
536938,531352,95,5586
537034,524852,12,12182
537050,536737,9,313
537066,536394,76,672
537142,530917,128,6225
537270,536470,48,800
537318,536934,28,384
537354,531129,188,6225
537542,536934,99,608
537641,537482,32,159
537674,531449,11,6225
537694,531469,17,6225
537714,531490,3,6224
537717,531504,18,6213
537741,489509,3,48232
537753,531540,68,6213
537890,537809,3,81
537963,535518,3,2445
538163,531950,23,6213
538186,524905,53,13281
538239,519199,7,19040
538253,538248,4,5
538280,527908,2,10372
538282,519242,19,19040
538321,538215,24,106
538351,480270,48,58081
538399,480319,9,58080
538408,519208,11,19200
538419,500010,42,38409
538461,532966,48,5495
538513,520433,46,18080
538559,503359,3,35200
538563,503363,4,35200
538568,473069,4,65499
538573,538568,5,5
538589,493378,2,45211
538603,534083,3,4520
538611,537387,30,1224
538643,534155,13,4488
538675,487010,29,51665
538707,538611,44,96
538751,535000,51,3751
538867,491731,75,47136
538942,536062,5,2880
538957,536077,256,2880
539213,536333,137,2880
539370,536490,31,2880
539402,536522,256,2880
539658,536778,156,2880
539814,539813,1,1
539818,536938,107,2880
539930,513877,10,26053
539946,537066,204,2880
540150,539350,48,800
540198,539814,29,384
540234,537354,188,2880
540422,539814,99,608
540521,531416,44,9105
540565,537685,26,2880
540596,479923,3,60673
540600,521786,3,18814
540603,531500,3,9103
540606,531501,22,9105
540628,540592,3,36
540631,521727,3,18904
540637,520207,3,20430
540640,520275,3,20365
540644,528846,69,11798
541054,531949,12,9105
541066,538186,53,2880
541119,519039,7,22080
541127,520390,11,20737
541141,535160,20,5981
541161,538442,19,2719
541180,533190,43,7990
541223,481482,9,59741
541233,541073,46,160
541279,508927,7,32352
541286,480997,3,60289
541289,519370,9,21919
541329,508977,3,32352
541336,488145,102,53191
541438,520990,12,20448
541450,541289,10,161
541460,521012,222,20448
541683,523978,160,17705
541907,521459,76,20448
541983,502463,3,39520
541987,502467,4,39520
541992,519368,12,22624
542007,538461,20,3546
542028,520780,4,21248
542033,508465,4,33568
542042,532638,76,9404
542138,520755,29,21383
542168,541952,31,216
542202,539370,31,2832
542234,534283,96,7951
542330,534010,37,8320
542367,541983,8,384
542375,541447,12,928
542419,542035,3,384
542426,542335,31,91
542458,504051,95,38407
542559,541179,2,1380
542574,541766,43,808
542618,539624,31,2994
542652,540272,25,2380
542682,528435,3,14247
542685,542555,29,130
542715,538203,44,4512
542760,541127,11,1633
542773,538261,40,4512
542813,541180,20,1633
542833,519281,78,23552
542912,519360,3,23552
542916,520386,14,22530
542935,488316,20,54619
542964,490604,3,52360
542971,529817,158,13154
543135,530841,94,12294
543231,542620,30,611
543263,543231,30,32
543295,542974,29,321
543327,533121,25,10206
543352,542957,7,395
543359,519736,29,23623
543391,543327,25,64
543423,518753,13,24670
543436,496913,19,46523
543455,519411,31,24044
543487,486276,60,57211
543547,533146,32,10401
543580,524956,36,18624
543616,542912,3,704
543620,542916,3,704
543624,508935,12,34689
543638,508438,21,35200
543666,542033,4,1633
543671,519407,35,24264
543707,516844,126,26863
543839,542971,63,868
543903,491866,13,52037
543935,543809,25,126
543960,543661,7,299
543967,532130,29,11837
543999,543871,31,128
544031,543179,21,852
544054,535160,21,8894
544077,520575,51,23502
544128,508352,63,35776
544191,506111,8,38080
544199,508934,12,35265
544214,506134,22,38080
544242,490130,128,54112
544375,544317,27,58
544408,490296,102,54112
544510,521886,9,22624
544519,491271,11,53248
544530,521906,128,22624
544662,489466,3,55196
544665,505416,3,39249
544677,520215,3,24462
544680,505915,3,38765
544694,505510,3,39184
544706,489150,3,55556
544712,489362,3,55350
544717,505430,3,39287
544722,522098,33,22624
544755,479860,3,64895
544761,505404,3,39357
544764,521805,3,22959
544768,522189,3,22579
544793,489459,4,55334
544797,521708,5,23089
544802,520187,3,24615
544805,479836,3,64969
544818,521842,53,22976
544871,544519,139,352
545010,521807,3,23203
545018,520233,3,24785
545028,479949,3,65079
545032,489140,3,55892
545038,544691,3,347
545046,544791,3,255
545052,505946,3,39106
545061,545059,3,2
545064,545048,3,16
545068,544807,3,261
545071,544659,3,412
545074,544626,34,448
545116,506019,3,39097
545120,505396,3,39724
545123,522088,3,23035
545127,522086,3,23041
545132,505517,3,39615
545137,520220,3,24917
545147,544772,3,375
545155,545113,3,42
545159,479855,3,65304
545162,505914,3,39248
545165,489517,3,55648
545171,519315,52,25856
545223,508423,12,36800
545238,543638,21,1600
545259,519403,39,25856
545298,543706,64,1592
545362,519506,195,25856
545559,492282,61,53277
545620,509197,3,36423
545623,545369,26,254
545655,519799,121,25856
545776,545648,19,128
545795,512968,20,32827
545815,493399,72,52416
545891,544196,15,1695
545909,508949,21,36960
545937,539466,76,6471
546013,508996,20,37017
546034,545701,45,333
546079,493471,6,52608
546091,546086,4,5
546096,524873,4,21223
546118,546078,1,40
546125,524516,3,21609
546128,509200,100,36928
546228,525392,20,20836
546248,509960,256,36288
546504,510216,225,36288
546730,541683,160,5047
546913,546888,1,25
546954,484266,85,62688
547039,546175,53,864
547092,525412,20,21680
547112,494248,256,52864
547368,494504,225,52864
547594,546730,160,864
547818,484266,256,63552
548074,484522,62,63552
548138,547594,160,544
548304,526813,2,21491
548330,546227,2,2103
548362,547818,97,544
548459,485099,222,63360
548682,548138,160,544
548906,524202,87,24704
548993,484897,10,64096
549010,505010,2,44000
549023,524415,66,24608
549089,548993,10,96
549119,549023,76,96
549206,543994,2,5212
549215,549119,64,96
549279,490527,33,58752
549332,533898,20,15434
549372,525072,20,24300
549392,512648,40,36744
549472,497152,20,52320
549492,540150,20,9342
549512,486044,20,63468
549572,542118,20,7454
549592,542684,20,6908
549632,543435,20,6197
549652,543915,20,5737
549672,544441,20,5231
549732,545795,20,3937
549752,485964,20,63788
549772,486064,20,63708
549792,546228,20,3564
549812,524299,20,25513
549832,547092,20,2740
549852,524491,20,25361
549872,524395,20,25477
549892,524877,20,25015
549912,497352,20,52560
549932,497312,20,52620
549952,497372,20,52580
549972,549971,75,1
550048,547208,62,2840
550112,526752,62,23360
550176,535666,31,14510
550239,502287,31,47952
550272,544124,62,6148
550336,514176,31,36160
550367,549152,32,1215
550399,550015,32,384
550432,534605,62,15827
550496,486816,62,63680
550560,535021,31,15539
550592,550560,30,32
550624,527061,31,23563
550656,550624,31,32
550687,550623,32,64
550720,544410,31,6310
550751,497919,32,52832
550784,513760,31,37024
550816,513792,31,37024
550848,513792,62,37056
550912,504378,31,46534
550943,487327,32,63616
550976,498048,31,52928
551007,513951,32,37056
551040,525888,31,25152
551071,487487,32,63584
551104,514080,31,37024
551136,551104,31,32
551168,551136,31,32
551199,540105,32,11094
551231,535455,7,15776
551239,499399,3,51840
551244,535468,128,15776
551373,498925,100,52448
551505,544409,32,7096
551537,551473,63,64
551600,548910,29,2690
551758,499918,84,51840
551843,500003,7,51840
551852,538261,60,13591
551912,542834,31,9078
551944,500104,66,51840
552013,552008,4,5
552018,500178,3,51840
552022,500182,41,51840
552065,500225,3,51840
552069,500485,20,51584
552097,500257,3,51840
552101,539990,20,12111
552133,504965,20,47168
552212,537044,2,15168
552217,500377,64,51840
552281,517708,13,34573
552294,500454,81,51840
552377,502041,31,50336
552409,502073,31,50336
552441,552345,31,96
552473,552409,31,64
552505,552473,31,32
552537,552441,31,96
552569,552377,31,192
552601,552505,31,96
552633,552537,31,96
552665,552601,31,64
552697,552569,31,128
552729,552665,31,64
552761,501785,31,50976
552793,552633,31,160
552825,501593,31,51232
552857,552793,31,64
552889,552825,31,64
552921,552889,31,32
552953,552761,31,192
552985,552921,31,64
553017,552953,31,64
553049,552857,31,192
553081,552729,31,352
553113,552985,31,128
553145,553049,31,96
553177,553017,31,160
553209,553145,31,64
553241,553081,31,160
553273,553113,31,160
553305,553177,31,128
553337,553241,31,96
553369,553273,31,96
553401,553209,31,192
553433,553369,31,64
553465,553337,31,128
553497,553401,31,96
553529,553305,31,224
553561,553433,31,128
553593,553465,31,128
553625,553593,31,32
553657,553497,31,160
553689,553657,31,32
553721,553561,31,160
553753,553529,31,224
553785,553689,31,96
553817,553753,31,64
553849,553625,31,224
553881,501561,31,52320
553913,553817,31,96
553945,502105,38,51840
553983,541439,10,12544
553997,553992,4,5
554002,512041,224,41961
554227,548682,160,5545
554451,541907,75,12544
554526,551838,4,2688
554531,553997,4,534
554536,519217,96,35319
554632,498728,55,55904
554692,554531,6,161
554701,545238,59,9463
554762,545299,256,9463
555018,545555,64,9463
555082,555081,1,1
555086,550885,26,4201
555118,545655,121,9463
555239,555111,19,128
555278,548910,81,6368
555359,520383,6,34976
555365,519367,3,35998
555370,555365,5,5
555376,549191,4,6185
555407,546126,48,9281
555458,555362,3,96
555462,555366,10,96
555472,493489,78,61983
555550,541118,8,14432
555558,521543,4,34015
555562,555369,8,193
555573,544077,20,11496
555593,554561,19,1032
555612,520503,20,35109
555632,555025,29,607
555664,546128,47,9536
555711,508415,8,47296
555720,555462,11,258
555734,519382,21,36352
555761,504304,3,51457
555764,508468,36,47296
555802,508506,240,47296
556042,497032,20,59010
556062,555635,26,427
556088,555757,6,331
556094,513601,30,42493
556126,533950,97,22176
556223,521535,12,34688
556235,555562,8,673
556243,544883,127,11360
556374,545124,3,11250
556380,544787,3,11593
556392,521693,3,34699
556398,522140,3,34258
556401,545130,3,11271
556410,545151,3,11259
556413,545013,3,11400
556417,521734,3,34683
556428,522172,3,34256
556434,544978,33,11456
556481,520287,3,36194
556489,556472,4,17
556512,521808,3,34704
556519,505518,3,51001
556527,556427,3,100
556530,544818,53,11712
556584,556232,138,352
556726,544712,3,12014
556731,520310,3,36421
556736,544666,3,12070
556743,505427,3,51316
556750,545111,3,11639
556756,531711,3,25045
556759,522130,4,34629
556764,556428,3,336
556769,545128,3,11641
556772,545032,4,11740
556782,531498,4,25284
556786,556690,32,96
556818,505413,3,51405
556821,522178,3,34643
556827,556485,3,342
556834,505933,4,50901
556838,556823,3,15
556848,505941,3,50907
556851,520230,3,36621
556856,506014,3,50842
556864,531536,4,25328
556870,556744,3,126
556873,556774,3,99
556883,555411,50,1472
556939,556934,4,5
556944,555472,78,1472
557024,556576,3,448
557028,542372,6,14656
557034,556936,9,98
557046,544214,21,12832
557074,544241,52,12833
557146,556658,56,488
557202,543959,32,13243
557240,556989,33,251
557274,557126,32,148
557306,556186,37,1120
557343,555711,8,1632
557357,557352,4,5
557366,555734,22,1632
557393,508465,39,48928
557432,555800,228,1632
557662,493367,57,64295
557719,557388,7,331
557726,543518,29,14208
557758,516318,97,41440
557855,493471,7,64384
557863,557352,11,511
557874,556945,76,929
557950,547038,54,10912
558024,547112,256,10912
558280,547368,224,10912
558506,554227,160,4279
558730,547818,256,10912
558986,548074,62,10912
559050,558506,160,544
559242,540341,3,18901
559274,511210,256,48064
559530,511466,63,48064
559594,559050,160,544
559818,546954,138,12864
559976,558024,246,1952
560222,524286,13,35936
560254,524510,65,35744
560322,560226,9,96
560351,511967,77,48384
560429,554006,220,6423
560650,559594,160,1056
560867,507334,2,53533
560874,496714,116,64160
560992,549392,40,11600
561032,552089,8,8943
561040,552121,12,8919
561053,560989,1,64
561092,555258,20,5834
561112,525232,20,35880
561152,525252,20,35900
561172,556042,20,5130
561252,557274,20,3978
561272,557674,20,3598
561312,558004,20,3308
561372,518716,3,42656
561392,559956,20,1436
561412,513128,20,48284
561432,513108,20,48324
561472,560958,32,514
561536,550240,31,11296
561568,557787,62,3781
561631,561599,32,32
561664,513344,31,48320
561696,525760,94,35936
561791,497727,32,64064
561824,560683,31,1141
561856,551968,31,9888
561888,513568,31,48320
561920,561888,30,32
561951,517569,64,44382
562016,561984,31,32
562048,550560,31,11488
562080,562048,31,32
562112,497856,31,64256
562143,561983,31,160
562176,513696,31,48480
562208,562176,31,32
562240,550401,31,11839
562272,562240,31,32
562303,550879,32,11424
562335,562143,31,192
562367,513823,63,48544
562431,513887,32,48544
562464,550976,31,11488
562496,525538,31,36958
562528,513952,63,48576
562592,517690,31,44902
562624,525920,31,36704
562656,562624,30,32
562687,525951,63,36736
562752,562720,31,32
562784,514400,39,48384
562824,514440,16,48384
562860,514476,50,48384
562910,562814,9,96
562920,562824,16,96
562956,562860,51,96
563007,554527,3,8480
563016,554536,64,8480
563080,561858,29,1222
563111,498727,63,64384
563175,551239,233,11936
563440,551504,33,11936
563473,563409,63,64
563536,560878,29,2658
563582,546012,2,17570
563694,551758,80,11936
563774,517182,8,46592
563788,517196,129,46592
563917,551537,32,12380
563949,551537,63,12412
564012,517420,72,46592
564085,517493,230,46592
564321,562117,26,2204
564353,562563,28,1790
564384,552252,28,12132
564417,564254,58,163
564475,564411,31,64
564513,517921,96,46592
564629,560112,106,4517
564735,562911,6,1824
564747,564742,5,5
564776,508459,8,56317
564790,564694,41,96
564835,551843,6,12992
564845,551892,20,12953
564872,555022,55,9850
564935,564519,25,416
564968,536458,63,28510
565032,560906,55,4126
565087,556927,6,8160
565093,556231,4,8862
565099,565094,4,5
565104,555472,79,9632
565187,520996,7,44191
565194,565097,9,97
565236,554455,72,10781
565308,564957,3,351
565311,532159,3,33152
565315,532163,4,33152
565319,565190,12,129
565362,557394,3,7968
565370,520531,96,44839
565466,565453,12,13
565484,565477,1,7
565498,565000,31,498
565530,565501,25,29
565555,565356,7,199
565562,563746,29,1816
565594,557786,69,7808
565663,565087,6,576
565670,565094,88,576
565758,565310,21,448
565782,565334,22,448
565804,509041,7,56763
565811,565363,51,448
565862,535160,51,30702
565914,557707,13,8207
565946,565498,31,448
565978,509016,32,56962
566010,561670,25,4340
566042,565594,68,448
566112,545216,3,20896
566116,565764,3,352
566120,565768,11,352
566133,506613,22,59520
566155,563205,3,2950
566158,533369,62,32789
566227,506715,31,59512
566259,533470,151,32789
566418,533629,256,32789
566674,533885,13,32789
566707,566578,64,129
566771,541939,44,24832
566815,565759,167,1056
566982,512888,20,54094
567002,565946,164,1056
567166,565662,7,1504
567173,520487,4,46686
567177,565673,85,1504
567264,566112,3,1152
567268,565090,15,2178
567286,566134,21,1152
567314,566866,2,448
567316,566157,61,1159
567386,566227,31,1159
567418,566259,108,1159
567526,567525,45,1
567571,567308,7,263
567578,566419,236,1159
567814,566886,32,928
567846,549512,20,18334
567866,508315,99,59551
567965,555357,8,12608
567973,566823,4,1150
567977,555369,11,12608
568014,514377,3,53637
568017,538513,46,29504
568063,566815,12,1248
568075,555723,9,12352
568086,566838,80,1248
568166,565414,50,2752
568218,563048,13,5170
568250,565498,57,2752
568307,567059,31,1248
568338,567962,7,376
568346,567898,69,448
568415,541119,10,27296
568425,567976,9,449
568437,568134,20,303
568457,555593,64,12864
568521,542163,7,26358
568529,555313,52,13216
568581,541286,3,27295
568584,567976,12,608
568623,568015,48,608
568671,556575,8,12096
568679,545223,3,23456
568685,568680,4,5
568690,556594,128,12096
568822,505956,3,62866
568828,544794,3,24034
568831,545112,3,23719
568847,556527,3,12320
568851,544785,3,24066
568854,522139,3,46715
568860,521692,3,47168
568870,544783,3,24087
568876,520198,3,48678
568882,568786,32,96
568914,522166,3,46748
568918,545056,3,23862
568921,556763,3,12158
568928,545015,3,23913
568933,568928,3,5
568941,521695,3,47246
568944,531493,3,37451
568957,540632,3,28325
568963,568959,3,4
568970,545019,3,23951
568974,505943,3,63031
568978,556530,45,12448
569024,568672,3,352
569028,568068,6,960
569034,568682,8,352
569042,542386,3,26656
569046,542390,21,26656
569074,542419,38,26655
569113,542458,96,26655
569229,542574,102,26655
569331,568306,8,1025
569339,569209,30,130
569370,565050,43,4320
569414,546091,3,23323
569419,569414,4,5
569424,565680,79,3744
569503,568671,8,832
569512,569419,3,93
569517,569512,4,5
569522,568690,128,832
569654,506025,3,63629
569660,520302,3,49358
569673,568968,3,705
569687,544769,3,24918
569701,556478,4,13223
569705,522065,3,47640
569708,556871,3,12837
569713,505969,33,63744
569748,506012,3,63736
569751,569669,3,82
569754,556852,4,12902
569761,544806,3,24955
569764,556869,3,12895
569767,505436,3,64331
569770,540636,3,29134
569779,545134,3,24645
569782,522170,3,47612
569785,521823,3,47962
569791,556863,3,12928
569794,556497,3,13297
569797,556414,3,13383
569802,545131,3,24671
569810,522194,98,47616
569908,561352,20,8556
569928,522632,256,47296
570184,522888,44,47296
570228,561372,20,8856
570248,569928,256,320
570504,570184,44,320
570548,561332,20,9216
570568,558024,256,12544
570824,558280,225,12544
571050,560650,160,10400
571273,548905,85,22368
571358,523198,235,48160
571594,548682,161,22912
571786,571752,2,34
571818,548906,87,22912
571906,560322,9,11584
571935,524511,116,47424
572051,561452,32,10599
572083,524659,204,47424
572287,560223,12,12064
572319,571935,64,384
572383,524863,4,47520
572388,572290,9,98
572417,524897,94,47520
572512,525012,20,47500
572532,572512,20,20
572572,560992,20,11580
572592,525112,20,47480
572632,564980,20,7652
572692,565478,20,7214
572732,565926,20,6806
572752,566687,20,6065
572772,566982,20,5790
572812,567846,20,4966
572852,568230,20,4622
572872,561152,20,11720
572892,561112,20,11780
572932,569339,20,3593
572972,572952,20,20
572992,561352,40,11640
573032,570548,20,2484
573052,560331,20,12721
573072,560235,20,12837
573092,525472,20,47620
573112,572051,20,1061
573132,525452,20,47680
573152,525512,56,47640
573208,567082,9,6126
573248,561536,31,11712
573280,568347,62,4933
573343,525919,32,47424
573376,562656,31,10720
573408,550400,94,23008
573502,513470,64,60032
573568,554990,31,18578
573600,535730,31,37870
573632,561888,31,11744
573664,556093,31,17571
573696,562080,31,11616
573728,573696,31,32
573759,550687,32,23072
573791,562143,32,11648
573824,562208,31,11616
573855,561473,32,12382
573888,550848,31,23040
573919,513791,63,60128
573984,513856,63,60128
574048,562464,31,11584
574079,525855,32,48224
574112,564282,31,9830
574143,564281,32,9862
574176,574144,31,32
574208,562880,39,11328
574248,562920,16,11328
574284,562860,59,11424
574344,574248,16,96
574380,574284,50,96
574430,563166,8,11264
574438,517190,3,57248
574444,563180,128,11264
574573,551373,100,23200
574705,569177,32,5528
574737,574673,63,64
574800,572203,29,2597
574958,563694,88,11264
575047,574439,6,608
575053,563789,63,11264
575117,563853,64,11264
575181,563473,32,11708
575213,563473,63,11740
575276,564012,71,11264
575349,575115,2,234
575371,564107,205,11264
575585,575551,25,34
575617,575549,27,68
575648,573795,28,1853
575681,575518,58,163
575739,575675,31,64
575777,564513,96,11264
575873,512728,20,63145
575893,570704,106,5189
576019,513693,4,62326
576027,574539,2,1488
576033,576027,1,6
576045,566219,2,9826
576052,550173,2,25879
576060,576053,3,7
576067,576060,3,7
576074,576067,3,7
576081,576074,3,7
576088,576052,4,36
576103,576026,3,77
576107,576094,5,13
576116,576103,9,13
576129,576116,9,13
576142,576129,9,13
576155,576142,8,13
576164,576155,4,9
576178,576164,3,14
576186,538563,4,37623
576192,573185,32,3007
576226,576003,5,223
576261,576178,3,83
576264,572425,54,3839
576319,542367,3,33952
576323,542371,6,33952
576329,576227,4,102
576333,576003,7,330
576343,563060,20,13283
576369,568113,3,8256
576378,569113,63,7265
576442,534187,44,42255
576486,575820,32,666
576518,563021,20,13497
576538,552101,20,24437
576558,539998,42,36560
576600,575838,34,762
576634,572447,64,4187
576698,554826,63,21872
576762,576748,12,14
576794,576378,94,416
576888,576696,3,192
576892,576875,14,17
576907,554617,15,22290
576924,576892,30,32
576954,571625,95,5329
577049,569144,64,7905
577114,576890,16,224
577130,520740,13,56390
577146,568346,69,8800
577215,565183,7,12032
577223,554692,5,22531
577228,554531,7,22697
577264,577203,12,61
577276,512748,20,64528
577297,577003,46,294
577346,556580,5,20766
577351,577224,10,127
577392,574635,2,2757
577399,576279,40,1120
577453,576342,21,1111
577474,575077,3,2397
577477,576373,256,1104
577733,576629,2,1104
577738,576634,256,1104
577994,576890,1,1104
577995,576923,31,1072
578027,576891,31,1136
578058,576954,160,1104
578219,577115,24,1104
578250,572199,85,6051
578339,577444,5,895
578368,568457,3,9911
578375,573970,13,4405
578404,578386,1,18
578407,578186,32,221
578439,560359,56,18080
578495,566815,167,11680
578682,567002,89,11680
578778,556154,77,22624
578855,568679,139,10176
578995,545016,3,33979
579001,569765,3,9236
579006,521684,3,57322
579010,556377,3,22633
579019,544709,3,34310
579022,520289,3,58733
579025,569782,3,9243
579033,568835,3,10198
579038,521737,3,57301
579043,569668,3,9375
579046,556829,3,22217
579058,578962,32,96
579090,556413,3,22677
579096,569807,3,9289
579107,556733,4,22374
579111,522154,3,56957
579115,568917,3,10198
579123,520235,3,58888
579132,556781,3,22351
579136,522186,3,56950
579139,520335,3,58804
579154,545170,53,33984
579208,569032,12,10176
579222,554701,60,24521
579283,554762,176,24521
579459,534840,32,44619
579491,554970,113,24521
579607,578744,27,863
579639,555118,121,24521
579760,579632,19,128
579799,565236,72,14563
579871,568415,7,11456
579878,578855,12,1023
579892,563020,40,16872
579932,533190,48,46742
579980,538509,49,41471
580029,577213,9,2816
580044,580039,4,5
580051,573629,2,6422
580080,527897,13,52183
580093,580091,1,2
580112,557904,100,22208
580212,573072,20,7140
580232,547112,256,33120
580488,547368,225,33120
580714,571594,160,9120
580938,559274,85,21664
581023,580159,53,864
581076,573052,20,8024
581096,580232,256,864
581352,580488,225,864
581578,580714,160,864
581802,559274,97,22528
581901,560429,220,21472
582122,581578,160,544
582324,582117,2,207
582328,575575,2,6753
582346,581802,84,544
582430,524382,13,58048
582463,524319,76,58144
582559,582463,76,96
582655,549215,95,33440
582752,572512,40,10240
582792,572572,40,10220
582852,576235,20,6617
582872,549752,20,33120
582892,577276,20,5616
582932,561072,20,21860
582955,582780,1,175
582972,578662,20,4310
583012,579779,20,3233
583032,549452,20,33580
583072,580212,20,2860
583092,571915,20,11177
583112,581076,20,2036
583132,572299,20,10833
583152,572397,20,10755
583172,549912,92,33260
583296,573248,31,10048
583328,578779,62,4549
583392,583360,30,32
583423,574304,32,9119
583456,567450,62,16006
583519,543515,32,40004
583552,583520,31,32
583583,529496,32,54087
583616,573600,31,10016
583648,561888,62,21760
583711,573663,32,10048
583744,562080,94,21664
583840,573856,31,9984
583872,550784,31,33088
583904,562400,62,21504
583968,574048,31,9920
583999,583807,31,192
584032,562496,31,21536
584064,562560,62,21504
584128,574176,31,9952
584159,551103,32,33056
584192,573376,31,10816
584224,584192,31,32
584256,562720,62,21536
584320,582593,31,1727
584352,572353,31,11999
584384,569377,31,15007
584416,557825,31,26591
584448,568545,31,15903
584480,584448,31,32
584512,574304,39,10208
584552,574344,16,10208
584588,574284,59,10304
584648,584552,16,96
584684,584588,50,96
584734,577438,5,7296
584745,577449,256,7296
585001,577705,29,7296
585034,577738,256,7296
585290,577994,249,7296
585539,564830,2,20709
585546,581256,84,4290
585630,574430,8,11200
585639,574439,133,11200
585773,574573,99,11200
585905,575841,32,10064
585937,585873,63,64
586000,585550,29,450
586158,551758,81,34400
586239,564831,3,21408
586243,564835,7,21408
586252,564844,59,21408
586311,585774,30,537
586343,586316,25,27
586376,564968,63,21408
586440,581288,55,5152
586500,586243,6,257
586509,542006,22,44503
586531,564777,7,21754
586538,542035,83,44503
586641,584133,26,2508
586667,586532,6,135
586673,586672,29,1
586704,567385,31,19319
586737,542234,96,44503
586833,586440,45,393
586878,557022,12,29856
586892,521900,3,64992
586902,557046,22,29856
586932,557076,37,29856
586970,586957,12,13
587002,585450,56,1552
587066,587034,25,32
587098,585905,32,1193
587130,586982,32,148
587162,578810,37,8352
587199,586879,8,320
587208,586888,12,320
587222,557046,23,30176
587251,557075,51,30176
587321,538738,57,48583
587385,587173,26,212
587417,575840,33,11577
587450,587302,32,148
587482,587162,37,320
587519,578495,11,9024
587530,587210,9,320
587541,587517,1,24
587542,578518,144,9024
587706,586705,31,1001
587738,578714,133,9024
587871,587519,21,352
587894,587542,22,352
587921,587569,53,352
587974,555978,51,31996
588026,545783,60,42243
588086,587734,29,352
588115,587916,7,199
588122,587842,29,280
588154,587802,68,352
588224,576320,3,11904
588228,544868,6,43360
588234,587882,9,352
588267,584770,3,3497
588271,542967,67,45304
588339,567674,62,20665
588402,534795,32,53607
588435,588403,31,32
588467,588339,31,128
588503,573536,31,14967
588535,545861,27,42674
588567,582129,57,6438
588631,579251,31,9380
588663,586281,59,2382
588727,588503,58,224
588785,588784,22,1
588807,554616,16,34191
588823,588791,48,32
588871,579687,72,9184
588943,588623,20,320
588983,588855,59,128
589047,587962,63,1085
589110,578322,14,10788
589124,588964,47,160
589171,566771,44,22400
589215,578847,8,10368
589224,588232,10,992
589234,578866,128,10368
589362,545159,3,44203
589368,544718,3,44650
589371,569788,3,19583
589374,569680,5,19694
589380,568840,3,20540
589387,556875,3,32512
589394,589384,3,10
589399,556370,3,33029
589402,544774,3,44628
589406,568942,3,20464
589410,545068,4,44342
589416,545053,3,44363
589426,569714,33,19712
589459,556839,3,32620
589462,589416,3,46
589469,528803,3,60666
589472,569689,3,19783
589477,531707,3,57770
589482,545058,4,44424
589488,544790,3,44698
589491,544768,3,44723
589512,579109,4,10403
589516,556730,4,32786
589523,543503,44,46020
589567,566111,3,23456
589571,566115,4,23456
589575,544871,4,44704
589579,578507,8,11072
589590,566134,23,23456
589619,584842,55,4777
589683,567386,31,22297
589715,579447,32,10268
589747,554600,32,35147
589779,589683,31,96
589811,562399,32,27412
589907,567418,108,22489
590015,534840,48,55175
590067,579315,108,10752
590195,567674,140,22521
590335,590015,32,320
590387,582674,76,7713
590463,590367,51,96
590514,566546,141,23968
590675,567866,101,22809
590776,568568,13,22208
590790,589576,10,1214
590800,582631,4,8169
590830,568014,49,22816
590879,587199,8,3680
590888,590795,3,93
590893,590888,4,5
590898,586898,3,4000
590902,587222,23,3680
590932,586932,50,4000
591002,587322,57,3680
591064,590852,27,212
591097,587417,33,3680
591130,590982,32,148
591162,568378,44,22784
591207,590888,10,319
591241,578368,71,12873
591313,555505,53,35808
591367,591207,11,160
591380,579892,40,11488
591420,557367,20,34053
591440,588595,29,2845
591473,585585,46,5888
591519,588223,3,3296
591523,588227,4,3296
591528,579208,11,12320
591542,579222,24,12320
591567,579247,35,12320
591603,579283,127,12320
591730,532601,33,59129
591763,543835,80,47928
591843,591647,48,196
591895,589542,25,2353
591927,543999,32,47928
591959,568166,21,23793
591980,544052,25,47928
592005,532885,81,59120
592086,588886,57,3200
592143,591919,20,224
592183,590711,72,1472
592255,569407,6,22848
592261,556583,3,35678
592264,591530,9,734
592273,569425,86,22848
592359,587207,3,5152
592362,578858,136,13504
592500,556836,3,35664
592512,544811,3,47701
592516,556383,3,36133
592519,544778,4,47741
592523,579115,4,13408
592531,579133,4,13398
592536,545167,3,47369
592544,545145,3,47399
592548,579111,3,13437
592561,569713,33,22848
592598,556830,3,35768
592603,579008,3,13595
592606,540642,3,51964
592610,569708,3,22902
592613,589412,3,3201
592619,568849,3,23770
592622,556759,3,35863
592642,568865,3,23777
592647,592522,3,125
592651,589392,3,3259
592654,556378,4,36276
592658,579154,45,13504
592703,591519,8,1184
592711,589575,3,3136
592714,592264,9,450
592726,557366,21,35360
592747,591563,256,1184
593003,591819,72,1184
593079,583590,25,9489
593111,591927,32,1184
593143,590335,22,2808
593166,589059,21,4107
593189,592005,138,1184
593327,593103,20,224
593367,592183,72,1184
593439,565183,10,28256
593449,592264,10,1185
593459,565203,107,28256
593566,568414,11,25152
593577,579881,51,13696
593648,576194,30,17454
593680,580112,100,13568
593780,583092,20,10688
593800,546248,256,47552
594056,546504,225,47552
594282,582122,160,12160
594506,580938,138,13568
594644,583132,20,11512
594664,570568,256,24096
594920,570824,225,24096
595146,594282,160,864
595370,559274,256,36096
595626,559530,63,36096
595690,595146,160,544
595914,582346,85,13568
595999,571999,52,24000
596051,583152,20,12899
596071,572071,218,24000
596289,582625,10,13664
596319,560255,76,36064
596397,588024,2,8373
596404,596133,2,271
596415,572319,68,24096
596484,596386,9,98
596513,572417,94,24096
596608,572512,80,24096
596688,586388,20,10300
596708,586621,20,10087
596728,587130,20,9598
596748,587450,20,9298
596768,587686,20,9082
596788,588038,20,8750
596808,589123,20,7685
596848,590655,20,6193
596868,572892,20,23976
596888,591130,20,5758
596928,561272,20,35656
596948,592163,20,4785
596991,596636,1,355
597008,593347,20,3661
597068,593780,20,3288
597088,582443,20,14645
597108,594644,20,2464
597128,582635,20,14493
597148,582539,20,14609
597168,596051,20,1117
597188,561432,20,35756
597208,561412,20,35796
597228,573152,52,24076
597312,583296,31,14016
597344,590708,62,6636
597408,597376,31,32
597440,597408,30,32
597472,597344,31,128
597504,588192,31,9312
597535,561823,32,35712
597568,583234,31,14334
597600,573632,62,23968
597663,597472,31,191
597694,583742,33,13952
597727,597663,31,64
597760,583808,31,13952
597791,550719,32,47072
597824,597792,31,32
597855,573823,63,24032
597919,583839,32,14080
597952,597250,31,702
597984,573409,31,24575
598016,573920,31,24096
598048,573984,31,24064
598080,574016,31,24064
598112,592952,31,5160
598144,551008,62,47136
598207,584063,32,14144
598240,561632,31,36608
598272,586738,31,11534
598303,550079,32,48224
598336,598304,30,32
598367,592224,32,6143
598399,584479,32,13920
598432,598400,31,32
598463,583359,32,15104
598495,543802,32,54693
598541,590902,22,7639
598571,590932,37,7639
598609,598596,12,13
598641,596167,56,2474
598703,597892,27,811
598736,591097,33,7639
598769,598621,32,148
598801,596521,45,2280
598847,590879,3,7968
598851,586883,6,11968
598857,534535,4,64322
598861,534534,6,64327
598870,557366,22,41504
598899,543668,37,55231
598938,543707,208,55231
599166,597573,26,1593
599192,598893,6,299
599198,597441,30,1757
599230,543999,53,55231
599283,593164,23,6119
599306,599283,2,23
599308,534840,51,64468
599359,588159,64,11200
599423,575039,7,24384
599430,551238,3,48192
599436,563788,129,35648
599565,574737,32,24828
599597,574737,63,24860
599660,564012,72,35648
599733,564085,256,35648
599989,564341,4,35648
600001,599075,27,926
600032,597540,27,2492
600065,595696,58,4369
600123,600059,30,64
600161,575777,96,24384
600277,594800,105,5477
600387,599427,3,960
600390,563174,3,37216
600400,599440,21,960
600421,555755,10,44666
600436,585841,32,14595
600468,600455,12,13
600480,569047,20,31433
600500,569275,32,31225
600532,585937,32,14595
600564,585937,63,14627
600628,600615,12,13
600640,542554,51,58086
600692,599693,38,999
600732,600466,2,266
600742,586387,2,14355
600754,599755,2,999
600756,600480,20,276
600776,600640,44,136
600820,600333,42,487
600862,592350,9,8512
600906,592394,4,8512
600914,588026,13,12888
600946,600914,44,32
600990,564431,45,36559
601040,599895,65,1145
601106,600500,30,606
601138,590707,76,10431
601214,579870,10,21344
601257,593609,19,7648
601281,573012,3,28269
601296,542833,77,58463
601373,600861,10,512
601384,586500,5,14884
601389,601384,5,5
601397,568693,126,32704
601530,556390,3,45140
601533,556418,3,45115
601542,589505,3,12037
601548,568824,3,32724
601566,592509,3,9057
601569,568847,3,32722
601579,569778,3,31801
601586,556338,33,45248
601620,569805,3,31815
601625,545139,3,56486
601628,556518,3,45110
601634,545063,3,56571
601638,592551,3,9087
601647,578996,4,22651
601652,592514,3,9138
601656,544810,3,56846
601669,592625,3,9044
601678,568934,3,32744
601681,545169,46,56512
601727,576319,3,25408
601731,576323,16,25408
601750,586509,22,15241
601778,567314,3,34464
601782,542967,131,58815
601913,592914,33,8999
601946,586541,80,15405
602046,601988,25,58
602071,601772,7,299
602078,601821,29,257
602110,598906,30,3204
602142,586737,53,15405
602197,589059,64,13138
602261,543510,104,58751
602365,601943,2,422
602372,601741,3,631
602381,544214,22,58167
602408,598569,52,3839
602480,601458,57,1022
602542,602484,27,58
602575,600224,33,2351
602608,602460,32,148
602640,600333,47,2307
602693,577228,7,25465
602729,602659,28,70
602760,578438,55,24322
602818,555716,5,47102
602827,602822,4,5
602832,596489,4,6343
602864,590831,47,12033
602911,569407,8,33504
602922,589228,3,13694
602928,592272,90,10656
603018,602920,8,98
603026,569522,129,33504
603155,579132,3,24023
603159,556503,3,46656
603168,579094,3,24074
603171,601648,3,1523
603176,569747,3,33429
603189,568862,3,34327
603196,592534,4,10662
603200,568844,3,34356
603204,537748,4,65456
603208,589366,3,13842
603215,589506,3,13709
603218,592562,33,10656
603256,568846,3,34410
603259,545122,3,58137
603262,540605,3,62657
603265,544812,3,58453
603273,579039,3,24234
603276,568878,3,34398
603280,545050,4,58230
603284,601564,3,1720
603292,545158,3,58134
603296,592554,3,10742
603304,603164,3,140
603310,592518,3,10792
603314,602866,51,448
603365,567173,3,36192
603368,602920,95,448
603464,603016,138,448
603603,556488,4,47115
603608,545054,3,58554
603615,592628,3,10987
603624,589389,3,14235
603630,544792,3,58838
603633,603198,3,435
603636,556426,3,47210
603650,544695,3,58955
603654,568966,3,34688
603660,568932,3,34728
603663,603202,3,461
603666,579058,33,24608
603699,592608,3,11091
603703,568965,3,34738
603706,603257,3,449
603710,601528,3,2182
603713,556422,3,47291
603717,592631,3,11086
603736,568879,3,34857
603739,544716,3,59023
603744,556511,3,47233
603749,540844,3,62905
603753,601662,3,2091
603759,556722,3,47037
603762,556530,53,47232
603815,567271,3,36544
603818,603466,136,352
603956,556824,3,47132
603969,589394,3,14575
603974,556846,3,47128
603979,578994,3,24985
603986,603633,3,353
603989,579104,3,24885
603999,603303,3,696
604004,592633,3,11371
604011,556761,3,47250
604014,603305,3,709
604018,568882,33,35136
604053,556470,3,47583
604057,601657,3,2400
604060,601577,3,2483
604064,603640,3,424
604073,556387,3,47686
604076,568850,3,35226
604080,568914,3,35166
604083,603196,3,887
604090,601570,3,2520
604097,604092,3,5
604105,545165,3,58940
604110,568943,3,35167
604114,603762,53,352
604167,589223,3,14944
604170,603818,136,352
604312,589461,3,14851
604315,540635,3,63680
604320,568826,3,35494
604323,540596,3,63727
604327,579003,3,25324
604333,568848,3,35485
604346,545144,3,59202
604349,544686,3,59663
604356,603293,3,1063
604363,556481,3,47882
604366,569674,3,34692
604369,556433,33,47936
604403,604354,4,49
604407,603709,3,698
604412,556765,3,47647
604415,592523,3,11892
604419,568869,3,35550
604422,601549,3,2873
604425,603745,3,680
604431,603986,3,445
604434,604069,4,365
604439,568862,4,35577
604444,579011,3,25433
604447,579102,5,25345
604452,556780,3,47672
604456,576023,3,28433
604462,589458,3,15004
604466,604114,45,352
604511,553983,8,50528
604519,544871,11,59648
604534,589590,23,14944
604563,567642,63,36921
604626,584841,32,19785
604659,602273,25,2386
604691,595754,63,8937
604755,601818,44,2937
604799,566367,44,38432
604851,539818,107,65033
604958,566686,52,38272
605010,601169,44,3841
605054,566110,9,38944
605063,555719,3,49344
605066,593449,10,11617
605078,566134,86,38944
605171,589779,31,15392
605203,566259,151,38944
605354,602814,2,2540
605363,566419,256,38944
605619,566675,12,38944
605651,566707,107,38944
605758,590981,2,14777
605763,593443,16,12320
605809,588497,2,17312
605815,605023,32,792
605848,601176,46,4672
605895,593575,53,12320
605948,591420,48,14528
605996,584029,2,21967
606000,601328,55,4672
606061,606056,4,5
606066,603826,129,2240
606195,545067,3,61128
606200,603197,3,3003
606203,589378,3,16825
606207,603155,3,3052
606213,603996,3,2217
606216,592638,3,13578
606223,592632,3,13591
606227,579139,3,27088
606236,603161,3,3075
606239,604327,3,1912
606242,579143,3,27099
606248,544775,3,61473
606253,592640,3,13613
606258,606162,33,96
606291,601637,3,4654
606297,568829,3,37468
606300,556758,3,49542
606306,568956,3,37350
606314,604091,3,2223
606321,592648,3,13673
606329,545147,3,61182
606334,603170,3,3164
606339,568860,3,37479
606343,601635,3,4708
606346,569787,3,36559
606355,551955,44,54400
606399,567263,3,39136
606403,567267,4,39136
606409,606056,10,353
606423,552022,22,54401
606450,552049,3,54401
606454,552053,8,54401
606462,595685,2,10777
606502,584950,20,21552
606534,552133,20,54401
606558,606397,2,161
606602,606558,1,44
606618,552217,64,54401
606683,605575,12,1108
606714,552313,12,54401
606726,606470,20,256
606746,550136,7,56610
606753,606446,5,307
606758,598188,19,8570
606778,606746,30,32
606810,606778,31,32
606842,606746,31,96
606874,606842,31,32
606906,606810,31,96
606938,606874,31,64
606970,606906,31,64
607002,606938,31,64
607034,606970,31,64
607066,607034,31,32
607098,607066,31,32
607130,607002,31,128
607162,607130,31,32
607194,607162,31,32
607226,607098,31,128
607258,607194,31,64
607290,607258,31,32
607322,607290,31,32
607354,607226,31,128
607386,607322,31,64
607418,607386,31,32
607450,607354,31,96
607482,607418,31,64
607514,607450,31,64
607546,607482,31,64
607578,607514,31,64
607610,607546,31,64
607642,607610,31,32
607674,607578,31,96
607706,607674,31,32
607738,607706,30,32
607770,607738,31,32
607802,607642,31,160
607834,607706,31,128
607866,607802,31,64
607898,607834,31,64
607930,607866,31,64
607962,607898,31,64
607994,607930,31,64
608026,607962,31,64
608058,607994,31,64
608090,608026,31,64
608122,608058,31,64
608154,608090,31,64
608186,608122,31,64
608218,608186,31,32
608250,608218,31,32
608282,607770,31,512
608313,606905,31,1408
608346,602330,37,6016
608383,594591,53,13792
608436,597148,20,11288
608456,570248,256,38208
608712,570504,44,38208
608756,597088,20,11668
608776,594664,256,14112
609032,594920,225,14112
609258,546730,161,62528
609482,594506,138,14976
609620,597128,20,12492
609640,608776,256,864
609896,609032,224,864
610122,595690,161,14432
610346,582346,87,28000
610433,596385,10,14048
610463,596319,66,14144
610530,610434,9,96
610559,560351,77,50208
610636,554005,221,56631
610858,610122,160,736
611082,610346,85,736
611167,605815,32,5352
611200,598769,20,12431
611220,599146,20,12074
611240,582812,20,28428
611260,611240,20,20
611280,600958,20,10322
611317,600754,2,10563
611340,602026,20,9314
611360,602608,20,8752
611480,572712,20,38768
611540,604959,20,6581
611560,605631,20,5929
611611,569338,2,42273
611640,606490,8,5150
611648,606522,12,5126
611660,608436,20,3224
611680,608756,20,2924
611700,596299,20,15401
611720,609620,20,2100
611740,596395,20,15345
611760,573132,20,38628
611780,573092,20,38688
611800,596493,20,15307
611820,611146,52,674
