dst,src,len,offset,content
0,-1,31,1,[00^31]0
32,0,31,32,[00^31]0
64,33,30,31,[00^30]0
96,64,30,32,[00^30]0
128,96,30,32,[00^30]0
192,130,28,62,[00^28]0
224,32,31,192,[00^31]0
256,225,30,31,[00^30]0
287,255,32,32,c0[00^30]440
320,288,30,32,[00^30]0
352,224,31,128,[00^31]0
384,353,30,31,[00^30]0
416,384,30,32,[00^30]0
447,352,31,95,[00^31]0
480,448,30,32,[00^30]0
512,480,30,32,[00^30]0
544,512,30,32,[00^30]0
576,544,30,32,[00^30]0
608,576,30,32,[00^30]0
640,608,30,32,[00^30]0
672,640,30,32,[00^30]0
703,447,31,256,[00^31]0
736,704,30,32,[00^30]0
768,736,30,32,[00^30]0
800,768,30,32,[00^30]0
832,800,30,32,[00^30]0
864,832,30,32,[00^30]0
896,864,30,32,[00^30]0
928,896,30,32,[00^30]0
959,703,31,256,[00^31]0
992,960,30,32,[00^30]0
1024,992,30,32,[00^30]0
1056,1024,30,32,[00^30]0
1088,1056,30,32,[00^30]0
1120,1088,30,32,[00^30]0
1152,1120,31,32,[00^30]250
1184,1152,30,32,[00^30]0
1215,959,31,256,[00^31]0
1248,1216,30,32,[00^30]0
1280,1248,30,32,[00^30]0
1311,1215,31,96,[00^31]0
1344,1312,31,32,[00^30]310
1376,1344,30,32,[00^30]0
1408,1376,30,32,[00^30]0
1440,1408,30,32,[00^30]0
1471,1311,31,160,[00^31]0
1504,1472,31,32,[00^30]340
1536,1504,30,32,[00^30]0
1568,1536,30,32,[00^30]0
1600,1568,30,32,[00^30]0
1632,1600,30,32,[00^30]0
1664,1632,30,32,[00^30]0
1696,1664,30,32,[00^30]0
1728,1696,30,32,[00^30]0
1759,1471,31,288,[00^31]0
1792,1760,31,32,[00^30]430
1824,1792,30,32,[00^30]0
1872,1867,4,5,84307e4f0
1910,1842,12,68,[00^12]0
1942,1910,44,32,[00^12]c96cfec066404b0d688f7854e314ecc051bec36b[00^12]0
1986,1985,14,1,[00^14]0
2005,6,26,1999,[00^25]040
2037,-64,64,2101,[00^64]0
2102,2072,29,30,[00^29]0
2134,2069,32,65,[00^32]0
2167,2062,39,105,[00^39]0
2206,1854,12,352,013702f9013382e7088303c60
2219,1867,12,352,84307e4f6984307e4f7783010
2233,1881,41,352,94508ca82df566dcd1b0de8296e70a96332cd644ec80b90104491e0936[00^12]0
2294,2262,44,32,[00^12]fd99ff9eb12d388cc02d3220eabacd1693f515bc[00^12]0
2338,1986,15,352,[00^14]9f0
2358,2327,25,31,[00^25]0
2389,2037,96,352,[00^64]e0[00^29]03e40
2486,2134,84,352,[00^32]c0[00^39]013702f9013382e7088303c60
2571,1867,55,704,84307e4f6984307e4f778301995294508ca82df566dcd1b0de8296e70a96332cd644ec80b90104491e0936[00^12]0
2646,2614,44,32,[00^12]d2d097c39a22563447fbb54cc2620246835ac2c1[00^12]0
2690,2338,15,352,[00^14]9f0
2709,2458,26,251,[00^25]030
2741,2389,96,352,[00^64]e0[00^29]03e40
2838,2486,84,352,[00^32]c0[00^39]013702f9013382e7088303c60
2923,2571,13,352,84307e4f6984307e4f778301990
2937,2585,41,352,94508ca82df566dcd1b0de8296e70a96332cd644ec80b90104491e0936[00^12]0
2998,2966,44,32,[00^12]d7b9d7c12cbd32ce5b1197616518bef4e9811d1b[00^12]0
3042,2690,44,352,[00^14]9f16c2c977[00^25]0
3092,-65,65,3157,[00^65]0
3157,2805,32,352,e0[00^29]03e40
3190,2838,84,352,[00^32]c0[00^39]013702f9013382e7088303c60
3275,2219,55,1056,84307e4f6984307e4f778301361d94508ca82df566dcd1b0de8296e70a96332cd644ec80b90104491e0936[00^12]0
3350,3318,44,32,[00^12]4e935b522d7a4674a91945db6898cd5c313fa72a[00^12]0
3394,3042,15,352,[00^14]9f0
3414,3383,25,31,[00^25]0
3444,2388,97,1056,80[00^64]e0[00^29]03e40
3542,3190,84,352,[00^32]c0[00^39]013702f9013382e7088303c60
3627,2923,55,704,84307e4f6984307e4f778301994694508ca82df566dcd1b0de8296e70a96332cd644ec80b90104491e0936[00^12]0
3702,3670,44,32,[00^12]88ce9717c13476e47f028e374cf079ceffbb5592[00^12]0
3746,3745,14,1,[00^14]0
3766,997,26,2769,[00^25]1f0
3796,3092,97,704,[00^65]e0[00^29]03e40
3894,3542,84,352,[00^32]c0[00^39]013702f9013382e7088303c60
3979,3275,13,704,84307e4f6984307e4f778301360
3993,3641,41,352,94508ca82df566dcd1b0de8296e70a96332cd644ec80b90104491e0936[00^12]0
4054,4022,44,32,[00^12]658191594cda88744d8158813029420dcf137a32[00^12]0
4098,3394,15,704,[00^14]9f0
4118,3942,25,176,[00^24]010
4148,3444,97,704,80[00^64]e0[00^29]03e40
4246,3894,84,352,[00^32]c0[00^39]013702f9013382e7088303c60
4331,3275,55,1056,84307e4f6984307e4f778301361d94508ca82df566dcd1b0de8296e70a96332cd644ec80b90104491e0936[00^12]0
4406,4374,44,32,[00^12]1ba8ab6712e593a650a1b208f740597ec820cd89[00^12]0
4450,4230,14,220,[00^13]030
4469,4292,26,177,[00^26]0
4500,4148,97,352,80[00^64]e0[00^29]03e40
4598,4246,84,352,[00^32]c0[00^39]013702f9013382e7088303c60
4683,2571,55,2112,84307e4f6984307e4f778301995294508ca82df566dcd1b0de8296e70a96332cd644ec80b90104491e0936[00^12]0
4758,4726,44,32,[00^12]572cbc94879833f41499d6e001e5c74c18c692be[00^12]0
4802,3746,15,1056,[00^14]9e0
4822,965,26,3857,[00^25]1e0
4852,2740,97,2112,c0[00^64]e0[00^29]03e40
4950,4598,84,352,[00^32]c0[00^39]013702f9013382e7088303c60
5035,3627,55,1408,84307e4f6984307e4f778301994694508ca82df566dcd1b0de8296e70a96332cd644ec80b90104491e0936[00^12]0
5110,5078,44,32,[00^12]54050db8c7ba01eba6308d8e87e14923417aa455[00^12]0
5154,4802,15,352,[00^14]9e0
5174,5143,25,31,[00^25]0
5204,3796,97,1408,[00^65]e0[00^29]03e40
5302,4950,84,352,[00^32]c0[00^39]013702f9013382e7088303c60
5387,4331,55,1056,84307e4f6984307e4f778301361d94508ca82df566dcd1b0de8296e70a96332cd644ec80b90104491e0936[00^12]0
5462,5430,44,32,[00^12]a74a98d79ad5830c4140bb4204e17a6ad4dc22ae[00^12]0
5506,5154,44,352,[00^14]9eb1cd137360[00^24]0
5556,5204,97,352,[00^65]e0[00^29]03e40
5654,5302,84,352,[00^32]c0[00^39]013702f9013382e7088303c60
5739,5035,55,704,84307e4f6984307e4f778301994694508ca82df566dcd1b0de8296e70a96332cd644ec80b90104491e0936[00^12]0
5814,5782,44,32,[00^12]4fb98a770a8884318199772a2b7c09b9ac06a0ae[00^12]0
5858,5506,15,352,[00^14]9e0
5877,5846,26,31,[00^26]0
5908,4852,97,1056,c0[00^64]e0[00^29]03e40
6006,5654,84,352,[00^32]c0[00^39]013702f9013382e7088303c60
6091,3275,56,2816,84307e4f6984307e4f778301361d94508ca82df566dcd1b0de8296e70a96332cd644ec80b90104491e0936[00^12]4e0
6166,6134,44,32,[00^12]4e181a26b35fec8a9cddcaf6c1f462b56d93d455[00^12]0
6210,4450,45,1760,[00^13]038d7ea4c680[00^26]0
6260,4500,97,1760,80[00^64]e0[00^29]03e40
6358,6006,84,352,[00^32]c0[00^39]013702f9013382e7088303c60
6443,6091,55,352,84307e4f6984307e4f778301361d94508ca82df566dcd1b0de8296e70a96332cd644ec80b90104491e0936[00^12]0
6518,6486,44,32,[00^12]5b3125babc8e92b8c8e36de59d281a9c025b78bf[00^12]0
6562,4450,147,2112,[00^13]038d7ea4c680[00^26]8a8e4b1a3d80[00^64]e0[00^29]03e40
6710,6358,84,352,[00^32]c0[00^39]013702f9013382e7088303c60
6795,4683,55,2112,84307e4f6984307e4f778301995294508ca82df566dcd1b0de8296e70a96332cd644ec80b90104491e0936[00^12]0
6870,6838,44,32,[00^12]75de208bb822cc2665d9c4ebbb73b04ca0b48d5b[00^12]0
6914,5858,15,1056,[00^14]9e0
6934,1189,26,5745,[00^25]280
6964,5908,97,1056,c0[00^64]e0[00^29]03e40
7062,6710,84,352,[00^32]c0[00^39]013702f9013382e7088303c60
7147,6795,55,352,84307e4f6984307e4f778301995294508ca82df566dcd1b0de8296e70a96332cd644ec80b90104491e0936[00^12]0
7222,7190,44,32,[00^12]614df03befccd406fbe5ff34c6edb0a5b63c191a[00^12]0
7266,6914,15,352,[00^14]9e0
7286,7255,25,31,[00^25]0
7317,6965,96,352,[00^64]e0[00^29]03e40
7414,7062,84,352,[00^32]c0[00^39]013702f9013382e7088303c60
7499,5739,55,1760,84307e4f6984307e4f778301994694508ca82df566dcd1b0de8296e70a96332cd644ec80b90104491e0936[00^12]0
7574,7542,44,32,[00^12]11900afca02898a029f226859d1069bf01866282[00^12]0
7618,7266,15,352,[00^14]9e0
7638,7286,26,352,[00^25]620
7667,3085,2,4582,00080
7669,7317,96,352,[00^64]e0[00^29]03e40
7766,7414,84,352,[00^32]c0[00^39]013702f9013382e7088303c60
7851,7147,55,704,84307e4f6984307e4f778301995294508ca82df566dcd1b0de8296e70a96332cd644ec80b90104491e0936[00^12]0
7926,7894,44,32,[00^12]2c123ac2104ac94e7befa0ac8e96d9d64c590b50[00^12]0
7970,6914,45,1056,[00^14]9e1d17a353e0[00^25]0
8021,7669,96,352,[00^64]e0[00^29]03e40
8118,7766,84,352,[00^32]c0[00^39]013702f9013382e7088303c60
8203,6443,55,1760,84307e4f6984307e4f778301361d94508ca82df566dcd1b0de8296e70a96332cd644ec80b90104491e0936[00^12]0
8278,8246,44,32,[00^12]cac476f09a2c1c12fd690587bf8021540337c73c[00^12]0
8322,6562,147,1760,[00^13]038d7ea4c680[00^26]8a8e4b1a3d80[00^64]e0[00^29]03e40
8470,8118,84,352,[00^32]c0[00^39]013702f9013382e7088303c60
8555,7499,55,1056,84307e4f6984307e4f778301994694508ca82df566dcd1b0de8296e70a96332cd644ec80b90104491e0936[00^12]0
8630,8598,44,32,[00^12]ae5032c87d6318fdd5f23c945fb6df665e647133[00^12]0
8674,7266,45,1408,[00^14]9e20c0f08be0[00^25]0
8724,5556,97,3168,[00^65]e0[00^29]03e40
8822,8470,84,352,[00^32]c0[00^39]013702f9013382e7088303c60
8906,8559,5,347,6984307e4f0
8911,8559,9,352,6984307e4f778301990
8921,3641,42,5280,94508ca82df566dcd1b0de8296e70a96332cd644ec80b90104491e0936[00^12]880
8970,8961,1,9,000
8982,8950,44,32,[00^12]88a7c757b02bf44200b4724630e1d484e89b37e8[00^12]0
9026,8674,15,352,[00^14]9e0
9046,7990,26,1056,[00^25]650
9077,8725,96,352,[00^64]e0[00^29]03e40
9174,8822,84,352,[00^32]c0[00^39]013702f9013382e7088303c60
9259,8907,55,352,84307e4f6984307e4f778301993a94508ca82df566dcd1b0de8296e70a96332cd644ec80b90104491e0936[00^12]0
9328,9313,1,15,000
9334,9302,44,32,[00^12]4a758975fabd27709484559f2de100b367279131[00^12]0
9378,9026,45,352,[00^14]9e1a91edd060[00^25]0
9429,9077,96,352,[00^64]e0[00^29]03e40
9526,9174,84,352,[00^32]c0[00^39]013702f9013382e7088303c60
9611,8203,13,1408,84307e4f6984307e4f778301360
9625,9273,41,352,94508ca82df566dcd1b0de8296e70a96332cd644ec80b90104491e0936[00^12]0
9686,9654,44,32,[00^12]23231195ed3e60f82e7b8b9e4e2108154c3fa01f[00^12]0
9730,9378,44,352,[00^14]9e1a91edd060[00^24]0
9782,9430,95,352,[00^63]e0[00^29]03e40
9878,9526,72,352,[00^32]c0[00^39]0
9950,5902,2,4048,002f0
9959,9950,1,9,000
9992,62,2,9930,00800
9994,9604,3,390,82e7080
9999,9798,47,201,[00^47]0
10093,1586,13,8507,[00^12]380
10125,32,60,10093,[00^31]80[00^28]0
10189,9568,31,621,[00^30]010
10221,10125,31,96,[00^31]0
10257,10221,31,36,[00^31]0
10321,10257,31,64,[00^31]0
10353,10289,63,64,b3c83802cf88bcd4214289b0fd4a3574290797ecc8e60ad82806bbf059e528aa[00^31]0
10416,10415,28,1,[00^28]0
10575,10414,31,161,[00^30]820
10606,9995,48,611,e7088080[00^44]0
10663,10055,6,608,843a37739c830
10693,9646,3,1047,80b9010
10701,10623,31,78,[00^31]0
10733,10144,13,589,[00^12]800
10765,10625,30,140,[00^29]010
10829,10797,32,32,1f44947aca06fe270347c4892a4ff0f283def8aca267742f351471a9e59577e40
10861,9879,63,982,[00^31]c0[00^31]0
10925,10093,38,832,[00^12]38de71124f7a447a01d67945a51edce9ff491251[00^6]0
10965,10731,2,234,00b80
10987,10965,1,22,000
10989,10745,49,244,808d7c71ad2ba3fa531b068a2417c63106bc0949[00^29]0
11038,11037,2,1,00000
11041,391,24,10650,[00^23]050
11071,10621,33,450,[00^33]0
11125,10581,74,544,[00^24]82e7088080[00^44]010
11208,11197,1,11,000
11241,11167,32,74,[00^31]010
11273,11241,31,32,[00^31]0
11305,10861,63,444,[00^31]c0[00^31]0
11423,10402,43,1021,[00^42]820
11466,9995,51,1471,e7088080[00^47]0
11517,10045,2,1472,00020
11554,10085,3,1469,80b9020
11562,11487,31,75,[00^31]0
11594,11487,32,107,[00^31]020
11626,11009,55,617,[00^31]40[00^23]0
11681,11265,8,416,[00^7]010
11689,1823,32,9866,80[00^30]010
11726,11708,12,18,[00^12]0
11758,11726,12,32,[00^12]0
11790,11626,31,164,[00^31]0
11822,9785,60,2037,[00^60]0
11886,3767,25,8119,[00^24]1f0
11918,2005,26,9913,[00^25]040
11950,-91,91,12041,[00^91]0
12046,11918,44,128,[00^25]04dc2454df3229[00^12]0
12110,11437,80,673,[00^28]82e7088080[00^47]0
12196,12138,3,58,82e7080
12200,11524,3,676,8430830
12205,11524,4,681,8430838b0
12241,12189,1,52,000
12249,11242,62,1007,[00^30]01[00^31]0
12311,12310,33,1,[00^33]0
12409,8355,13,4054,[00^12]8a0
12441,11241,62,1200,[00^31]01[00^30]0
12504,12459,14,45,[00^13]010
12537,11826,58,711,[00^56]64fa0
12601,12562,31,39,[00^31]0
12633,12620,12,13,[00^12]0
12646,12645,19,1,eeeeeeeeeeeeeeeeeeeeeeeeeeeeeeeeeeeeee0
12665,12607,25,58,[00^25]0
12696,12441,32,255,[00^31]010
12729,3074,13,9655,[00^12]080
12761,12696,31,65,[00^31]0
12793,12761,31,32,[00^31]0
12825,11241,63,1584,[00^31]01[00^31]0
12889,6870,13,6019,[00^12]750
12921,12862,26,59,[00^26]0
12947,12236,6,711,d017a6b980000
12953,11273,63,1680,[00^31]60[00^31]0
13016,13015,33,1,[00^33]0
13050,13012,37,38,[00^37]0
13090,11524,5,1566,8430838b020
13125,11465,53,1660,82e7088080[00^48]0
13178,13177,5,1,[00^5]0
13186,13125,3,61,82e7080
13195,13190,4,5,842efbe50
13204,13098,27,106,94cce9d3f392c135dc038b147ca73ec496f7f89d938084183ff0850
13232,13137,46,95,[00^46]0
13280,9600,3,3680,02f9010
13284,13186,3,98,82e7080
13293,13288,4,5,842ef4680
13322,9646,4,3676,80b901040
13330,11626,62,1704,[00^31]40[00^30]0
13392,13391,1,1,000
13394,13330,32,64,[00^31]400
13490,13394,32,96,[00^31]400
13532,13524,3,8,3934630
13587,13139,50,448,[00^44]3002ee82e7080
13638,13288,10,350,842ef4683c842ef468460
13648,13200,78,448,83010b3694cce9d3f392c135dc038b147ca73ec496f7f89d938084183ff085c0[00^46]0
13726,13630,7,96,003002ee82e7080
13734,13638,89,96,842ef4683c842ef4684683010b3694cce9d3f392c135dc038b147ca73ec496f7f89d938084183ff085c0[00^47]0
13826,13730,3,96,82e7080
13835,13830,4,5,842ee8a70
13844,11770,20,2074,e5d7c2a44ffddf6b295a15c148167daaaf5cf34f0
13865,8335,7,5530,038d7ea4c680000
13878,13238,41,640,[00^40]010
13920,13280,3,640,02f9010
13924,12196,5,1728,82e70802840
13933,13928,4,5,842d80a40
13943,12741,20,1202,0872ec4426103482a50f26ffc32acefcec61b3c90
13963,10693,4,3270,80b901c40
13971,-127,127,14098,[00^127]0
14099,14067,60,32,[00^31]01[00^28]0
14163,14035,63,128,[00^63]0
14227,14036,63,191,[00^62]010
14291,14258,31,33,[00^31]0
14388,9879,72,4509,[00^31]c0[00^40]0
14460,14287,3,173,0000010
14472,12137,2,2335,00820
14475,13941,23,534,78940872ec4426103482a50f26ffc32acefcec61b3c9800
14504,14450,12,54,[00^12]0
14536,8630,13,5906,[00^12]ae0
14565,11103,2,3462,00140
14568,14195,63,373,[00^31]05[00^31]0
14632,13362,63,1270,[00^31]a0[00^31]0
14695,11432,86,3263,[00^33]82e7088080[00^48]0
14781,14461,55,320,00010df9010a01842aea5400829d78940872ec4426103482a50f26ffc32acefcec61b3c980b8e4f242432a[00^12]0
14856,14536,256,320,[00^12]aec3cacef9457ff2821d9f85429ce3d90b001459[00^31]05[00^31]01[00^31]a0[00^64]82e7088080[00^49]010df9010a01842aea540
15112,14792,44,320,00829d78940872ec4426103482a50f26ffc32acefcec61b3c980b8e4f242432a[00^12]0
15176,14856,247,320,[00^12]aec3cacef9457ff2821d9f85429ce3d90b001459[00^31]05[00^31]01[00^31]a0[00^64]82e7088080[00^49]010
15428,15108,5,320,842aea54000
15437,13942,218,1495,940872ec4426103482a50f26ffc32acefcec61b3c980b901c4d4dfd6bc[00^127]01[00^31]01[00^28]650
15658,14163,160,1495,[00^63]05[00^62]0140[00^31]410
15877,9697,2,6180,00230
15883,15337,83,546,[00^31]82e7088080[00^47]0
15966,15422,234,544,01eff901ec80842aea540083015f90940872ec4426103482a50f26ffc32acefcec61b3c980b901c4d4dfd6bc[00^127]01[00^31]01[00^28]65140
16202,15658,160,544,[00^63]05[00^62]0140[00^31]410
16426,15882,256,544,1c[00^31]82e7088080[00^47]01eff901ec80842aea540083015f90940872ec4426103482a50f26ffc32acefcec61b3c980b901c4d4dfd6bc[00^127]010
16682,16138,62,544,[00^31]01[00^28]65140
16746,16202,160,544,[00^63]05[00^62]0140[00^31]410
16971,16427,96,544,[00^31]82e7088080[00^47]01eff901ec80842aea540083010
17069,13942,220,3127,940872ec4426103482a50f26ffc32acefcec61b3c980b901c4d4dfd6bc[00^127]01[00^31]01[00^28]6522130
17290,16746,160,544,[00^63]05[00^62]0140[00^31]410
17481,17448,1,33,000
17514,16426,84,1088,1c[00^31]82e7088080[00^47]0
17598,7937,2,9661,002c0
17602,15108,6,2494,842aea5400820
17608,9961,3,7647,5208940
17637,9992,54,7645,008082e7088080[00^47]0
17691,17595,6,96,[00^4]2ceb0
17698,17602,9,96,842aea5400825208940
17727,17631,64,96,865af3107a40008082e7088080[00^51]0
17791,12159,32,5632,[00^31]030
17844,17824,256,20,46ea7a855da88fbc09cc59de93468e6bfbf0d81b46ea7a855da88fbc09cc59de93468e6bfbf0d81b46ea7a855da88fbc09cc59de93468e6bfbf0d81b46ea7a855da88fbc09cc59de93468e6bfbf0d81b46ea7a855da88fbc09cc59de93468e6bfbf0d81b46ea7a855da88fbc09cc59de93468e6bfbf0d81b46ea7a855da88fbc09cc59de93468e6bfbf0d81b46ea7a855da88fbc09cc59de93468e6bfbf0d81b46ea7a855da88fbc09cc59de93468e6bfbf0d81b46ea7a855da88fbc09cc59de93468e6bfbf0d81b46ea7a855da88fbc09cc59de93468e6bfbf0d81b46ea7a855da88fbc09cc59de93468e6bfbf0d81b46ea7a855da88fbc09cc59de93468e6b0
18100,18080,184,20,fbf0d81b46ea7a855da88fbc09cc59de93468e6bfbf0d81b46ea7a855da88fbc09cc59de93468e6bfbf0d81b46ea7a855da88fbc09cc59de93468e6bfbf0d81b46ea7a855da88fbc09cc59de93468e6bfbf0d81b46ea7a855da88fbc09cc59de93468e6bfbf0d81b46ea7a855da88fbc09cc59de93468e6bfbf0d81b46ea7a855da88fbc09cc59de93468e6bfbf0d81b46ea7a855da88fbc09cc59de93468e6bfbf0d81b46ea7a855da88fbc09cc59de93468e6bfbf0d81b0
18364,12090,20,6274,dfd3d99a19986c7f82ef3738250295b2d95a90960
18384,12421,20,5963,8ae62266687e80b0ca3c2397a480eb12edea58e50
18544,14516,20,4028,f5f6a82f53dc7cfe7d8b3d23a2d131069eb92cde0
18564,14836,20,3728,68dd09ce89359349e8bc0b95f7e044670e7cc1aa0
18584,15156,20,3428,96d4ce194fc61817e673e46a448e23ddfdf67ce10
18724,17761,61,963,[00^61]0
18795,4846,2,13949,001e0
18816,192,31,18624,[00^28]64fa860
18848,14388,62,4460,[00^31]c0[00^30]0
18911,18848,31,63,[00^31]0
18944,18912,30,32,[00^30]0
18976,11562,62,7414,[00^31]20[00^30]0
19039,18976,31,63,[00^31]0
19072,448,31,18624,[00^30]080
19103,511,63,18592,c0[00^30]0b20[00^30]0
19168,19136,30,32,[00^30]0
19200,704,31,18496,[00^30]130
19232,19200,30,32,[00^30]0
19264,12314,31,6950,[00^30]1c0
19296,19264,31,32,[00^30]1c0
19328,960,62,18368,[00^30]1e60[00^30]0
19391,18976,32,415,[00^31]200
19423,1023,63,18400,c0[00^30]2120[00^30]0
19488,1088,62,18400,[00^30]23e0[00^30]0
19552,1152,31,18400,[00^30]250
19583,19391,31,192,[00^31]0
19616,19584,30,32,[00^30]0
19648,19616,30,32,[00^30]0
19680,11791,31,7889,[00^30]280
19712,19680,30,32,[00^30]0
19744,13057,31,6687,[00^30]2a0
19776,17665,31,2111,[00^30]2c0
19808,1280,31,18528,[00^30]2e0
19840,9921,31,9919,[00^30]2f0
19872,1312,126,18560,[00^30]3180[00^30]31e0[00^30]3240[00^30]0
20000,1408,31,18592,[00^30]330
20032,10016,38,10016,[00^30]0232f9022f8303060
20076,10060,128,10016,83048d9c94cb566e3b6934fa77258d68ea18e931fa75e1aaaa80b902046c459a28[00^12]38de71124f7a447a01d67945a51edce9ff491251[00^31]80[00^28]64fada0
20205,10189,99,10016,[00^30]0140[00^31]84704316e5[00^31]0
20337,11595,32,8742,[00^30]02000
20369,20305,62,64,a3ab4e96a6bed6bc3283527ceffbf87eeff7f08942caf34609c9a91c84839a04[00^30]0
20431,17517,30,2914,[00^29]820
20530,3009,2,17521,00d70
20562,20530,1,32,000
20591,17516,79,3075,[00^30]82e7088080[00^44]0
20670,20062,8,608,0232f9022f8303060
20679,20071,233,608,843a4023b383048d9c94cb566e3b6934fa77258d68ea18e931fa75e1aaaa80b902046c459a28[00^12]38de71124f7a447a01d67945a51edce9ff491251[00^31]80[00^28]64fadac5[00^30]0140[00^31]84704316e5[00^31]0
20945,11073,32,9872,[00^31]140
20977,20913,63,64,429f84da5113e01bf314b4174d2ecafa47748618fc6e58a86b77954d7ff5a78a[00^31]0
21040,20593,29,447,[00^28]820
21171,10965,2,10206,00b80
21198,20590,88,608,1c[00^30]82e7088080[00^44]0232f9022f8303060
21287,20679,234,608,843a4023b383048d9c94cb566e3b6934fa77258d68ea18e931fa75e1aaaa80b902046c459a28[00^12]38de71124f7a447a01d67945a51edce9ff491251[00^31]80[00^28]64fadac5[00^30]0140[00^31]84704316e5[00^31]6e0
21525,669,2,20856,00100
21553,20945,32,608,[00^31]140
21585,21521,63,64,3ce1c92c00103343ae93c016b022c2e0da6e5f1759c50f0eb9f9eed50542fa14[00^31]0
21648,21201,29,447,[00^28]820
21765,637,2,21128,000f0
21806,21198,80,608,1c[00^30]82e7088080[00^44]0
21891,10659,3,11232,8303050
21895,21287,6,608,843a4023b3830
21904,10672,23,11232,94a658742d33ebd2ce2f0bdff73515aa797fd161d980b90
21929,10697,35,11232,252f7b01[00^31]0
21965,21952,12,13,[00^12]0
21997,19009,30,2988,[00^29]040
22029,10353,32,11676,b3c83802cf88bcd4214289b0fd4a3574290797ecc8e60ad82806bbf059e528aa0
22061,10353,63,11708,b3c83802cf88bcd4214289b0fd4a3574290797ecc8e60ad82806bbf059e528aa[00^31]0
22124,20031,32,2093,c0[00^30]020
22157,22143,12,14,[00^12]0
22185,13939,3,8246,01a1780
22189,22163,6,26,[00^6]0
22197,21963,2,234,006e0
22219,10987,2,11232,00b70
22221,21977,49,244,45f1a95a4d3f3836523f5c83673c797f4d4d263b[00^29]0
22270,17223,34,5047,000001[00^31]0
22305,22273,63,32,[00^31]0d[00^31]0
22368,22367,56,1,[00^56]0
22433,19237,26,3196,[00^25]190
22465,19971,28,2494,[00^27]320
22496,19043,28,3453,[00^27]060
22529,22366,58,163,[00^58]0
22587,22523,31,64,06fd46a95390[00^25]0
22625,22242,31,383,[00^30]010
22656,22124,32,532,c0[00^30]020
22688,11072,33,11616,[00^32]140
22741,15312,105,7429,[00^56]82e7088080[00^44]0
22846,21278,8,1568,0232f9022f8303060
22855,21287,234,1568,843a4023b383048d9c94cb566e3b6934fa77258d68ea18e931fa75e1aaaa80b902046c459a28[00^12]38de71124f7a447a01d67945a51edce9ff491251[00^31]80[00^28]64fadac5[00^30]0140[00^31]84704316e5[00^31]6e0
23121,22689,32,432,[00^31]140
23153,23089,63,64,3acb052311f2a8e364f26508495a83d1f8388d160ba17924cb279c26328bea7b[00^31]0
23216,22769,29,447,[00^28]820
23332,17471,3,5861,98aab20
23374,21198,88,2176,1c[00^30]82e7088080[00^44]0232f9022f8303060
23463,22855,233,608,843a4023b383048d9c94cb566e3b6934fa77258d68ea18e931fa75e1aaaa80b902046c459a28[00^12]38de71124f7a447a01d67945a51edce9ff491251[00^31]80[00^28]64fadac5[00^30]0140[00^31]84704316e5[00^31]0
23729,23665,31,64,[00^31]0
23761,23697,63,64,ef4beccc3b9da49f0afff7a76a2acdc2b63d8ec6560e808ce115f3155fdf1bd7[00^31]0
23824,23377,29,447,[00^28]820
23949,21589,2,2360,00100
23982,23374,80,608,1c[00^30]82e7088080[00^44]0
24068,13826,5,10242,82e70804840
24102,22168,2,1934,004d0
24115,12953,57,11162,[00^31]60[00^25]0
24179,23565,30,614,[00^28]64fa0
24211,11594,94,12617,[00^31]02[00^31]40[00^30]0
24306,12952,45,11354,[00^32]60[00^12]0
24351,11738,32,12613,7d43aabc515c356145049227cee54b608342c0ad[00^12]0
24383,24382,12,1,[00^12]0
24403,12825,76,11578,[00^31]01[00^31]20[00^12]0
24499,32,62,24467,[00^31]80[00^30]0
24561,17193,64,7368,[00^32]01[00^31]0
24625,24337,46,288,0060[00^12]7d43aabc515c356145049227cee54b608342c0ad[00^12]0
24691,24562,64,129,[00^31]01[00^32]0
24755,24307,88,448,[00^31]60[00^12]7d43aabc515c356145049227cee54b608342c0ad[00^24]0
24851,11594,95,13257,[00^31]02[00^31]40[00^30]010
24947,24933,12,14,[00^12]0
24979,24499,172,480,[00^31]80[00^62]01[00^32]60[00^12]7d43aabc515c356145049227cee54b608342c0ad[00^12]0
25171,22348,76,2823,[00^76]0
25247,25151,51,96,5ec5b1e9b1bd5198343abb6e55fb695d2f7bb308[00^31]0
25298,25010,109,288,80[00^62]01[00^32]60[00^12]0
25427,24659,96,768,[00^12]74c259ba6a175fed1365fdd4ab0dcafce57e3aa0[00^31]01[00^32]0
25524,11476,47,14048,[00^42]026ff9026c0
25572,11524,8,14048,8430838b0283031e0
25581,11533,256,14048,94272e156df8da513c69cb41cc7a99185d53f926bb80b90244ac9650d8[00^31]20[00^31]02[00^31]40[00^30]0180[00^30]0104a8c9ed67[00^12]7d43aabc515c356145049227cee54b608342c0ad[00^12]e5d7c2a44ffddf6b295a15c148167daaaf5cf30
25837,11789,121,14048,4f[00^31]28[00^60]64fa8af1[00^24]0
25966,22001,26,3965,[00^25]040
25998,11950,122,14048,[00^91]44bac37ef7[00^25]040
26120,25992,18,128,84f5965eb65c[00^12]0
26155,6529,2,19626,005b0
26158,17518,81,8640,[00^28]82e7088080[00^48]0
26243,13090,6,13153,8430838b02820
26252,25407,20,845,176211869ca2b568f2a7d4ee941e073a821ee1ff0
26279,25286,13,993,[00^12]800
26292,24088,19,2204,e38291e06339d10aab483c65695d004dbd5c690
26312,26311,31,1,ffffffffffffffffffffffffffffffffffffffffffffffffffffffffffffff0
26343,17735,55,8608,82e7088080[00^50]0
26400,13920,3,12480,02f9010
26404,26343,3,61,82e7080
26408,26243,5,165,8430838b020
26413,25572,6,841,8430838b02830
26429,26397,1,32,000
26443,17090,3,9353,80b9010
26451,25644,30,807,[00^29]020
26483,23076,13,3407,[00^12]6e0
26515,546,29,25969,[00^28]0c0
26547,26451,44,96,[00^29]02a611[00^12]0
26591,19660,19,6931,[00^18]270
26611,25492,63,1119,[00^31]c0[00^31]0
26740,14388,75,12352,[00^31]c0[00^42]010
26816,26400,3,416,02f9010
26820,26404,3,416,82e7080
26829,26824,4,5,842f08300
26867,26444,3,423,b901440
26874,26802,12,72,[00^12]0
26906,26783,31,123,[00^31]0
26938,9814,56,17124,[00^31]e0[00^24]0
27000,26980,14,20,[00^14]0
27014,26886,51,128,78ff533a3a52c7154947b663ac943304640de114[00^31]0
27065,26783,32,282,[00^31]010
27098,23121,32,3977,[00^31]140
27130,27014,64,116,78ff533a3a52c7154947b663ac943304640de114[00^44]0
27195,27158,36,37,[00^36]0
27235,26820,3,415,82e7080
27239,26824,11,415,842f083062842f08306c830
27281,21171,2,6110,00b80
27288,24383,13,2905,[00^12]9d0
27320,13330,63,13990,[00^31]40[00^31]0
27383,26770,40,613,00c0[00^38]0
27426,27235,3,191,82e7080
27431,27239,11,192,842f083062842f08306c830
27442,13745,77,13697,010b3694cce9d3f392c135dc038b147ca73ec496f7f89d938084183ff085c0[00^46]0
27523,27426,3,97,82e7080
27527,27431,10,96,842f083062842f08306c0
27541,25786,20,1755,7d43aabc515c356145049227cee54b608342c0ad0
27561,26272,19,1289,80b844095ea7b3[00^12]0
27600,27073,24,527,[00^23]010
27633,27051,46,582,[00^45]010
27679,13919,8,13760,f402f901f082e7080
27688,27431,11,257,842f083062842f08306c830
27702,17069,219,10633,940872ec4426103482a50f26ffc32acefcec61b3c980b901c4d4dfd6bc[00^127]01[00^31]01[00^28]65220
27923,17290,160,10633,[00^63]05[00^62]0140[00^31]410
28147,26739,75,1408,1c[00^31]c0[00^42]0
28222,28221,1,1,000
28227,27426,4,801,82e708810
28232,27688,12,544,842f083062842f08306c83020
28274,25610,63,2664,[00^31]20[00^31]0
28338,20018,13,8320,[00^12]330
28370,13586,51,14784,c0[00^44]3002ee82e7080
28422,27431,88,991,842f083062842f08306c83010b3694cce9d3f392c135dc038b147ca73ec496f7f89d938084183ff085c0[00^46]0
28510,28509,1,1,000
28515,28418,3,97,82e7080
28519,28422,12,97,842f083062842f08306c83010
28533,26251,40,2282,94176211869ca2b568f2a7d4ee941e073a821ee1ff80b844095ea7b3[00^12]0
28581,28572,1,9,000
28593,26311,32,2282,ffffffffffffffffffffffffffffffffffffffffffffffffffffffffffffffff0
28626,28005,45,621,[00^44]010
28672,27680,3,992,02f9010
28676,28515,3,161,82e7080
28680,28519,11,161,842f083062842f08306c830
28730,10701,44,18029,[00^31]b8[00^12]0
28794,15272,56,13522,[00^31]a0[00^24]0
28856,18759,27,10097,[00^26]070
28889,22688,33,6201,[00^32]140
28922,28774,32,148,209dbd684e3cc88bc7256c6734fcd7084d993253[00^12]0
28955,28634,36,321,[00^36]0
28995,28676,3,319,82e7080
28999,13190,12,15809,842efbe595842efbe59f83010
29041,28760,2,281,00b80
29048,28979,12,69,[00^12]0
29080,28639,32,441,[00^31]010
29113,13241,46,15872,[00^37]013302f9012f82e7080
29160,28999,10,161,842efbe595842efbe59f0
29170,13298,128,15872,827e5494d1a3abf42f9e66be86cfdea8c5c2c74f041c5e1480b901045b7d7482[00^31]40[00^31]a0[00^31]400
29298,13461,3,15837,3566650
29362,29266,96,96,[00^31]40356665636562363666666338366633386439353237383663366436393663373963326462633233396464346539316234363732396437336132376662353765390
29459,27475,51,1984,[00^44]7102f86e82e7080
29510,13287,3,16223,0d842e0
29516,29511,4,5,842ee0a90
29524,26251,60,3273,94176211869ca2b568f2a7d4ee941e073a821ee1ff80b844095ea7b3[00^12]80e38291e06339d10aab483c65695d004dbd5c690
29584,19329,30,10255,[00^29]1e0
29616,27632,47,1984,c0[00^45]010
29663,15103,53,14560,0df9010a01842aea5400829d78940872ec4426103482a50f26ffc32acefcec61b3c980b8e4f242432a[00^12]0
29716,18644,20,11072,fdf93ae541cf69c7816d5a7861ba0923a39e7bb20
29736,15176,256,14560,[00^12]aec3cacef9457ff2821d9f85429ce3d90b001459[00^31]05[00^31]01[00^31]a0[00^64]82e7088080[00^49]01eff901ec80842aea540
29992,15432,225,14560,0083015f90940872ec4426103482a50f26ffc32acefcec61b3c980b901c4d4dfd6bc[00^127]01[00^31]01[00^28]6514140
30218,27923,160,2295,[00^63]05[00^62]0140[00^31]410
30442,16426,85,14016,1c[00^31]82e7088080[00^47]010
30527,29663,53,864,0df9010a01842aea5400829d78940872ec4426103482a50f26ffc32acefcec61b3c980b8e4f242432a[00^12]0
30580,18604,20,11976,348e4279c5afe64f242fe1f88eece49b6e1b25800
30600,14856,256,15744,[00^12]aec3cacef9457ff2821d9f85429ce3d90b001459[00^31]05[00^31]01[00^31]a0[00^64]82e7088080[00^49]010df9010a01842aea540
30856,15112,44,15744,00829d78940872ec4426103482a50f26ffc32acefcec61b3c980b8e4f242432a[00^12]0
30900,18624,20,12276,83d7a7cd3f71cf93a9a6a570fa6cbeeca7436eba0
30920,29736,256,1184,[00^12]aec3cacef9457ff2821d9f85429ce3d90b001459[00^31]05[00^31]01[00^31]a0[00^64]82e7088080[00^49]01eff901ec80842aea540
31176,29992,224,1184,0083015f90940872ec4426103482a50f26ffc32acefcec61b3c980b901c4d4dfd6bc[00^127]01[00^31]01[00^28]65140
31402,30218,160,1184,[00^63]05[00^62]0140[00^31]410
31626,16970,84,14656,1b[00^31]82e7088080[00^47]0
31710,17598,13,14112,002ceb59842aea5400825208940
31736,31718,1,18,000
31743,17631,66,14112,865af3107a40008082e7088080[00^51]2ceb0
31810,31714,9,96,842aea5400825208940
31831,7233,2,24598,00610
31838,31831,1,7,000
31839,31743,66,96,865af3107a40008082e7088080[00^51]2ceb0
31906,31810,9,96,842aea5400825208940
31935,31839,64,96,865af3107a40008082e7088080[00^51]0
32002,30851,7,1151,01842aea5400820
32011,30860,23,1151,940872ec4426103482a50f26ffc32acefcec61b3c980b80
32035,30884,16,1151,f242432a[00^12]0
32051,18664,20,13387,d455f611b8fff0a07378d666e04b3dc8130d4c4f0
32071,12505,63,19566,[00^12]01e4a663fffaf1430d3a36588b2c14b72231d8b4[00^31]0
32134,30983,97,1151,05[00^31]01[00^31]a0[00^32]0
32231,31943,56,288,82e7088080[00^51]0
32292,31906,9,386,842aea5400825208940
32327,17733,87,14594,008082e7088080[00^80]0
32416,18304,20,14112,b8ff877ed78ba520ece21b1de7843a8a57ca47cb0
32436,32416,40,20,b8ff877ed78ba520ece21b1de7843a8a57ca47cbb8ff877ed78ba520ece21b1de7843a8a57ca47cb0
32476,18324,20,14152,e93685f3bba03016f02bd1828badd6195988d9500
32496,32436,40,60,b8ff877ed78ba520ece21b1de7843a8a57ca47cbb8ff877ed78ba520ece21b1de7843a8a57ca47cb0
32536,25439,20,7097,74c259ba6a175fed1365fdd4ab0dcafce57e3aa00
32556,26138,20,6418,db0821d469d62b01ae0fa65c7bc8366d8b005bfc0
32607,32573,1,34,000
32616,27130,20,5486,78ff533a3a52c7154947b663ac943304640de1140
32636,27300,20,5336,9df7f53d4b86f3d452e4139ca20f68616720b9080
32776,28922,20,3854,209dbd684e3cc88bc7256c6734fcd7084d9932530
32796,29060,20,3736,f7454949d4849f8441ee43d2569db394872fa8340
32856,29716,20,3140,fdf93ae541cf69c7816d5a7861ba0923a39e7bb20
32876,17707,20,15169,8c6e8f58039ca2f8e2426f9cfb3d98c4c8ef77b50
32896,18604,40,14292,348e4279c5afe64f242fe1f88eece49b6e1b258083d7a7cd3f71cf93a9a6a570fa6cbeeca7436eba0
32936,17611,20,15325,06ce678b48a203f0607b7283d0a48435afc5919d0
33016,32051,20,965,d455f611b8fff0a07378d666e04b3dc8130d4c4f0
33036,12517,52,20519,01e4a663fffaf1430d3a36588b2c14b72231d8b4[00^32]0
33120,18816,31,14304,[00^28]64fa860
33152,28148,62,5004,[00^31]c0[00^30]0
33216,320,62,32896,[00^30]48a0[00^30]0
33280,22393,32,10887,[00^31]210
33312,19008,31,14304,[00^30]040
33343,19007,32,14336,20[00^30]040
33376,33344,31,32,[00^30]040
33408,19072,31,14336,[00^30]080
33440,544,31,32896,[00^30]0c0
33472,640,31,32832,[00^30]100
33504,672,31,32832,[00^30]120
33536,768,31,32768,[00^30]160
33568,800,62,32768,[00^30]1780[00^30]0
33632,19488,31,14144,[00^30]230
33664,26579,31,7085,[00^30]270
33696,19712,31,13984,[00^30]290
33728,19744,31,13984,[00^30]2a0
33760,1248,31,32512,[00^30]2b0
33791,1247,32,32544,20[00^30]2b0
33824,19840,31,13984,[00^30]2f0
33856,33824,31,32,[00^30]2f0
33888,27393,31,6495,[00^30]310
33919,1471,32,32448,[00^31]340
33951,18911,32,15040,[00^31]350
33984,13793,31,20191,[00^30]360
34016,1568,31,32448,[00^30]380
34047,33951,31,96,[00^31]0
34080,34048,30,32,[00^30]0
34112,1664,63,32448,[00^30]3cc0[00^30]3e0
34175,29362,32,4813,[00^31]400
34208,34176,30,32,[00^30]0
34240,26059,31,8181,[00^30]440
34272,34240,30,32,[00^30]0
34304,34272,31,32,[00^30]460
34336,34304,30,32,[00^30]0
34368,34175,31,193,[00^31]0
34402,9604,4,24798,82e708830
34413,34398,1,15,000
34419,32296,5,2123,00825208940
34455,32247,42,2208,[00^40]2eed0
34503,9960,25,24543,825208942fc617e933a52713247ce25730f6695920b3befe880
34534,29562,3,4972,0000800
34537,32329,53,2208,82e7088080[00^48]0
34590,21886,8,12704,0392f9038f8303050
34604,21900,129,12704,8313f7c094a658742d33ebd2ce2f0bdff73515aa797fd161d980b90364252f7b01[00^31]6e[00^12]45f1a95a4d3f3836523f5c83673c797f4d4d263b[00^29]0432380
34733,21585,32,13148,3ce1c92c00103343ae93c016b022c2e0da6e5f1759c50f0eb9f9eed50542fa140
34765,21585,63,13180,3ce1c92c00103343ae93c016b022c2e0da6e5f1759c50f0eb9f9eed50542fa14[00^31]0
34828,22124,72,12704,c0[00^30]0274[00^12]4d73adb72bc3dd368966edd0f0b2148401a178e2[00^6]c20
34901,22197,256,12704,006e352d8275aae3e0c2404d9f68f6cee084b5beb3dd00b745f1a95a4d3f3836523f5c83673c797f4d4d263b[00^31]01[00^31]0d[00^31]0d[00^87]21327fce5b40a8a42f[00^20]0
35157,22453,5,12704,[00^5]0
35169,34950,27,219,[00^26]010
35200,33955,28,1245,[00^27]350
35233,35070,58,163,[00^58]0
35291,35227,31,64,3523665f0416[00^25]0
35329,22625,96,12704,[00^30]01c0[00^30]02[00^32]140
35445,31056,105,4389,[00^56]82e7088080[00^44]0
35550,34590,8,960,0392f9038f8303050
35558,10054,3,25504,62843a0
35561,34601,67,960,57bd538313f7c094a658742d33ebd2ce2f0bdff73515aa797fd161d980b90364252f7b01[00^31]0
35629,34669,64,960,[00^12]45f1a95a4d3f3836523f5c83673c797f4d4d263b[00^29]0432380
35693,23761,32,11932,ef4beccc3b9da49f0afff7a76a2acdc2b63d8ec6560e808ce115f3155fdf1bd70
35725,23761,63,11964,ef4beccc3b9da49f0afff7a76a2acdc2b63d8ec6560e808ce115f3155fdf1bd7[00^31]0
35788,34828,71,960,c0[00^30]0274[00^12]4d73adb72bc3dd368966edd0f0b2148401a178e2[00^6]0
35861,35627,2,234,00650
35883,34923,205,960,00b745f1a95a4d3f3836523f5c83673c797f4d4d263b[00^31]01[00^31]0d[00^31]0d[00^87]0
36097,33414,25,2683,[00^24]080
36129,19172,27,16957,[00^26]110
36160,35524,27,636,[00^26]030
36193,17765,58,18428,[00^57]030
36251,36187,30,64,b5f9e07fbb5e[00^24]0
36289,35329,96,960,[00^30]01c0[00^30]02[00^32]140
36405,35445,113,960,[00^56]82e7088080[00^44]0392f9038f8303050
36518,20070,3,16448,63843a0
36521,34601,132,1920,57bd538313f7c094a658742d33ebd2ce2f0bdff73515aa797fd161d980b90364252f7b01[00^31]6e[00^12]45f1a95a4d3f3836523f5c83673c797f4d4d263b[00^29]0432380
36653,20977,32,15676,429f84da5113e01bf314b4174d2ecafa47748618fc6e58a86b77954d7ff5a78a0
36685,20977,63,15708,429f84da5113e01bf314b4174d2ecafa47748618fc6e58a86b77954d7ff5a78a[00^31]0
36748,34828,72,1920,c0[00^30]0274[00^12]4d73adb72bc3dd368966edd0f0b2148401a178e2[00^6]c20
36821,34901,228,1920,006e352d8275aae3e0c2404d9f68f6cee084b5beb3dd00b745f1a95a4d3f3836523f5c83673c797f4d4d263b[00^31]01[00^31]0d[00^31]0d[00^87]210
37057,36130,26,927,[00^25]110
37089,1059,28,36030,[00^27]220
37120,36623,28,497,[00^27]040
37153,36990,58,163,[00^58]0
37211,37147,31,64,04c98811c904[00^25]0
37249,36289,96,960,[00^30]01c0[00^30]02[00^32]140
37365,22741,113,14624,[00^56]82e7088080[00^44]0232f9022f8303060
37479,36519,6,960,843a57bd53830
37485,23469,127,14016,048d9c94cb566e3b6934fa77258d68ea18e931fa75e1aaaa80b902046c459a28[00^12]38de71124f7a447a01d67945a51edce9ff491251[00^31]80[00^28]64fada0
37613,22989,100,14624,[00^30]0140[00^31]84704316e5[00^31]6e0
37745,37313,32,432,[00^31]140
37777,37713,63,64,85387374e734b3f55597bdff04f77eeae5c3197e4b71a97ee3b04f440290e50f[00^31]0
37840,37393,29,447,[00^28]820
37988,37867,1,121,000
37998,21806,88,16192,1c[00^30]82e7088080[00^44]0392f9038f8303050
38086,20678,3,17408,64843a0
38089,36521,132,1568,57bd538313f7c094a658742d33ebd2ce2f0bdff73515aa797fd161d980b90364252f7b01[00^31]6e[00^12]45f1a95a4d3f3836523f5c83673c797f4d4d263b[00^29]0432380
38221,23153,32,15068,3acb052311f2a8e364f26508495a83d1f8388d160ba17924cb279c26328bea7b0
38253,23153,63,15100,3acb052311f2a8e364f26508495a83d1f8388d160ba17924cb279c26328bea7b[00^31]0
38316,36748,72,1568,c0[00^30]0274[00^12]4d73adb72bc3dd368966edd0f0b2148401a178e2[00^6]c20
38389,36821,256,1568,006e352d8275aae3e0c2404d9f68f6cee084b5beb3dd00b745f1a95a4d3f3836523f5c83673c797f4d4d263b[00^31]01[00^31]0d[00^31]0d[00^87]21310abfc870d856a7[00^20]0
38645,37077,5,1568,[00^5]0
38657,35601,28,3056,[00^27]650
38689,38502,27,187,[00^26]0d0
38721,38558,58,163,[00^58]0
38779,38715,31,64,0dee918cce3a[00^25]0
38817,37249,96,1568,[00^30]01c0[00^30]02[00^32]140
38933,37365,105,1568,[00^56]82e7088080[00^44]0
39043,25571,3,13472,1084300
39081,29041,2,10040,00b80
39088,25806,44,13282,[00^12]e5d7c2a44ffddf6b295a15c148167daaaf5cf34f[00^12]0
39132,25407,32,13725,176211869ca2b568f2a7d4ee941e073a821ee1ff[00^12]0
39184,37581,30,1603,[00^28]64fa0
39216,33541,26,5675,[00^25]160
39242,39076,6,166,61d10e15c0000
39248,39247,29,1,[00^29]0
39280,38957,78,323,[00^32]82e7088080[00^41]0
39358,27678,11,11680,01f402f901f082e70880840
39369,39045,3,324,309e730
39373,39368,4,5,84309e730
39378,17065,3,22313,8301590
39382,17069,220,22313,940872ec4426103482a50f26ffc32acefcec61b3c980b901c4d4dfd6bc[00^127]01[00^31]01[00^28]6522130
39603,14163,161,25440,[00^63]05[00^62]0140[00^31]410c0
39827,28147,75,11680,1c[00^31]c0[00^42]0
39908,39364,3,544,82e7080
39912,26408,11,13504,8430838b028430838b02830
39954,12241,2,27713,00b90
39962,33810,13,6152,[00^12]2b0
39994,12953,62,27041,[00^31]60[00^30]0
40058,12633,44,27425,[00^12]eeeeeeeeeeeeeeeeeeeeeeeeeeeeeeeeeeeeeeee[00^12]0
40102,39132,32,970,176211869ca2b568f2a7d4ee941e073a821ee1ff[00^12]0
40134,39974,32,160,2b5f704ab7061fb4dbfc5876b024f4bdb2f5e8b6[00^12]0
40186,34149,26,6037,[00^25]3e0
40212,39949,6,263,79eb48b298000
40218,40028,29,190,[00^28]010
40250,40218,29,32,[00^28]010
40282,39685,44,597,[00^44]0
40346,39699,63,647,[00^30]0140[00^31]0
40409,37179,33,3230,[00^32]040
40442,25267,62,15175,[00^31]80[00^30]0
40506,40411,31,95,[00^30]040
40538,39636,31,902,[00^30]050
40570,25806,63,14764,[00^12]e5d7c2a44ffddf6b295a15c148167daaaf5cf34f[00^31]0
40633,34148,27,6485,[00^26]3e0
40660,40212,34,448,79eb48b298[00^29]0
40694,25295,35,15399,00000080[00^31]0
40730,13873,4,26857,d0e30db00
40734,-155,155,40889,[00^155]0
40890,38849,31,2041,[00^30]020
40926,40570,47,356,[00^12]e5d7c2a44ffddf6b295a15c148167daaaf5cf34f[00^15]0
40974,39523,47,1451,[00^15]01[00^31]0
41022,26058,32,14964,[00^31]440
41054,40762,158,292,[00^127]80[00^30]0
41218,41200,12,18,[00^12]0
41250,39475,76,1775,[00^63]01[00^12]0
41326,39974,51,1352,2b5f704ab7061fb4dbfc5876b024f4bdb2f5e8b6[00^31]0
41378,34464,32,6914,[00^31]2e0
41410,40938,22,472,e5d7c2a44ffddf6b295a15c148167daaaf5cf34f00000
41433,40102,22,1331,176211869ca2b568f2a7d4ee941e073a821ee1ff00000
41456,-201,201,41657,[00^201]0
41658,25899,32,15759,[00^31]640
41694,40090,44,1604,[00^12]176211869ca2b568f2a7d4ee941e073a821ee1ff[00^12]0
41760,40252,74,1508,[00^26]01ba2914[00^44]0
41834,41070,143,764,[00^111]80[00^30]010
41978,40922,16,1056,9f865422[00^12]0
41994,41706,32,288,176211869ca2b568f2a7d4ee941e073a821ee1ff[00^12]0
42026,40970,242,1056,00000001[00^15]01[00^31]80[00^31]44[00^127]80[00^30]0
42268,41688,2,580,00640
42274,41982,44,292,[00^12]176211869ca2b568f2a7d4ee941e073a821ee1ff[00^12]0
42318,40166,45,2152,fc0c2df02b1616b05c22b3044c582c4150cfd3a9[00^25]0
42363,24716,63,17647,[00^6]01[00^56]0
42427,38043,36,4384,[00^35]030
42472,31176,2,11296,00830
42505,42460,2,45,00000
42507,12242,3,30265,b903240
42514,11273,94,31241,[00^31]60[00^31]c0[00^30]0
42609,25641,45,16968,20[00^31]02[00^12]0
42654,41410,20,1244,e5d7c2a44ffddf6b295a15c148167daaaf5cf34f0
42674,40070,20,2604,eeeeeeeeeeeeeeeeeeeeeeeeeeeeeeeeeeeeeeee0
42694,12653,37,30041,eeeeeeeeeeeeeeeeeeeeeeee[00^25]0
42731,38873,39,3858,[00^6]02[00^32]0
42770,32351,64,10419,[00^63]020
42834,25674,63,17160,[00^31]40[00^30]010
42899,19603,12,23296,[00^11]250
42930,11273,95,31657,[00^31]60[00^31]c0[00^31]0
43026,43009,16,17,[00^16]0
43043,28610,15,14433,ffffffffffffffffffffffffffffff0
43059,19303,24,23756,[00^23]1c0
43083,42500,7,583,7310237d8d00000
43090,39634,95,3456,[00^32]05[00^62]0
43186,41346,63,1840,[00^31]a0[00^31]0
43250,42368,16,882,0001[00^14]0
43266,43050,8,216,ffffffffffffffff0
43281,38956,77,4325,[00^33]82e7088080[00^39]0
43363,28226,4,15137,9082e7080
43373,43368,4,5,842f0ef40
43382,24086,23,19296,9480e38291e06339d10aab483c65695d004dbd5c6980b90
43407,24111,61,19296,2cc4081e[00^31]60[00^25]0
43475,24179,31,19296,[00^28]64fab50
43507,24403,76,19104,[00^31]01[00^31]20[00^12]0
43583,43423,32,160,[00^19]60[00^12]0
43635,42439,24,1196,[00^23]030
43667,43507,76,160,[00^31]01[00^31]20[00^12]0
43763,25267,140,18496,[00^31]80[00^62]01[00^32]60[00^12]0
43903,43615,32,288,265b25e22bcd7f10a5bd6e6410f10537cc7567e8[00^12]0
43955,25459,107,18496,[00^31]01[00^32]c0[00^42]0
44062,28990,8,15072,007902f87682e7080
44071,28680,11,15391,842f083062842f08306c830
44086,44062,1,24,000
44112,28759,3,15353,0000b80
44120,44051,12,69,[00^12]0
44152,28857,26,15295,[00^25]070
44178,44108,6,70,1afd498d00000
44185,44025,57,160,[00^38]7902f87682e70801842f083062842f08306c830
44245,44085,138,160,94009a0b7c38b542208936f1179151cd08e294383387071afd498d0000b844f2b9fdb8[00^12]c7d8489dae3d2ebef075b1db2257e2c231c9d231[00^25]071afd498d0000c0[00^38]0
44383,28511,7,15872,7202f86f82e7080
44391,28519,12,15872,842f083062842f08306c83010
44405,29524,40,14881,94176211869ca2b568f2a7d4ee941e073a821ee1ff80b844095ea7b3[00^12]0
44465,44354,29,111,[00^29]0
44498,38034,45,6464,[00^44]030
44544,12192,3,32352,02f9030
44548,44387,3,161,82e7080
44557,44552,4,5,842f01540
44562,12210,3,32352,8302e90
44566,12214,30,32352,940cab6977a9c70e04458b740476b498b21401964186d017a6b98000b9030
44597,12245,176,32352,744773f1[00^30]01[00^64]1c142a0a9dc1048d952989b1ac09ebf92d5a10fc522377cbfa9322fb4aa3a94e3e5c39d51d2064bf0ab68698091d1216a9c1b80936fc16ad69b29030d269f04b61[00^12]0
44793,12441,256,32352,[00^31]01[00^30]03[00^13]01e4a663fffaf1430d3a36588b2c14b72231d8b4[00^56]64fa842764fa926f[00^31]6c[00^12]eeeeeeeeeeeeeeeeeeeeeeeeeeeeeeeeeeeeeeee[00^25]27d486e98180000
45049,12697,256,32352,[00^30]0140[00^12]0872ec4426103482a50f26ffc32acefcec61b3c9[00^31]05[00^31]32[00^31]01[00^31]20[00^12]7538262ae993ca117a0e481f908209137a46268e[00^26]d017a6b980000
45305,12953,96,32352,[00^31]60[00^64]0
45406,28382,39,17024,[00^33]3002ee82e7080
45445,43367,3,2078,15842f0
45448,44554,9,894,015406842f015410830
45457,13201,86,32256,010b3694cce9d3f392c135dc038b147ca73ec496f7f89d938084183ff085c0[00^46]013302f9012f82e7080
45544,45446,10,98,842f015406842f0154100
45554,29170,128,16384,827e5494d1a3abf42f9e66be86cfdea8c5c2c74f041c5e1480b901045b7d7482[00^31]40[00^31]a0[00^31]400
45688,13449,4,32239,323463640
45725,29430,3,16295,6332330
45739,29426,3,16313,6332640
45745,29361,33,16384,39[00^31]400
45779,45718,3,61,3835610
45795,29436,3,16359,3465390
45834,13577,3,32257,3131660
45839,13440,3,32399,3432390
45843,42790,44,3053,[00^43]020
45888,43360,3,2528,02f9020
45892,45540,14,352,82e70802842f015406842f0154100
45910,43382,24,2528,9480e38291e06339d10aab483c65695d004dbd5c6980b9020
45939,19602,13,26337,[00^12]250
45971,871,24,45100,[00^23]1a0
46003,9814,61,36189,[00^31]e0[00^29]0
46064,40375,65,5689,000140[00^62]0
46131,29081,63,17050,[00^30]01c0[00^31]0
46195,34002,13,12193,[00^12]360
46227,45177,63,1050,[00^31]01[00^31]0
46291,23732,29,22559,[00^28]0f0
46323,19138,29,27185,[00^28]0e0
46355,46097,32,258,[00^32]0
46387,28593,32,17794,ffffffffffffffffffffffffffffffffffffffffffffffffffffffffffffffff0
46419,44917,30,1502,[00^28]64fa0
46451,45305,63,1146,[00^31]60[00^31]0
46515,28571,3,17944,0000f80
46527,46516,1,11,000
46579,26739,76,19840,1c[00^31]c0[00^42]010
46655,45535,8,1120,3302f9012f82e7080
46663,27687,3,18976,80842f0
46666,45546,136,1120,015406842f015410827e5494d1a3abf42f9e66be86cfdea8c5c2c74f041c5e1480b901045b7d7482[00^31]40[00^31]a0[00^31]400
46812,45697,3,1115,6366630
46836,45722,3,1114,6431650
46839,46805,3,34,3433380
46843,13551,3,33292,3632650
46853,13538,3,33315,3865630
46866,46770,32,96,[00^31]400
46916,46853,3,63,3865630
46926,45818,3,1108,3437390
46943,29414,3,17529,3738360
46950,45729,3,1221,3935630
46963,46086,44,877,[00^43]010
47008,46656,3,352,02f9010
47012,29156,14,17856,82e70801842efbe595842efbe59f0
47026,28690,3,18336,8307a10
47030,28694,21,18336,948731d54e9d02c286767d56ac03e8037c07e01e980
47058,28723,51,18335,1eb8e41114cd2a[00^31]b8[00^12]0
47129,46738,57,391,[00^31]a0[00^25]0
47192,33604,27,13588,[00^26]190
47224,38880,33,8344,[00^32]140
47257,47109,32,148,1a0db5ecd8dd71e63d03a527034a5ef2f2bc0552[00^12]0
47290,46618,45,672,[00^36]013302f9012f82e7080
47341,47336,4,5,842d8d290
47346,46674,128,672,827e5494d1a3abf42f9e66be86cfdea8c5c2c74f041c5e1480b901045b7d7482[00^31]40[00^31]a0[00^31]400
47488,46924,3,564,6332340
47494,13532,3,33962,3934630
47497,29450,3,18047,3237660
47501,46919,3,582,3331660
47534,46957,3,577,6532340
47538,47442,96,96,[00^31]40343665613130666239383436343863323461343439346332376638333166303437633265326432366461656263346561653262373066333464393764653234310
47634,46962,45,672,c0[00^43]010
47679,47327,8,352,3302f9012f82e7080
47688,47336,138,352,842d8d29d7842d8d29de827e5494d1a3abf42f9e66be86cfdea8c5c2c74f041c5e1480b901045b7d7482[00^31]40[00^31]a0[00^31]400
47829,47590,4,239,393463320
47839,13525,3,34314,3463630
47842,46807,3,1035,3866610
47847,13525,4,34322,346363610
47854,45713,3,2141,6139390
47857,13477,4,34380,663939350
47890,47794,96,96,[00^31]40383964393463326566643732383463633866613866346363613266626139396639393539363637663039616364646366363838366464353365623030303765610
47986,47634,45,352,c0[00^43]010
48031,39359,8,8672,f402f901f082e7080
48045,48040,4,5,842d87e60
48050,13938,224,34112,8301a178940872ec4426103482a50f26ffc32acefcec61b3c980b901c4d4dfd6bc[00^127]01[00^31]01[00^28]6522130
48275,39603,160,8672,[00^63]05[00^62]0140[00^31]410
48499,46579,76,1920,1c[00^31]c0[00^42]010
48575,30847,53,17728,0df9010a01842aea5400829d78940872ec4426103482a50f26ffc32acefcec61b3c980b8e4f242432a[00^12]0
48628,32876,20,15752,8c6e8f58039ca2f8e2426f9cfb3d98c4c8ef77b50
48648,30600,256,18048,[00^12]aec3cacef9457ff2821d9f85429ce3d90b001459[00^31]05[00^31]01[00^31]a0[00^64]82e7088080[00^49]010df9010a01842aea540
48904,30856,44,18048,00829d78940872ec4426103482a50f26ffc32acefcec61b3c980b8e4f242432a[00^12]0
48948,32936,20,16012,06ce678b48a203f0607b7283d0a48435afc5919d0
48968,30920,256,18048,[00^12]aec3cacef9457ff2821d9f85429ce3d90b001459[00^31]05[00^31]01[00^31]a0[00^64]82e7088080[00^49]01eff901ec80842aea540
49224,31176,224,18048,0083015f90940872ec4426103482a50f26ffc32acefcec61b3c980b901c4d4dfd6bc[00^127]01[00^31]01[00^28]65140
49450,48275,160,1175,[00^63]05[00^62]0140[00^31]410
49674,16426,256,33248,1c[00^31]82e7088080[00^47]01eff901ec80842aea540083015f90940872ec4426103482a50f26ffc32acefcec61b3c980b901c4d4dfd6bc[00^127]010
49930,16682,62,33248,[00^31]01[00^28]65140
49994,49450,160,544,[00^63]05[00^62]0140[00^31]410
50218,16970,98,33248,1b[00^31]82e7088080[00^47]01eff901ec80842aea54008301590
50316,39381,221,10935,1c940872ec4426103482a50f26ffc32acefcec61b3c980b901c4d4dfd6bc[00^127]01[00^31]01[00^28]6522130
50538,49994,160,544,[00^63]05[00^62]0140[00^31]410
50762,16426,256,34336,1c[00^31]82e7088080[00^47]01eff901ec80842aea540083015f90940872ec4426103482a50f26ffc32acefcec61b3c980b901c4d4dfd6bc[00^127]010
51018,16682,63,34336,[00^31]01[00^28]6514170
51082,50538,160,544,[00^63]05[00^62]0140[00^31]410
51306,17514,87,33792,1c[00^31]82e7088080[00^48]2ceb0
51394,32292,9,19102,842aea5400825208940
51423,31839,66,19584,865af3107a40008082e7088080[00^51]2ceb0
51489,51393,10,96,5b842aea5400825208940
51519,51423,76,96,865af3107a40008082e7088080[00^51]2ceb5b842aea5400825208940
51615,17727,95,33888,865af3107a40008082e7088080[00^82]0
51729,51709,1,20,000
51752,32476,20,19276,e93685f3bba03016f02bd1828badd6195988d9500
51772,51752,40,20,e93685f3bba03016f02bd1828badd6195988d950e93685f3bba03016f02bd1828badd6195988d9500
51812,32456,40,19356,b8ff877ed78ba520ece21b1de7843a8a57ca47cbe93685f3bba03016f02bd1828badd6195988d9500
51852,39164,20,12688,617a53f20bc489e08eefbf29935505ddb73330360
51892,42318,20,9574,fc0c2df02b1616b05c22b3044c582c4150cfd3a90
51932,43935,20,7997,99c5fe1da823fd50671e0f6a31905ba7ea69fb450
52012,44773,20,7239,62832c4dff3633bd15cd0d1c214a3b7e84ec95a20
52072,46207,20,5865,360c63b45ca42b533aa85fff02f1733d19b02cb60
52112,47257,20,4855,1a0db5ecd8dd71e63d03a527034a5ef2f2bc05520
52192,48628,20,3564,8c6e8f58039ca2f8e2426f9cfb3d98c4c8ef77b50
52212,48948,20,3264,06ce678b48a203f0607b7283d0a48435afc5919d0
52232,31723,20,20509,c7ae0feab08a56d51cfc289c240087984fefefd80
52252,31915,20,20337,4985c560bc16b9e266b6b3ab7797fb48e4bf5dec0
52272,32301,20,19971,a080239353b1750b4c2b63fb75f61939b25de8ad0
52292,31819,20,20473,b4b929258c5e6f32e4620b79006104faeaeca4000
52351,52311,1,40,000
52372,51666,44,706,[00^44]0
52448,33120,31,19328,[00^28]64fa860
52480,48500,62,3980,[00^31]c0[00^30]0
52544,52512,31,32,[00^30]3b0
52576,40629,31,11947,[00^30]3e0
52608,959,32,51649,[00^31]1e0
52640,44825,31,7815,[00^30]030
52672,51115,31,1557,[00^30]050
52704,39872,31,12832,[00^30]090
52735,33439,32,19296,a0[00^30]0c0
52767,23729,32,29038,[00^31]0f0
52800,33472,31,19328,[00^30]100
52832,33504,31,19328,[00^30]120
52864,52832,30,32,[00^30]0
52896,33536,62,19360,[00^30]1640[00^30]0
52959,52767,31,192,[00^31]0
52992,896,31,52096,[00^30]1b0
53024,44666,31,8358,[00^30]1c0
53055,927,32,52128,a0[00^30]1d0
53087,19455,63,33632,20[00^30]21c0[00^30]0
53152,19616,31,33536,[00^30]260
53184,33664,62,19520,[00^30]2720[00^30]0
53247,352,32,52895,[00^31]2d0
53280,41379,31,11901,[00^30]2e0
53311,33855,32,19456,40[00^30]2f0
53344,45409,31,7935,[00^30]300
53376,45146,62,8230,[00^30]32[00^31]0
53440,33984,31,19456,[00^30]360
53472,34016,31,19456,[00^30]380
53504,34048,31,19456,[00^30]390
53536,53504,31,32,[00^30]390
53568,1632,31,51936,[00^30]3a0
53599,42865,32,10734,40[00^30]010
53631,10655,7,42976,f2f901ef8303050
53638,21286,3,32352,65843a0
53641,38089,4,15552,57bd53830
53645,10669,63,42976,09771894a658742d33ebd2ce2f0bdff73515aa797fd161d980b901c4252f7b01[00^31]0
53709,10733,64,42976,[00^12]808d7c71ad2ba3fa531b068a2417c63106bc0949[00^29]014c080
53773,20369,32,33404,a3ab4e96a6bed6bc3283527ceffbf87eeff7f08942caf34609c9a91c84839a040
53805,20369,63,33436,a3ab4e96a6bed6bc3283527ceffbf87eeff7f08942caf34609c9a91c84839a04[00^31]0
53868,10892,45,42976,c0[00^31]d4[00^12]0
53913,38361,26,15552,4d73adb72bc3dd368966edd0f0b2148401a178e2[00^6]0
53941,53707,2,234,006d0
53963,10987,77,42976,00b7808d7c71ad2ba3fa531b068a2417c63106bc0949[00^31]40[00^23]0
54040,52925,2,1115,00160
54049,47225,32,6824,[00^31]140
54101,38005,81,16096,[00^24]82e7088080[00^44]0392f9038f8303050
54182,22854,3,31328,66843a0
54188,38092,129,16096,8313f7c094a658742d33ebd2ce2f0bdff73515aa797fd161d980b90364252f7b01[00^31]6e[00^12]45f1a95a4d3f3836523f5c83673c797f4d4d263b[00^29]0432380
54317,37777,32,16540,85387374e734b3f55597bdff04f77eeae5c3197e4b71a97ee3b04f440290e50f0
54349,37777,63,16572,85387374e734b3f55597bdff04f77eeae5c3197e4b71a97ee3b04f440290e50f[00^31]0
54412,38316,72,16096,c0[00^30]0274[00^12]4d73adb72bc3dd368966edd0f0b2148401a178e2[00^6]c20
54485,38389,256,16096,006e352d8275aae3e0c2404d9f68f6cee084b5beb3dd00b745f1a95a4d3f3836523f5c83673c797f4d4d263b[00^31]01[00^31]0d[00^31]0d[00^87]21310abfc870d856a7[00^20]0
54741,38645,5,16096,[00^5]0
54753,53571,28,1182,[00^27]3a0
54785,33412,27,21373,[00^26]080
54817,54654,58,163,[00^58]0
54875,54811,31,64,0805adad8b6f[00^25]0
54913,38817,96,16096,[00^30]01c0[00^30]02[00^32]140
55029,37365,113,17664,[00^56]82e7088080[00^44]0232f9022f8303060
55143,37479,233,17664,843a57bd5383048d9c94cb566e3b6934fa77258d68ea18e931fa75e1aaaa80b902046c459a28[00^12]38de71124f7a447a01d67945a51edce9ff491251[00^31]80[00^28]64fadad1[00^30]0140[00^31]84704316e5[00^31]0
55409,52385,32,3024,[00^31]0a0
55441,55377,63,64,7ce031c5c2c480039fb226f7df37b3ee79d616f50b6815ffaaec8957135ca819[00^31]0
55504,55057,29,447,[00^28]820
55662,10574,80,45088,1b[00^30]82e7088080[00^44]0
55748,11204,6,44544,8435a4e900830
55757,11213,22,44544,94a6384dfe1c151ffb7c8425cf91680781dca98974800
55779,54214,3,1565,b903640
55782,25606,131,30176,ac9650d8[00^31]20[00^31]02[00^31]40[00^30]010
55913,55710,32,203,[00^32]0
55950,55786,63,164,[00^31]20[00^31]0
56014,11369,9,44645,697066733a2f2f516d0
56069,50950,68,5119,[00^67]010
56142,27320,64,28822,[00^31]40[00^32]0
56206,43507,92,12699,[00^31]01[00^31]20[00^28]0
56298,52476,3,3822,64fa860
56302,46387,60,9915,ffffffffffffffffffffffffffffffffffffffffffffffffffffffffffffffff[00^28]0
56362,46383,64,9979,[00^4]ffffffffffffffffffffffffffffffffffffffffffffffffffffffffffffffff[00^28]0
56426,56425,48,1,[00^48]0
56474,42686,50,13788,eeeeeeeeeeeeeeeeeeeeeeeeeeeeeeeeeeeeeeee[00^30]0
56525,56442,32,83,[00^32]0
56557,56013,10,544,37697066733a2f2f516d0
56569,46852,4,9717,393865630
56613,49123,90,7490,[00^37]82e7088080[00^48]0
56706,39367,3,17339,8084300
56716,29013,22,27703,94629d74d459f072914f0b2aab9f7232fa36c1baed870
56743,44272,4,12471,0000b8440
56747,29044,16,27703,7648ce45[00^12]0
56783,56206,32,577,[00^31]010
56815,56650,47,165,82e7088080[00^42]0
56864,48032,3,8832,02f9010
56868,56815,3,53,82e7080
56874,56707,4,167,8430a3740
56879,9954,6,46925,8502540be4000
56910,53669,3,3241,80b9010
56918,56430,76,488,[00^44]eeeeeeeeeeeeeeeeeeeeeeeeeeeeeeeeeeeeeeee[00^12]0
56994,56962,32,32,eeeeeeeeeeeeeeeeeeeeeeeeeeeeeeeeeeeeeeee[00^12]0
57046,56838,25,208,[00^24]010
57078,57046,25,32,[00^24]010
57110,42578,62,14532,[00^30]0120[00^30]0
57174,57143,30,31,[00^29]010
57206,12985,102,44221,[00^64]c0[00^37]0
57308,12188,11,45120,0000035a02f9035682e7080
57320,39368,11,17952,84309e731484309e7322830
57331,12211,210,45120,02e908940cab6977a9c70e04458b740476b498b21401964186d017a6b98000b90324744773f1[00^30]01[00^64]1c142a0a9dc1048d952989b1ac09ebf92d5a10fc522377cbfa9322fb4aa3a94e3e5c39d51d2064bf0ab68698091d1216a9c1b80936fc16ad69b29030d269f04b61[00^12]0
57561,12441,256,45120,[00^31]01[00^30]03[00^13]01e4a663fffaf1430d3a36588b2c14b72231d8b4[00^56]64fa842764fa926f[00^31]6c[00^12]eeeeeeeeeeeeeeeeeeeeeeeeeeeeeeeeeeeeeeee[00^25]27d486e98180000
57817,12697,256,45120,[00^30]0140[00^12]0872ec4426103482a50f26ffc32acefcec61b3c9[00^31]05[00^31]32[00^31]01[00^31]20[00^12]7538262ae993ca117a0e481f908209137a46268e[00^26]d017a6b980000
58073,12953,134,45120,[00^31]60[00^64]c0[00^37]0
58207,56703,6,1504,74f8728084300
58213,39046,4,19167,9e731b830
58217,56713,25,1504,016a1194629d74d459f072914f0b2aab9f7232fa36c1baed870
58247,56743,20,1504,0000b8447648ce45[00^12]0
58287,56783,79,1504,[00^31]0182e7088080[00^42]0
58372,58211,6,161,84309e731b830
58381,45910,21,12471,9480e38291e06339d10aab483c65695d004dbd5c690
58410,43404,64,15006,b902642cc4081e[00^31]60[00^25]0
58474,57678,37,796,[00^35]64fa0
58513,43507,108,15006,[00^31]01[00^31]20[00^31]60[00^12]0
58621,36205,46,22416,[00^45]030
58667,58404,6,263,b9fc22a82e7d0
58673,58513,76,160,[00^31]01[00^31]20[00^12]0
58749,25247,160,33502,5ec5b1e9b1bd5198343abb6e55fb695d2f7bb308[00^31]80[00^62]01[00^32]60[00^12]0
58909,40938,32,17971,e5d7c2a44ffddf6b295a15c148167daaaf5cf34f[00^12]0
58961,58832,64,129,[00^31]01[00^32]0
59025,58319,45,706,82e7088080[00^40]0
59075,58210,7,865,8084309e731b830
59086,53965,20,5121,808d7c71ad2ba3fa531b068a2417c63106bc09490
59114,26867,3,32247,b901440
59121,59039,31,82,[00^31]0
59153,49064,56,10089,[00^31]a0[00^24]0
59216,9429,94,49787,[00^64]e0[00^29]0
59310,55006,3,4304,0000140
59333,59237,43,96,[00^43]0
59377,58991,31,386,0001[00^29]0
59408,53770,3,5638,014c080
59411,56620,76,2791,[00^30]82e7088080[00^41]0
59487,29503,7,29984,7102f86e82e7080
59494,45895,3,13599,02842f0
59500,59495,4,5,842f8de90
59508,29524,89,29984,94176211869ca2b568f2a7d4ee941e073a821ee1ff80b844095ea7b3[00^12]80e38291e06339d10aab483c65695d004dbd5c69[00^29]0
59600,29616,47,29984,c0[00^45]010
59647,47679,8,11968,3302f9012f82e7080
59661,59656,4,5,842f15fa0
59666,47698,128,11968,827e5494d1a3abf42f9e66be86cfdea8c5c2c74f041c5e1480b901045b7d7482[00^31]40[00^31]a0[00^31]400
59796,46842,3,12954,3736320
59807,46862,3,12945,6534300
59817,47576,3,12241,6662390
59822,45733,3,14089,6664380
59826,46955,3,12871,6139650
59841,47970,3,11871,3638380
59851,46904,3,12947,3137330
59858,59762,96,96,[00^31]40303537363231353265343538346534303930616139336466623935356664383761396561326365323837623034613736383833626438303636313733316339330
59955,59602,44,353,[00^44]0
60003,59652,3,351,82e7080
60007,59656,10,351,842f15fab3842f15fabd0
60022,28350,20,31672,333d8b480bdb25ea7be4dd87eeb359988ce1b30d0
60048,44354,30,15694,[00^29]720
60081,40396,46,19685,[00^45]040
60131,44226,4,15905,7682e7080
60135,28421,3,31714,04842f0
60138,60009,9,129,15fab3842f15fabd830
60168,60125,1,43,000
60177,57361,2,2816,00b90
60185,58138,62,2047,[00^31]c0[00^30]0
60249,60185,31,64,[00^31]0
60345,58481,30,1864,[00^28]64fa0
60377,60361,12,16,[00^12]0
60409,46099,62,14310,[00^30]01a0[00^30]0
60471,60470,78,1,[00^78]0
60549,60389,46,160,d51f0e79dcb496db643fd9e234f110fca8f79a4f[00^26]0
60600,58335,32,2265,[00^31]020
60633,42706,92,17927,[00^31]02[00^60]0
60729,26925,13,33804,[00^12]b50
60761,50986,92,9775,[00^31]01[00^31]01[00^28]0
60853,60661,16,192,00000002[00^12]0
60889,60825,31,64,[00^31]0
60921,60761,95,160,[00^31]01[00^31]01[00^31]0
61016,61015,77,1,[00^77]0
61113,55414,27,5699,[00^26]0a0
61144,61061,32,83,[00^32]0
61225,61175,1,50,000
61241,14387,69,46854,1b[00^31]c0[00^36]0
61312,45888,3,15424,02f9020
61316,46660,6,14656,82e70880842f0
61322,43370,10,17952,0ef4e4842f0ef4ee83020
61334,58381,22,2953,9480e38291e06339d10aab483c65695d004dbd5c69870
61361,60176,3,1185,e000b90
61364,58411,67,2953,02642cc4081e[00^31]60[00^29]0
61434,43475,31,17959,[00^28]64fab50
61466,58513,153,2953,[00^31]01[00^31]20[00^31]60[00^57]0
61619,61356,7,263,0227275ebbe0000
61626,58673,256,2953,[00^31]01[00^31]20[00^12]5ec5b1e9b1bd5198343abb6e55fb695d2f7bb308[00^31]80[00^62]01[00^32]60[00^12]e5d7c2a44ffddf6b295a15c148167daaaf5cf34f0
61882,58929,12,2953,[00^12]0
61914,60633,64,1281,[00^31]02[00^32]0
61979,61781,36,198,[00^35]010
62015,45887,3,16128,d402f90
62019,45891,4,16128,d082e7080
62024,61320,11,704,842f0ef4e4842f0ef4ee830
62039,28573,20,33466,f82537fb6c56a3b50092d3951f84f5f6c835b4f50
62059,59690,3,2369,80b9010
62067,60345,31,1722,[00^28]64fa870
62099,59698,63,2401,[00^31]40[00^31]0
62162,61497,64,665,01[00^31]20[00^31]0
62231,42274,44,19957,[00^12]176211869ca2b568f2a7d4ee941e073a821ee1ff[00^12]0
62275,40582,50,21693,e5d7c2a44ffddf6b295a15c148167daaaf5cf34f[00^30]0
62327,19122,13,43205,[00^12]0b0
62340,32757,19,29583,652eff5070c4c2251a3309ef0f90cee17161f20
62359,19170,29,43189,[00^28]110
62391,61921,25,470,[00^24]020
62423,57210,100,5213,[00^60]c0[00^39]0
62523,44219,14,18304,[00^4]7902f87682e70801842f0
62537,62026,9,511,0ef4e4842f0ef4ee830
62546,29010,25,33536,012db994629d74d459f072914f0b2aab9f7232fa36c1baed870
62576,39080,3,23496,c000b80
62579,58250,17,4329,447648ce45[00^12]0
62616,29080,70,33536,[00^31]01c0[00^37]0
62688,24064,3,38624,02f9050
62692,61316,15,1376,82e70880842f0ef4e4842f0ef4ee830
62710,61334,21,1376,9480e38291e06339d10aab483c65695d004dbd5c690
62740,24108,62,38632,b905842cc4081e[00^31]60[00^23]0
62811,61434,31,1377,[00^28]64fab50
62843,24211,140,38632,[00^31]02[00^31]40[00^30]02[00^32]60[00^12]0
62983,58622,45,4361,[00^44]030
63035,24403,236,38632,[00^31]01[00^31]20[00^12]7f72e0d8e9abf9133a92322b8b50bd8e0f9dcfcb[00^31]80[00^62]01[00^32]60[00^12]0
63271,62275,32,996,e5d7c2a44ffddf6b295a15c148167daaaf5cf34f[00^12]0
63323,42706,95,20617,[00^31]02[00^63]0
63419,63169,57,250,[00^56]010
63483,24851,108,38632,[00^31]02[00^31]40[00^30]0160[00^12]0
63591,61702,192,1889,5ec5b1e9b1bd5198343abb6e55fb695d2f7bb308[00^31]80[00^62]01[00^32]60[00^12]e5d7c2a44ffddf6b295a15c148167daaaf5cf34f[00^12]0
63783,24959,51,38824,4cbab02a5448605e95181489b6ec0404e721eb85[00^31]0
63834,63833,45,1,[00^45]0
63879,24959,160,38920,4cbab02a5448605e95181489b6ec0404e721eb85[00^31]80[00^62]01[00^32]60[00^12]0
64039,62243,32,1796,176211869ca2b568f2a7d4ee941e073a821ee1ff[00^12]0
64071,63303,84,768,b766d53c2891c02a93ce8010116aef92e0a686b5[00^31]02[00^32]0
64156,44348,42,19808,[00^35]7202f86f82e7080
64199,45446,12,18753,842f015406842f01541083010
64213,59508,40,4705,94176211869ca2b568f2a7d4ee941e073a821ee1ff80b844095ea7b3[00^12]0
64273,28593,77,35680,ffffffffffffffffffffffffffffffffffffffffffffffffffffffffffffffffc0[00^44]0
64350,64349,1,1,000
64354,26819,4,37535,7782e7080
64359,64199,11,160,842f015406842f015410830
64373,44245,21,20128,94009a0b7c38b542208936f1179151cd08e29438330
64401,44272,64,20129,0000b844f2b9fdb8[00^12]c7d8489dae3d2ebef075b1db2257e2c231c9d231[00^24]0
64465,64395,8,70,15ed49a0f91e00000
64473,47289,38,17184,c0[00^36]010
64511,48895,53,15616,0df9010a01842aea5400829d78940872ec4426103482a50f26ffc32acefcec61b3c980b8e4f242432a[00^12]0
64564,52292,20,12272,b4b929258c5e6f32e4620b79006104faeaeca4000
64584,48648,256,15936,[00^12]aec3cacef9457ff2821d9f85429ce3d90b001459[00^31]05[00^31]01[00^31]a0[00^64]82e7088080[00^49]010df9010a01842aea540
64840,48904,44,15936,00829d78940872ec4426103482a50f26ffc32acefcec61b3c980b8e4f242432a[00^12]0
64884,52232,20,12652,c7ae0feab08a56d51cfc289c240087984fefefd80
64904,64584,256,320,[00^12]aec3cacef9457ff2821d9f85429ce3d90b001459[00^31]05[00^31]01[00^31]a0[00^64]82e7088080[00^49]010df9010a01842aea540
65160,64840,44,320,00829d78940872ec4426103482a50f26ffc32acefcec61b3c980b8e4f242432a[00^12]0
65204,52252,20,12952,4985c560bc16b9e266b6b3ab7797fb48e4bf5dec0
65224,48968,256,16256,[00^12]aec3cacef9457ff2821d9f85429ce3d90b001459[00^31]05[00^31]01[00^31]a0[00^64]82e7088080[00^49]01eff901ec80842aea540
65480,49224,224,16256,0083015f90940872ec4426103482a50f26ffc32acefcec61b3c980b901c4d4dfd6bc[00^127]01[00^31]01[00^28]65140
65706,51082,160,14624,[00^63]05[00^62]0140[00^31]410
65930,15882,256,50048,1c[00^31]82e7088080[00^47]01eff901ec80842aea540083015f90940872ec4426103482a50f26ffc32acefcec61b3c980b901c4d4dfd6bc[00^127]010
66186,16138,63,50048,[00^31]01[00^28]6514160
66250,65706,160,544,[00^63]05[00^62]0140[00^31]410
66474,50218,97,16256,1b[00^31]82e7088080[00^47]01eff901ec80842aea540083010
66571,29995,222,36576,5f90940872ec4426103482a50f26ffc32acefcec61b3c980b901c4d4dfd6bc[00^127]01[00^31]01[00^28]6514140
66794,66250,160,544,[00^63]05[00^62]0140[00^31]410
67018,31626,85,35392,1b[00^31]82e7088080[00^48]0
67103,31999,52,35104,ecf8ea01842aea5400829b28940872ec4426103482a50f26ffc32acefcec61b3c980b8c4f242432a[00^12]0
67155,52272,20,14883,a080239353b1750b4c2b63fb75f61939b25de8ad0
67175,32071,216,35104,[00^12]01e4a663fffaf1430d3a36588b2c14b72231d8b4[00^31]05[00^31]01[00^31]a0[00^32]82e7088080[00^51]0
67391,51583,12,15808,2ceb5b842aea5400825208940
67423,51615,64,15808,865af3107a40008082e7088080[00^51]0
67487,32287,4,35200,2eed82020
67492,67394,9,98,842aea5400825208940
67521,32321,62,35200,8654953ff6d0008082e7088080[00^49]0
67583,17695,12,49888,2ceb5a842aea5400825208940
67615,51615,96,16000,865af3107a40008082e7088080[00^82]020
67712,51772,60,15940,e93685f3bba03016f02bd1828badd6195988d950e93685f3bba03016f02bd1828badd6195988d950b8ff877ed78ba520ece21b1de7843a8a57ca47cb0
67772,18344,20,49428,fb52e6f695e64088939c0665fd711c929bedc5790
67792,56763,20,11029,bff2462d0963504f18f068ffcbb4e436cead87990
67816,67709,1,107,000
67832,57541,20,10291,b699b5b6df19a3f30a3625817f0ed5c3c99058480
67852,58267,20,9585,64058f2ecfc5d2f285964d98deedcff3756d877f0
67872,58941,20,8931,513d9a01d9755c88717daee21c734ea0c85f730e0
67892,59313,20,8579,ecc541c1117a56cbf65f7cf222a275c1ea766f020
67992,61894,20,6098,06d08ffd2c96bfbdc0f7c0096c01d2d19f7518810
68012,62339,20,5673,0b652eff5070c4c2251a3309ef0f90cee17161f20
68032,62596,20,5436,04fa8d54f76fe1cc202aee0477e489b0b0cba8b80
68052,64071,20,3981,b766d53c2891c02a93ce8010116aef92e0a686b50
68112,64564,20,3548,b4b929258c5e6f32e4620b79006104faeaeca4000
68132,52232,40,15900,c7ae0feab08a56d51cfc289c240087984fefefd84985c560bc16b9e266b6b3ab7797fb48e4bf5dec0
68172,51403,20,16769,f6e5f1f62c064e041f1af33ab6ce993aa0d8caa40
68192,51595,20,16597,8818fda5c50dc3a3fcc820db4a89825219555de70
68212,51499,20,16713,37ee3ac9d140df89373b05f0bfbf4b0df090be6e0
68232,67155,20,1077,a080239353b1750b4c2b63fb75f61939b25de8ad0
68252,18704,20,49548,9dbad420963e53775a51ea9aad4afa3af6e5d7530
68272,67187,20,1085,01e4a663fffaf1430d3a36588b2c14b72231d8b40
68292,18684,20,49608,f6f8b5bc021ff67a9932346447dd7e78aa6742240
68312,67639,71,673,[00^71]0
68383,40441,63,27942,04[00^31]80[00^30]0
68448,68416,30,32,[00^30]0
68479,68384,31,95,[00^31]0
68544,56270,31,12274,[00^28]64fa860
68576,64124,62,4452,[00^31]c0[00^30]0
68640,42079,62,26561,[00^30]44[00^31]0
68704,33280,126,35424,[00^31]21[00^30]0420[00^30]0480[00^30]0
68832,55410,31,13422,[00^30]0a0
68864,19136,31,49728,[00^30]0e0
68895,52831,64,16064,60[00^30]1220[00^30]150
68960,68928,30,32,[00^30]0
68992,53120,31,15872,[00^30]240
69024,19584,31,49440,[00^30]250
69055,53183,32,15872,80[00^30]270
69087,25838,32,43249,[00^31]280
69120,69088,31,32,[00^30]280
69152,33728,31,35424,[00^30]2a0
69184,19776,62,49408,[00^30]2ce0[00^30]0
69248,67457,31,1791,[00^30]2e0
69280,53344,94,15936,[00^30]30c0[00^30]32[00^31]0
69376,69344,31,32,[00^30]320
69408,33920,95,35488,[00^30]34[00^31]3560[00^30]360
69504,69472,31,32,[00^30]360
69536,53472,31,16064,[00^30]380
69568,34048,94,35520,[00^30]3960[00^30]3b80[00^30]0
69664,69632,30,32,[00^30]0
69696,66923,31,2773,[00^30]410
69728,34208,62,35520,[00^30]4240[00^30]0
69792,13792,37,56000,[00^31]3602f482e7080
69878,55094,48,14784,[00^40]0232f9022f8303060
69932,55148,128,14784,83048d9c94cb566e3b6934fa77258d68ea18e931fa75e1aaaa80b902046c459a28[00^12]38de71124f7a447a01d67945a51edce9ff491251[00^31]80[00^28]64fada0
70061,37613,100,32448,[00^30]0140[00^31]84704316e5[00^31]6e0
70193,59281,32,10912,[00^31]140
70225,70161,63,64,184463a17b50c107a9e9e094bfd6cf5bb27293167dd682b38b08159d76672c4a[00^31]0
70288,67307,29,2981,[00^28]820
70351,69181,2,1170,002a0
70416,52829,2,17587,00100
70446,37998,88,32448,1c[00^30]82e7088080[00^44]0392f9038f8303050
70540,54188,129,16352,8313f7c094a658742d33ebd2ce2f0bdff73515aa797fd161d980b90364252f7b01[00^31]6e[00^12]45f1a95a4d3f3836523f5c83673c797f4d4d263b[00^29]0432380
70701,70669,32,32,fe3336f83d801fc21167bf6f735aa56a232ce111fe9fc6e809766da409a97b5d0
70733,54381,103,16352,[00^31]c0[00^30]0274[00^12]4d73adb72bc3dd368966edd0f0b2148401a178e2[00^6]c20
70837,34901,230,35936,006e352d8275aae3e0c2404d9f68f6cee084b5beb3dd00b745f1a95a4d3f3836523f5c83673c797f4d4d263b[00^31]01[00^31]0d[00^31]0d[00^87]21327f0
71073,68804,27,2269,[00^26]060
71105,52738,29,18367,[00^28]0c0
71137,70885,28,252,[00^27]010
71169,66861,60,4308,[00^59]010
71229,71165,30,64,c54b11d7[00^26]0
71265,54913,96,16352,[00^30]01c0[00^30]02[00^32]140
71381,36405,113,34976,[00^56]82e7088080[00^44]0392f9038f8303050
71495,69927,6,1568,843a169b5f830
71501,70541,128,960,13f7c094a658742d33ebd2ce2f0bdff73515aa797fd161d980b90364252f7b01[00^31]6e[00^12]45f1a95a4d3f3836523f5c83673c797f4d4d263b[00^29]0432380
71661,71629,32,32,5e0b7e6b7c1fa8b8d91b31ab3f297d057e656898c9b4b211b49effa4ddd5cf260
71693,70733,103,960,[00^31]c0[00^30]0274[00^12]4d73adb72bc3dd368966edd0f0b2148401a178e2[00^6]c20
71797,70837,230,960,006e352d8275aae3e0c2404d9f68f6cee084b5beb3dd00b745f1a95a4d3f3836523f5c83673c797f4d4d263b[00^31]01[00^31]0d[00^31]0d[00^87]21327f0
72033,44312,26,27721,[00^25]070
72065,71909,28,156,[00^27]0d0
72096,71845,28,251,[00^27]010
72129,71170,59,959,[00^58]010
72188,72124,30,64,ea474705a1[00^25]0
72225,71265,96,960,[00^30]01c0[00^30]02[00^32]140
72341,71381,113,960,[00^56]82e7088080[00^44]0392f9038f8303050
72455,71495,134,960,843a169b5f8313f7c094a658742d33ebd2ce2f0bdff73515aa797fd161d980b90364252f7b01[00^31]6e[00^12]45f1a95a4d3f3836523f5c83673c797f4d4d263b[00^29]0432380
72621,72589,32,32,62c557ead692c506666523e0ef9d51c5ebdc2c58bb999a4695dea7ec6eab8a880
72653,71693,103,960,[00^31]c0[00^30]0274[00^12]4d73adb72bc3dd368966edd0f0b2148401a178e2[00^6]c20
72757,71797,256,960,006e352d8275aae3e0c2404d9f68f6cee084b5beb3dd00b745f1a95a4d3f3836523f5c83673c797f4d4d263b[00^31]01[00^31]0d[00^31]0d[00^87]21327fc3bee522e985[00^20]0
73013,72053,5,960,[00^5]0
73025,72957,27,68,[00^27]0
73057,68868,27,4189,[00^26]0e0
73089,72926,58,163,[00^58]0
73147,73083,31,64,0e20382b3e76[00^25]0
73185,72225,96,960,[00^30]01c0[00^30]02[00^32]140
73301,72341,113,960,[00^56]82e7088080[00^44]0392f9038f8303050
73415,72455,69,960,843a169b5f8313f7c094a658742d33ebd2ce2f0bdff73515aa797fd161d980b90364252f7b01[00^31]0
73485,72525,64,960,[00^12]45f1a95a4d3f3836523f5c83673c797f4d4d263b[00^29]0432380
73568,62225,2,11343,00e40
73581,73549,32,32,900d666e356748e7b141f2089cc98c628df9ca00e4cdf440284decb5823c1c760
73613,72653,102,960,[00^31]c0[00^30]0274[00^12]4d73adb72bc3dd368966edd0f0b2148401a178e2[00^6]0
73717,73483,2,234,006f0
73739,72779,205,960,00b745f1a95a4d3f3836523f5c83673c797f4d4d263b[00^31]01[00^31]0d[00^31]0d[00^87]0
73953,73919,26,34,[00^25]230
73985,73917,27,68,[00^27]0
74016,71106,28,2910,[00^27]0c0
74049,73886,58,163,[00^58]0
74107,74043,31,64,0c4eae1e0d34[00^25]0
74145,73185,96,960,[00^30]01c0[00^30]02[00^32]140
74261,55029,106,19232,[00^56]82e7088080[00^44]020
74371,73411,3,960,8303050
74375,73415,6,960,843a169b5f830
74383,53647,22,20736,1894a658742d33ebd2ce2f0bdff73515aa797fd161d90
74412,61362,2,13050,00b90
74420,72493,44,1927,[00^31]6e[00^12]0
74464,53721,52,20743,808d7c71ad2ba3fa531b068a2417c63106bc0949[00^29]014c080
74548,74516,32,32,bfbdeb39d47d7b7c71dd7aefca174841deb967ff4ed2a2c055172880eebf83600
74580,59249,44,15331,[00^31]e0[00^12]0
74644,53869,70,20775,[00^31]d4[00^12]4d73adb72bc3dd368966edd0f0b2148401a178e2[00^6]0
74716,74450,2,266,006e0
74738,53963,78,20775,00b7808d7c71ad2ba3fa531b068a2417c63106bc0949[00^31]40[00^24]0
74822,11071,34,63751,[00^33]140
74856,74624,44,232,9958c11ee606a2703c905490bf2a7ba5423b53e7[00^24]0
74900,74317,42,583,82e7088080[00^37]0
74948,55748,7,19200,8435a4e90083060
74985,57360,3,17625,8000b90
74994,62163,62,12831,[00^31]20[00^30]0
75056,57140,33,17916,0120[00^30]010
75089,40025,32,35064,60[00^30]010
75122,63739,44,11383,[00^12]e5d7c2a44ffddf6b295a15c148167daaaf5cf34f[00^12]0
75186,75096,25,90,[00^24]010
75211,74980,7,231,7508f1956a80000
75218,73761,44,1457,[00^31]01[00^12]0
75282,75219,31,63,[00^30]010
75314,40698,127,34616,[00^31]04d0e30db0[00^91]0
75442,75397,44,45,[00^44]0
75486,62275,50,13211,e5d7c2a44ffddf6b295a15c148167daaaf5cf34f[00^30]0
75542,74994,58,548,[00^31]20[00^26]0
75605,75287,26,318,[00^25]010
75631,75211,19,420,7508f1956a80[00^13]0
75650,75486,32,164,e5d7c2a44ffddf6b295a15c148167daaaf5cf34f[00^12]0
75702,55364,13,20338,[00^12]b80
75734,75702,12,32,[00^12]0
75766,75670,44,96,[00^12]3d391afffed2255a2dd00325c3a96a5a8e023ff8[00^12]0
75810,75809,18,1,[00^18]0
75830,75411,44,419,[00^30]02[00^13]0
75874,75166,44,708,cb28fbe3e9c0fea62e0e63ff3f232cecfe555ad4[00^24]0
75918,75854,7,64,[00^6]020
75926,75702,44,224,[00^12]b8f275fbf7a959f4bce59999a2ef122a099e81a8[00^12]0
75970,67220,19,8750,[00^18]050
75989,42237,33,33752,80[00^31]640
76022,75766,32,256,[00^12]3d391afffed2255a2dd00325c3a96a5a8e023ff80
76067,75391,63,676,[00^50]02[00^12]0
76150,76118,12,32,[00^12]0
76182,76087,31,95,[00^30]020
76218,75186,63,1032,[00^24]017508f1956a80[00^32]0
76281,74176,63,2105,c0[00^30]02[00^31]0
76345,62906,32,13439,40[00^30]020
76378,64059,13,12319,[00^12]b70
76410,62131,95,14279,[00^31]01[00^31]20[00^31]0
76510,55409,32,21101,[00^31]0a0
76542,76410,56,132,[00^31]01[00^24]0
76604,76547,27,57,[00^26]010
76638,76378,60,260,[00^12]b79a4f5828eb55c10d7abf4bfe9a9f5d11aa84e0[00^28]0
76702,66670,72,10032,[00^59]01[00^12]0
76794,76086,126,708,[00^31]02[00^12]6ca6fcbd2fe65f0cb7671f5f0638867fdc991462[00^12]e3db9ad5a3c6387bece39fafc26dbb2b594fb7ff[00^30]0
76920,76440,33,480,0001[00^31]0
76954,68325,59,8629,[00^58]040
77018,76442,57,576,[00^31]20[00^25]0
77080,75604,27,1476,80[00^25]010
77114,76638,44,476,[00^12]b79a4f5828eb55c10d7abf4bfe9a9f5d11aa84e0[00^12]0
77178,76858,62,320,[00^12]e3db9ad5a3c6387bece39fafc26dbb2b594fb7ff[00^30]0
77242,76474,32,768,[00^31]c40
77274,75766,44,1508,[00^12]3d391afffed2255a2dd00325c3a96a5a8e023ff8[00^12]0
77338,77306,12,32,[00^12]0
77370,75766,62,1604,[00^12]3d391afffed2255a2dd00325c3a96a5a8e023ff8[00^30]0
77434,76054,62,1380,73796d62696f7369732d617070[00^49]0
77502,77484,12,18,[00^12]0
77534,44482,13,33052,[00^12]5a0
77566,57753,44,19813,[00^12]eeeeeeeeeeeeeeeeeeeeeeeeeeeeeeeeeeeeeeee[00^12]0
77610,77514,32,96,a9305c3c14757bae2e73ef7f66fe241f5f6bf347[00^12]0
77642,77382,44,260,3d391afffed2255a2dd00325c3a96a5a8e023ff8[00^24]0
77694,77662,25,32,[00^24]010
77726,68352,62,9374,[00^31]04[00^30]0
77789,63546,45,14243,40[00^30]0160[00^12]0
77834,77833,51,1,[00^51]0
77886,57729,26,20157,[00^23]6c00000
77913,52988,3,24925,00001a0
77916,77048,2,868,00200
77922,77546,20,376,5aea5775959fbc2557cc8789bc1bf90a239d9a910
77944,77546,21,398,5aea5775959fbc2557cc8789bc1bf90a239d9a91000
77970,76249,33,1721,[00^32]c00
78004,77158,32,846,6e2b76966cbd9cf4cc2fa0d76d24d5241e0abc2f[00^12]0
78036,78035,10,1,[00^10]0
78050,75361,80,2689,[00^80]0
78130,74317,45,3813,82e7088080[00^40]0
78179,78130,3,49,82e7080
78188,78183,5,5,84305c0e0f0
78217,28267,3,49950,80b8640
78224,78163,12,61,[00^12]0
78236,78197,20,39,88f087ad825322d9ec3261712cf09a56e58575fc0
78256,68993,30,9263,[00^29]240
78288,33234,13,45054,[00^12]480
78320,59600,47,18720,c0[00^45]010
78368,62016,3,16352,02f9010
78372,78179,3,193,82e7080
78376,78183,10,193,84305c0e0f84305c0e0f0
78390,26422,24,51968,94abefcff81b1f00905f5efc5871626e793e20a5dc80b9010
78419,77467,30,952,[00^29]020
78451,68690,13,9761,[00^12]460
78483,26515,30,51968,[00^28]0c1d0
78515,78419,44,96,[00^29]02a16d[00^12]0
78559,67283,51,11276,[00^19]a0[00^31]0
78614,78609,1,5,000
78675,46579,84,32096,1c[00^31]c0[00^42]013302f9012f82e7080
78760,13830,11,64930,842ee8a736842ee8a740820
78771,29171,256,49600,7e5494d1a3abf42f9e66be86cfdea8c5c2c74f041c5e1480b901045b7d7482[00^31]40[00^31]a0[00^31]4035666563656236366666633836663338643935323738366336643639366337396332646263323339646434653931623436373239643733613237666235376539[00^31]403566656365623636666663383666333864393532373836633664363936633739630
79027,29427,76,49600,32646263323339646434653931623436373239643733613237666235376539c0[00^44]0
79103,45439,6,33664,3002ee82e7080
79110,78760,10,350,842ee8a736842ee8a7400
79120,45456,79,33664,83010b3694cce9d3f392c135dc038b147ca73ec496f7f89d938084183ff085c0[00^46]010
79200,78752,3,448,02f9010
79204,62692,5,16512,82e70880840
79209,79111,10,98,2ee8a736842ee8a740830
79222,25581,21,53641,94272e156df8da513c69cb41cc7a99185d53f926bb0
79243,44266,8,34977,87071afd498d00000
79251,78795,3,456,b901040
79254,25770,16,53484,a8c9ed67[00^12]0
79270,75650,32,3620,e5d7c2a44ffddf6b295a15c148167daaaf5cf34f[00^12]0
79302,24799,44,54503,7d43aabc515c356145049227cee54b608342c0ad[00^24]0
79346,25862,20,53484,[00^7]28[00^12]0
79366,51972,20,27394,bcb1ebb4b6b93814be97b401302425ff2e2a06e00
79386,25902,31,53484,[00^28]64fa8a0
79418,44312,32,35106,[00^25]071afd498d00000
79450,69222,25,10228,[00^24]2d0
79478,56365,2,23113,00ff0
79481,27351,69,52130,40[00^32]c0[00^35]0
79550,61310,9,18240,029b02f9029782e7080
79560,79208,11,352,842ee8a736842ee8a740830
79603,61363,3,18240,b902640
79606,55782,131,23824,ac9650d8[00^31]20[00^31]02[00^31]40[00^30]010
79737,46034,32,33703,e0[00^30]010
79774,62231,94,17543,[00^12]176211869ca2b568f2a7d4ee941e073a821ee1ff[00^12]e5d7c2a44ffddf6b295a15c148167daaaf5cf34f[00^30]0
79870,73377,30,6493,[00^29]030
79902,79870,30,32,[00^29]030
79934,52929,30,27005,[00^29]190
79966,79906,26,60,[00^25]030
79992,79597,6,395,965eeee5fd300
79998,68961,30,11037,[00^29]180
80030,79966,26,64,[00^25]030
80062,52818,13,27244,[00^12]100
80094,62067,31,18027,[00^28]64fa870
80126,68324,60,11802,[00^59]040
80190,78679,65,1511,[00^28]c0[00^36]0
80255,64191,7,16064,7202f86f82e7080
80263,79110,12,1153,842ee8a736842ee8a74083010
80277,64213,40,16064,94176211869ca2b568f2a7d4ee941e073a821ee1ff80b844095ea7b3[00^12]0
80317,39927,20,40390,6352a56caadc4f1e25cd6c75970fa768a3304e640
80337,18756,30,61581,[00^29]070
80369,28625,54,51744,c0[00^44]011b02f9011782e7080
80423,47015,3,33408,01842e0
80426,79562,10,864,e8a736842ee8a74083070
80438,28694,22,51744,948731d54e9d02c286767d56ac03e8037c07e01e98880
80467,47058,51,33409,1eb8e41114cd2a[00^31]b8[00^12]0
80538,78834,56,1704,[00^31]a0[00^24]0
80601,62362,26,18239,[00^25]110
80633,74823,33,5810,[00^32]140
80666,80518,32,148,8d65261991d6f69e666625ef7aeab9f18e883136[00^12]0
80698,61978,37,18720,c0[00^35]010
80736,80416,3,320,02f9010
80740,80420,6,320,82e70801842e0
80749,80744,4,5,842ee6e10
80779,67615,7,13164,865af3107a40000
80786,62060,38,18726,b901a45ae401dc[00^28]64fa870
80824,74759,57,6065,49[00^31]40[00^24]0
80881,62155,88,18726,[00^7]01[00^31]20[00^31]e404e45aaf[00^12]0
80969,39100,64,41869,e5d7c2a44ffddf6b295a15c148167daaaf5cf34f[00^12]176211869ca2b568f2a7d4ee941e073a821ee1ff[00^12]0
81033,76934,32,4099,[00^19]64[00^12]0
81085,44468,27,36617,[00^26]5a0
81112,80781,5,331,f3107a40000
81117,79644,30,1473,[00^29]020
81149,62423,97,18726,[00^60]c0[00^36]0
81246,47006,9,34240,011a02f9011682e7080
81255,80262,3,993,02842e0
81258,80746,9,512,e6e1d4842ee6e1dd830
81270,47030,22,34240,948731d54e9d02c286767d56ac03e8037c07e01e98870
81297,28722,52,52575,161eb8e41114cd2a[00^31]b8[00^12]0
81369,78834,57,2535,[00^31]a0[00^25]0
81431,80158,28,1273,[00^27]040
81464,80633,33,831,[00^32]140
81497,81349,32,148,4d495f3715f699bc564f19b1bdd8a3c3402ead07[00^12]0
81530,79066,43,2464,[00^37]3002ee82e7080
81574,81256,11,318,842ee6e1d4842ee6e1dd830
81585,28433,78,53152,010b3694cce9d3f392c135dc038b147ca73ec496f7f89d938084183ff085c0[00^47]0
81663,59999,7,21664,5102f84e82e7080
81671,81574,12,97,842ee6e1d4842ee6e1dd83010
81716,62455,72,19261,[00^28]c0[00^43]0
81788,81787,3,1,0000000
81795,81667,3,128,82e7080
81799,81671,11,128,842ee6e1d4842ee6e1dd830
81814,27580,20,54234,3228d205a96409a07a44d39916b6ea7b765d61f40
81848,79290,56,2558,[00^12]7d43aabc515c356145049227cee54b608342c0ad[00^24]0
81910,71233,27,10677,[00^26]060
81942,81219,28,723,[00^27]010
81976,81779,13,197,[00^12]f90
81989,32677,19,49312,89d774bca0fe1263f023a3374762a42662cce50
82008,79386,31,2622,[00^28]64fa8a0
82040,29112,39,52928,c0[00^37]010
82079,79199,11,2880,3b02f9013782e70880842e0
82090,29513,8,52577,e0a9f3842ee0a9fd0
82098,79218,148,2880,83043bb594272e156df8da513c69cb41cc7a99185d53f926bb87071afd498d0000b90104a8c9ed67[00^12]e5d7c2a44ffddf6b295a15c148167daaaf5cf34f[00^12]7d43aabc515c356145049227cee54b608342c0ad[00^31]28[00^12]0
82246,51952,20,30294,b2bd690c1b76691fdb78dbb4262069ee43e29d920
82266,79386,164,2880,[00^28]64fa8a91[00^25]071afd498d[00^26]2d88cce000ffe240[00^32]c0[00^35]0
82430,82429,1,1,000
82465,67136,3,15329,80b8c40
82472,69385,22,13087,[00^21]320
82502,40293,34,42209,[00^33]400
82536,78579,32,3957,[00^31]410
82632,67018,85,15614,1b[00^31]82e7088080[00^48]0
82717,28413,10,54304,00003002ee82e70804840
82730,47687,3,35043,07842d0
82735,78385,3,4350,0f83010
82738,79122,77,3616,0b3694cce9d3f392c135dc038b147ca73ec496f7f89d938084183ff085c0[00^46]010
82815,65151,53,17664,0df9010a01842aea5400829d78940872ec4426103482a50f26ffc32acefcec61b3c980b8e4f242432a[00^12]0
82888,64904,256,17984,[00^12]aec3cacef9457ff2821d9f85429ce3d90b001459[00^31]05[00^31]01[00^31]a0[00^64]82e7088080[00^49]010df9010a01842aea540
83144,65160,44,17984,00829d78940872ec4426103482a50f26ffc32acefcec61b3c980b8e4f242432a[00^12]0
83208,48968,256,34240,[00^12]aec3cacef9457ff2821d9f85429ce3d90b001459[00^31]05[00^31]01[00^31]a0[00^64]82e7088080[00^49]01eff901ec80842aea540
83464,49224,225,34240,0083015f90940872ec4426103482a50f26ffc32acefcec61b3c980b901c4d4dfd6bc[00^127]01[00^31]01[00^28]6514160
83690,66794,160,16896,[00^63]05[00^62]0140[00^31]410
83914,66474,256,17440,1b[00^31]82e7088080[00^47]01eff901ec80842aea540083015f90940872ec4426103482a50f26ffc32acefcec61b3c980b901c4d4dfd6bc[00^127]010
84170,66730,62,17440,[00^31]01[00^28]65140
84234,83690,160,544,[00^63]05[00^62]0140[00^31]410
84407,84392,1,15,000
84458,83914,256,544,1b[00^31]82e7088080[00^47]01eff901ec80842aea540083015f90940872ec4426103482a50f26ffc32acefcec61b3c980b901c4d4dfd6bc[00^127]010
84714,84170,62,544,[00^31]01[00^28]65140
84778,84234,160,544,[00^63]05[00^62]0140[00^31]410
85002,65930,97,19072,1c[00^31]82e7088080[00^47]01eff901ec80842aea540083010
85099,50315,222,34784,591c940872ec4426103482a50f26ffc32acefcec61b3c980b901c4d4dfd6bc[00^127]01[00^31]01[00^28]6522130
85322,84778,160,544,[00^63]05[00^62]0140[00^31]410
85546,51306,87,34240,1c[00^31]82e7088080[00^48]2ceb0
85633,31713,10,53920,59842aea5400825208940
85663,51519,66,34144,865af3107a40008082e7088080[00^51]2ceb0
85729,85633,10,96,59842aea5400825208940
85759,85663,76,96,865af3107a40008082e7088080[00^51]2ceb59842aea5400825208940
85855,51615,97,34240,865af3107a40008082e7088080[00^82]02940
85960,84407,2,1553,00f50
85972,51812,40,34160,b8ff877ed78ba520ece21b1de7843a8a57ca47cbe93685f3bba03016f02bd1828badd6195988d9500
86012,85992,80,20,e93685f3bba03016f02bd1828badd6195988d950e93685f3bba03016f02bd1828badd6195988d950e93685f3bba03016f02bd1828badd6195988d950e93685f3bba03016f02bd1828badd6195988d9500
86092,77642,20,8450,3d391afffed2255a2dd00325c3a96a5a8e023ff80
86112,78300,20,7812,484090e5aa4fd417d71ccf24b14b39cc84c2f5ea0
86192,79366,20,6826,bcb1ebb4b6b93814be97b401302425ff2e2a06e00
86212,80074,20,6138,10103d79ac194eb0c4cc75742bda65c18dff335b0
86232,67972,20,18260,b5397e1f154bd72dacdafbb748e772e49e0d2d350
86252,80666,20,5586,8d65261991d6f69e666625ef7aeab9f18e8831360
86272,81065,20,5207,bc1fcfdcc84f22e7a88bcb485dd96e935f41455b0
86292,81497,20,4795,4d495f3715f699bc564f19b1bdd8a3c3402ead070
86352,81988,20,4364,f989d774bca0fe1263f023a3374762a42662cce50
86372,82246,20,4126,b2bd690c1b76691fdb78dbb4262069ee43e29d920
86432,82868,20,3564,98496d49f8aedd373542d7aa4163d17d19d1c77b0
86452,83188,20,3264,e97bd1d05079f3f6130783a565419799af953cea0
86552,52352,20,34200,c65347b43019f8f453d7b486d259fd6146da334e0
86572,52332,20,34240,40082e6f1c15d2b27b3de80cb7ad04e9ed1219000
86592,52312,20,34280,f269e8574583c27fe74b69b3f998a64efd8d04480
86612,85906,44,706,[00^44]0
86688,68544,31,18144,[00^28]64fa860
86720,82363,62,4357,[00^31]c0[00^30]0
86782,53534,33,33248,3980[00^30]390
86816,69600,62,17216,[00^30]3b80[00^30]0
86878,54040,2,32838,00160
86880,85920,31,960,[00^30]020
86911,52671,32,34240,c0[00^30]050
86944,86912,30,32,[00^30]0
86976,86944,30,32,[00^30]0
87008,73826,31,13182,[00^30]0d0
87040,87008,31,32,[00^30]0d0
87072,33568,31,53504,[00^30]170
87104,73914,31,13190,[00^30]230
87135,69023,32,18112,c0[00^30]250
87167,33663,32,53504,a0[00^30]270
87199,82202,32,4997,[00^31]280
87232,69152,31,18080,[00^30]2a0
87264,85793,31,1471,[00^30]2c0
87296,69216,95,18080,[00^30]2d80[00^30]2ec0[00^30]300
87391,69343,32,18048,[00^31]320
87424,69408,31,18016,[00^30]340
87456,69793,31,17663,[00^30]360
87488,56527,31,30961,[00^30]370
87520,87488,31,32,[00^30]370
87551,69535,32,18016,e0[00^30]380
87583,81115,32,6468,40[00^30]020
87615,69919,7,17696,32f9022f8303060
87628,69932,128,17696,83048d9c94cb566e3b6934fa77258d68ea18e931fa75e1aaaa80b902046c459a28[00^12]38de71124f7a447a01d67945a51edce9ff491251[00^31]80[00^28]64fada0
87757,70061,99,17696,[00^30]0140[00^31]84704316e5[00^31]0
87884,87855,1,29,000
87889,81465,32,6424,[00^31]140
87921,87857,63,64,102cec8ca91d0681815178f12e68b5ce77589f3dd977f8baf542ce0066b65b36[00^31]0
87984,85550,29,2434,[00^28]820
88142,55662,80,32480,1b[00^30]82e7088080[00^44]0
88222,87614,8,608,0232f9022f8303060
88231,87623,234,608,843a1fdf5a83048d9c94cb566e3b6934fa77258d68ea18e931fa75e1aaaa80b902046c459a28[00^12]38de71124f7a447a01d67945a51edce9ff491251[00^31]80[00^28]64fada95[00^30]0140[00^31]84704316e5[00^31]6f0
88497,87889,32,608,[00^31]140
88529,88465,63,64,4a2663c0e09b1af239bac938de18c35fcf11e654265df7f788c4e2c4c594e890[00^31]0
88592,88145,29,447,[00^28]820
88750,55662,81,33088,1b[00^30]82e7088080[00^44]030
88844,61333,23,27511,6c9480e38291e06339d10aab483c65695d004dbd5c69870
88872,42505,4,46367,0000b9030
88877,61366,64,27511,2cc4081e[00^31]60[00^28]0
88944,82007,31,6937,e5[00^28]64fa0
88977,61466,153,27511,[00^31]01[00^31]20[00^31]60[00^57]0
89130,88867,7,263,470de4df8200000
89137,63483,108,25654,[00^31]02[00^31]40[00^30]0160[00^12]0
89245,63111,192,26134,7f72e0d8e9abf9133a92322b8b50bd8e0f9dcfcb[00^31]80[00^62]01[00^32]60[00^12]e5d7c2a44ffddf6b295a15c148167daaaf5cf34f[00^12]0
89437,63783,256,25654,4cbab02a5448605e95181489b6ec0404e721eb85[00^76]4cbab02a5448605e95181489b6ec0404e721eb85[00^31]80[00^62]01[00^32]60[00^12]0
89693,82182,32,7511,7d43aabc515c356145049227cee54b608342c0ad[00^12]0
89725,32576,20,57149,c9eee68292a3f290b4b33e58b1b1dba695665d9f0
89745,75410,64,14335,[00^31]02[00^32]0
89809,59025,46,30784,82e7088080[00^40]010
89855,56863,10,32992,9702f9019382e708821a0
89866,88836,4,1030,8430682c0
89871,56879,8,32992,8502540be40083040
89881,56889,137,32992,9473ce60416035b8d7019f6399778c14ccf5c9c7a180b90164b0747516[00^44]eeeeeeeeeeeeeeeeeeeeeeeeeeeeeeeeeeeeeeee[00^12]eeeeeeeeeeeeeeeeeeeeeeeeeeeeeeeeeeeeeeee[00^12]0
90038,86982,25,3056,[00^24]0b0
90067,86979,28,3088,[00^27]0b0
90099,27063,65,63036,[00^33]0120[00^30]0
90164,57172,33,32992,0144[00^29]011f0
90198,57206,104,32992,[00^64]c0[00^39]0
90302,87261,2,3041,002a0
90306,88836,5,1470,8430682c250
90314,82740,27,7574,94cce9d3f392c135dc038b147ca73ec496f7f89d938084183ff0850
90341,85863,57,4478,82e7088080[00^52]0
90399,48031,3,42368,f402f90
90403,48035,4,42368,f082e7080
90408,78376,11,12032,84305c0e0f84305c0e0f830
90422,39926,21,50496,946352a56caadc4f1e25cd6c75970fa768a3304e640
90447,39958,112,50489,90411a32[00^12]2b5f704ab7061fb4dbfc5876b024f4bdb2f5e8b6[00^31]60[00^30]01c0[00^12]0
90559,81001,32,9558,176211869ca2b568f2a7d4ee941e073a821ee1ff[00^12]0
90591,89986,32,605,eeeeeeeeeeeeeeeeeeeeeeeeeeeeeeeeeeeeeeee[00^12]0
90623,90463,32,160,2b5f704ab7061fb4dbfc5876b024f4bdb2f5e8b6[00^12]0
90675,80157,29,10518,[00^28]040
90706,90677,26,29,[00^26]0
90739,90707,25,32,[00^25]0
90771,89745,44,1026,[00^31]02[00^12]0
90835,40346,158,50489,[00^30]0140[00^63]04[00^31]80[00^30]0
90994,40505,32,50489,40[00^30]040
91027,75958,63,15069,[00^30]0580[00^31]0
91090,41085,196,50005,[00^96]80[00^30]0104aeba9ec1[00^12]e8190c17f5071b98e3d3ab1d6a8e711884e10d22[00^31]0
91287,90675,44,612,[00^28]04c4b4[00^13]0
91331,41326,84,50005,2b5f704ab7061fb4dbfc5876b024f4bdb2f5e8b6[00^31]a0[00^31]2e0
91415,90559,22,856,176211869ca2b568f2a7d4ee941e073a821ee1ff00000
91438,89405,22,2033,e5d7c2a44ffddf6b295a15c148167daaaf5cf34f00000
91461,41484,204,49977,[00^173]80[00^30]0
91667,40922,131,50745,9f865422[00^12]e5d7c2a44ffddf6b295a15c148167daaaf5cf34f[00^15]01[00^15]01[00^31]80[00^31]0
91799,40570,89,51229,[00^12]e5d7c2a44ffddf6b295a15c148167daaaf5cf34f[00^57]0
91888,42199,70,49689,[00^38]80[00^31]0
91959,77966,35,13993,2e1a7d4d[00^31]0
91995,41474,232,50521,[00^183]80[00^31]648a6a1e85[00^12]0
92227,90591,32,1636,eeeeeeeeeeeeeeeeeeeeeeeeeeeeeeeeeeeeeeee[00^12]0
92259,41738,45,50521,353c1f0bc78fbbc245b3c93ef77b1dcc5b77d2a02710[00^23]0
92304,90764,38,1540,ac9c2febaba9f2[00^31]0
92342,41821,173,50521,[00^124]80[00^30]01a49f865422[00^12]0
92515,57765,35,34750,eeeeeeeeeeeeeeeeeeeeeeeeeeeeeeeeeeeeeeee[00^15]0
92550,42029,256,50521,01[00^15]01[00^31]80[00^31]44[00^127]80[00^31]64d1660f99[00^11]0
92806,42285,1,50521,000
92807,92515,32,292,eeeeeeeeeeeeeeeeeeeeeeeeeeeeeeeeeeeeeeee[00^12]0
92839,90655,48,2184,7930bacd144214537ec096bfdaf23c1ab5b75ad4[00^28]0
92887,42366,96,50521,00000001[00^56]c0[00^35]0
92983,90087,8,2896,[00^7]0b0
92991,62015,3,30976,d402f90
92995,62019,4,30976,d082e7080
93000,79208,12,13792,842ee8a736842ee8a74083040
93014,90422,23,2592,946352a56caadc4f1e25cd6c75970fa768a3304e6480b90
93038,39957,113,53081,a490411a32[00^12]2b5f704ab7061fb4dbfc5876b024f4bdb2f5e8b6[00^31]60[00^30]01c0[00^12]0
93151,90559,96,2592,176211869ca2b568f2a7d4ee941e073a821ee1ff[00^12]eeeeeeeeeeeeeeeeeeeeeeeeeeeeeeeeeeeeeeee[00^12]2b5f704ab7061fb4dbfc5876b024f4bdb2f5e8b6[00^12]0
93247,86232,20,7015,b5397e1f154bd72dacdafbb748e772e49e0d2d350
93267,80337,32,12930,[00^29]07a1200
93299,83109,27,10190,[00^25]010d0
93331,39013,27,54318,[00^25]01150
93363,90771,44,2592,[00^31]02[00^12]0
93410,93406,1,4,000
93426,90133,32,3293,20[00^30]010
93459,85322,95,8137,[00^63]05[00^31]0
93555,57593,44,35962,[00^30]03[00^13]0
93599,68748,50,24851,[00^18]0420[00^30]0
93651,86944,31,6707,[00^30]070
93683,41818,256,51865,[00^127]80[00^30]01a49f865422[00^12]176211869ca2b568f2a7d4ee941e073a821ee1ff[00^15]01[00^15]01[00^28]0
93939,42074,244,51865,00000080[00^31]44[00^127]80[00^31]64d1660f99[00^12]176211869ca2b568f2a7d4ee941e073a821ee1ff[00^12]0
94203,91963,248,2240,[00^31]01[00^183]80[00^31]640
94455,86838,9,7617,[00^8]3b0
94467,94183,32,284,04dbd3a597fee8a8c7ea9d02ee3cdd1a6fb05bfc[00^12]0
94499,40102,64,54397,176211869ca2b568f2a7d4ee941e073a821ee1ff[00^12]2b5f704ab7061fb4dbfc5876b024f4bdb2f5e8b6[00^12]0
94563,91491,256,3072,[00^143]80[00^30]01649f865422[00^12]e5d7c2a44ffddf6b295a15c148167daaaf5cf34f[00^15]01[00^15]01[00^12]0
94819,91747,256,3072,[00^19]80[00^31]04[00^12]e5d7c2a44ffddf6b295a15c148167daaaf5cf34f[00^95]80[00^31]242e1a7d4d[00^31]01[00^8]0
95075,92003,256,3072,[00^175]80[00^31]648a6a1e85[00^12]eeeeeeeeeeeeeeeeeeeeeeeeeeeeeeeeeeeeeeee[00^12]0
95331,92259,45,3072,353c1f0bc78fbbc245b3c93ef77b1dcc5b77d2a02710[00^23]0
95376,93356,38,2020,0115eaa4dd83af[00^31]0
95414,92342,256,3072,[00^124]80[00^30]01a49f865422[00^12]eeeeeeeeeeeeeeeeeeeeeeeeeeeeeeeeeeeeeeee[00^15]01[00^15]01[00^31]0
95670,92598,241,3072,80[00^31]44[00^127]80[00^31]64d1660f99[00^12]eeeeeeeeeeeeeeeeeeeeeeeeeeeeeeeeeeeeeeee[00^12]0
95911,93247,49,2664,b5397e1f154bd72dacdafbb748e772e49e0d2d35[00^29]0
95960,92888,102,3072,000001[00^56]c0[00^42]0
96064,89856,3,6208,02f9010
96068,92996,3,3072,82e7080
96072,93000,11,3072,842ee8a736842ee8a740830
96102,33100,3,63002,1372e90
96122,93510,13,2612,[00^12]050
96154,81305,44,14849,[00^31]b8[00^12]0
96198,59261,49,36937,[00^19]e0[00^29]0
96250,96235,12,15,[00^12]0
96282,89585,63,6697,[00^62]010
96346,88497,32,7849,[00^31]140
96378,96134,51,244,05ca4c1bf15f21e555753e883aaed535294c54a9[00^31]0
96429,59364,44,37065,[00^12]220001[00^29]0
96476,61948,67,34528,[00^30]c0[00^35]010
96543,78751,8,17792,3302f9012f82e7080
96552,78760,138,17792,842ee8a736842ee8a740827e5494d1a3abf42f9e66be86cfdea8c5c2c74f041c5e1480b901045b7d7482[00^31]40[00^31]a0[00^31]400
96696,45839,3,50857,3432390
96715,59928,3,36787,6532380
96719,47584,3,49135,6332340
96738,47924,3,48814,6439340
96741,96731,3,10,6465650
96745,45803,3,50942,6335620
96754,78962,33,17792,[00^31]40350
96790,47579,3,49211,3834360
96800,45743,3,51057,3337390
96805,45810,3,50995,3333330
96809,47617,3,49192,6165320
96836,79038,3,17798,3931620
96843,45808,3,51035,3862330
96846,45831,3,51015,3061330
96850,46962,53,49888,c0[00^43]011a02f9011682e7080
96903,82087,3,14816,80842e0
96906,81258,10,15648,e6e1d4842ee6e1dd83070
96918,81270,22,15648,948731d54e9d02c286767d56ac03e8037c07e01e98870
96947,81299,37,15648,b8e41114cd2a[00^31]0
96985,96972,12,13,[00^12]0
97017,96626,57,391,[00^31]a0[00^25]0
97079,90276,28,6803,[00^27]2a0
97112,81464,33,15648,[00^32]140
97145,96997,32,148,a6dcc0056ca757181cd7ad5cdf0f80fa73c1555c[00^12]0
97177,61273,38,35904,c0[00^36]020
97216,79552,3,17664,02f9020
97220,96900,3,320,82e7080
97224,96904,11,320,842ee6e1d4842ee6e1dd830
97238,62038,23,35200,94f82537fb6c56a3b50092d3951f84f5f6c835b4f580b90
97263,80789,35,16474,5ae401dc[00^28]64fa870
97299,96594,63,705,[00^31]40[00^31]0
97362,89168,77,8194,02[00^31]40[00^30]0160[00^12]0
97439,62207,132,35232,[00^19]e404e45aaf[00^12]176211869ca2b568f2a7d4ee941e073a821ee1ff[00^12]e5d7c2a44ffddf6b295a15c148167daaaf5cf34f[00^30]09c4[00^12]0
97571,97343,48,228,[00^19]02[00^28]0
97623,93561,25,4062,[00^24]030
97655,95739,91,1916,[00^91]0
97751,97623,44,128,[00^24]0390176439dc2717[00^12]0
97815,78679,80,19136,[00^28]c0[00^42]013302f9012f82e7080
97896,97224,10,672,842ee6e1d4842ee6e1dd0
97906,59666,129,38240,827e5494d1a3abf42f9e66be86cfdea8c5c2c74f041c5e1480b901045b7d7482[00^31]40[00^31]a0[00^31]40300
98041,46920,3,51121,3166350
98049,46908,3,51141,6533350
98053,59920,3,38133,3837610
98061,47972,3,50089,3836640
98067,47601,3,50466,3437630
98078,79002,3,19076,6666630
98086,45716,3,52370,6233380
98089,79007,3,19082,6633380
98092,46824,3,51268,3131350
98098,98002,32,96,[00^31]400
98152,47925,3,50227,3934630
98157,96725,3,1432,6236320
98164,98066,3,98,6134370
98176,47969,3,50207,6636380
98194,96850,45,1344,c0[00^43]010
98239,83135,53,15104,0df9010a01842aea5400829d78940872ec4426103482a50f26ffc32acefcec61b3c980b8e4f242432a[00^12]0
98292,86492,20,11800,d257d0d7330fad7cf0642d8b64043b591fb69d050
98312,82888,256,15424,[00^12]aec3cacef9457ff2821d9f85429ce3d90b001459[00^31]05[00^31]01[00^31]a0[00^64]82e7088080[00^49]010df9010a01842aea540
98568,83144,44,15424,00829d78940872ec4426103482a50f26ffc32acefcec61b3c980b8e4f242432a[00^12]0
98612,86512,20,12100,c3eeab7ae6a46caf3202928441ce2c52a21898150
98632,98312,256,320,[00^12]aec3cacef9457ff2821d9f85429ce3d90b001459[00^31]05[00^31]01[00^31]a0[00^64]82e7088080[00^49]010df9010a01842aea540
98888,98568,44,320,00829d78940872ec4426103482a50f26ffc32acefcec61b3c980b8e4f242432a[00^12]0
98932,86472,20,12460,27925219755c61eaddd1d5cecad4478ee48450750
98952,83208,256,15744,[00^12]aec3cacef9457ff2821d9f85429ce3d90b001459[00^31]05[00^31]01[00^31]a0[00^64]82e7088080[00^49]01eff901ec80842aea540
99208,83464,224,15744,0083015f90940872ec4426103482a50f26ffc32acefcec61b3c980b901c4d4dfd6bc[00^127]01[00^31]01[00^28]65140
99434,85322,160,14112,[00^63]05[00^62]0140[00^31]410
99658,50762,256,48896,1c[00^31]82e7088080[00^47]01eff901ec80842aea540083015f90940872ec4426103482a50f26ffc32acefcec61b3c980b901c4d4dfd6bc[00^127]010
99914,51018,63,48896,[00^31]01[00^28]6514170
99977,93458,96,6519,40[00^63]05[00^31]0
100073,48370,66,51703,[00^31]0140[00^31]41800
100202,65930,256,34272,1c[00^31]82e7088080[00^47]01eff901ec80842aea540083015f90940872ec4426103482a50f26ffc32acefcec61b3c980b901c4d4dfd6bc[00^127]010
100458,66186,63,34272,[00^31]01[00^28]6514160
100522,99978,160,544,[00^63]05[00^62]0140[00^31]410
100745,85001,85,15744,ba1c[00^31]82e7088080[00^47]0
100830,67102,53,33728,00ecf8ea01842aea5400829b28940872ec4426103482a50f26ffc32acefcec61b3c980b8c4f242432a[00^12]0
100883,86532,20,14351,51ab60f06b50e83bbecdf0905b988f726d226c590
100903,67175,218,33728,[00^12]01e4a663fffaf1430d3a36588b2c14b72231d8b4[00^31]05[00^31]01[00^31]a0[00^32]82e7088080[00^51]2ceb0
101121,85825,10,15296,59842aea5400825208940
101151,67423,68,33728,865af3107a40008082e7088080[00^51]2eed82020
101220,101122,9,98,842aea5400825208940
101249,67521,64,33728,8654953ff6d0008082e7088080[00^49]2ceb0
101314,101220,9,94,842aea5400825208940
101343,85855,95,15488,865af3107a40008082e7088080[00^82]0
101440,85972,20,15468,b8ff877ed78ba520ece21b1de7843a8a57ca47cb0
101460,101440,20,20,b8ff877ed78ba520ece21b1de7843a8a57ca47cb0
101480,89725,20,11755,c9eee68292a3f290b4b33e58b1b1dba695665d9f0
101500,67812,20,33688,b35f9aac007666cacd0520b68d59d682262db7da0
101540,92839,20,8701,7930bacd144214537ec096bfdaf23c1ab5b75ad40
101560,95911,20,5649,b5397e1f154bd72dacdafbb748e772e49e0d2d350
101580,96378,20,5202,05ca4c1bf15f21e555753e883aaed535294c54a90
101620,97145,20,4475,a6dcc0056ca757181cd7ad5cdf0f80fa73c1555c0
101640,97795,20,3845,8a8c879d39a74fce0593714956bb7ed048a5c1bf0
101680,86492,40,15188,d257d0d7330fad7cf0642d8b64043b591fb69d05c3eeab7ae6a46caf3202928441ce2c52a21898150
101720,98932,20,2788,27925219755c61eaddd1d5cecad4478ee48450750
101740,85739,20,16001,73f1beddaf7b65ae9f7272e541608c1b2a5dabaa0
101760,85835,20,15925,2e9d1842621ed36d47318877078f488d72bd7a3b0
101780,85643,20,16137,28aa5cfb4a9d4aa8d984c32208d5b0dacb52fef10
101800,100883,20,917,51ab60f06b50e83bbecdf0905b988f726d226c590
101820,68252,100,33568,9dbad420963e53775a51ea9aad4afa3af6e5d75301e4a663fffaf1430d3a36588b2c14b72231d8b4f6f8b5bc021ff67a9932346447dd7e78aa674224[00^40]0
101926,100851,3,1075,82a50f0
101952,86688,31,15264,[00^28]64fa860
101984,95988,62,5996,[00^31]c0[00^30]0
102047,101984,31,63,[00^31]0
102080,102048,30,32,[00^30]0
102112,86625,32,15487,[00^31]1b0
102144,93555,31,8589,[00^30]030
102175,91026,32,11149,60[00^30]050
102208,97527,31,4681,[00^30]090
102239,87007,63,15232,80[00^30]0d40[00^30]0
102303,97113,32,5190,[00^31]140
102336,86849,31,15487,[00^30]160
102368,87072,31,15296,[00^30]170
102400,87072,62,15328,[00^30]17c0[00^30]0
102464,52960,31,49504,[00^30]1a0
102496,53056,62,49440,[00^30]1d20[00^30]0
102559,102527,32,32,20[00^30]1f0
102592,89010,31,13582,[00^30]200
102624,72954,31,29670,[00^30]210
102656,96411,31,6245,[00^30]220
102688,95000,31,7688,[00^30]240
102720,102688,31,32,[00^30]240
102752,87168,94,15584,[00^30]27[00^31]2840[00^30]0
102848,90273,31,12575,[00^30]2a0
102880,69184,63,33696,[00^30]2ce0[00^30]2d0
102943,87295,32,15648,40[00^30]2d0
102975,53279,32,49696,a0[00^30]2e0
103007,88191,39,14816,[00^31]0232f9022f8303060
103052,88236,128,14816,83048d9c94cb566e3b6934fa77258d68ea18e931fa75e1aaaa80b902046c459a28[00^12]38de71124f7a447a01d67945a51edce9ff491251[00^31]80[00^28]64fada0
103180,72224,32,30956,a1[00^30]010
103212,70092,69,33120,40[00^31]84704316e5[00^31]6e0
103313,102303,32,1010,[00^31]140
103345,103281,63,64,021f0888b4fb0435a6790d69ab99122f44a36c2ad4936bf7c45447bf61527ede[00^31]0
103408,101035,29,2373,[00^28]820
103566,70446,88,33120,1c[00^30]82e7088080[00^44]0392f9038f8303050
103655,88231,6,15424,843a1fdf5a830
103661,72461,128,31200,13f7c094a658742d33ebd2ce2f0bdff73515aa797fd161d980b90364252f7b01[00^31]6e[00^12]45f1a95a4d3f3836523f5c83673c797f4d4d263b[00^29]0432380
103789,70225,32,33564,184463a17b50c107a9e9e094bfd6cf5bb27293167dd682b38b08159d76672c4a0
103821,70225,63,33596,184463a17b50c107a9e9e094bfd6cf5bb27293167dd682b38b08159d76672c4a[00^31]0
103884,72684,72,31200,c0[00^30]0274[00^12]4d73adb72bc3dd368966edd0f0b2148401a178e2[00^6]c20
103957,72757,256,31200,006e352d8275aae3e0c2404d9f68f6cee084b5beb3dd00b745f1a95a4d3f3836523f5c83673c797f4d4d263b[00^31]01[00^31]0d[00^31]0d[00^87]21327fc3bee522e985[00^20]0
104213,73013,5,31200,[00^5]0
104225,104157,27,68,[00^27]0
104256,102659,28,1597,[00^27]220
104289,104126,58,163,[00^58]0
104347,104283,31,64,2279224c745e[00^25]0
104385,74145,96,30240,[00^30]01c0[00^30]02[00^32]140
104501,73301,113,31200,[00^56]82e7088080[00^44]0392f9038f8303050
104615,103047,6,1568,843a26977c830
104621,73421,128,31200,13f7c094a658742d33ebd2ce2f0bdff73515aa797fd161d980b90364252f7b01[00^31]6f[00^12]45f1a95a4d3f3836523f5c83673c797f4d4d263b[00^29]0432380
104749,87921,32,16828,102cec8ca91d0681815178f12e68b5ce77589f3dd977f8baf542ce0066b65b360
104781,87921,63,16860,102cec8ca91d0681815178f12e68b5ce77589f3dd977f8baf542ce0066b65b36[00^31]0
104844,73644,72,31200,c0[00^30]0274[00^12]4d73adb72bc3dd368966edd0f0b2148401a178e2[00^6]8a0
104917,73717,256,31200,006f701a95707a0290ac8b90b3719e8ee5b21036088300b745f1a95a4d3f3836523f5c83673c797f4d4d263b[00^31]01[00^31]0d[00^31]0d[00^87]23dc4f281e0c417020[00^20]0
105173,73973,5,31200,[00^5]0
105185,104453,28,732,[00^27]140
105216,104579,28,637,[00^27]030
105249,105086,58,163,[00^58]0
105307,105243,31,64,03b13d476b77[00^25]0
105345,104385,96,960,[00^30]01c0[00^30]02[00^32]140
105461,104501,113,960,[00^56]82e7088080[00^44]0392f9038f8303050
105574,69926,3,35648,5d843a0
105577,104617,132,960,26977c8313f7c094a658742d33ebd2ce2f0bdff73515aa797fd161d980b90364252f7b01[00^31]6f[00^12]45f1a95a4d3f3836523f5c83673c797f4d4d263b[00^29]0432380
105709,88529,32,17180,4a2663c0e09b1af239bac938de18c35fcf11e654265df7f788c4e2c4c594e8900
105741,88529,63,17212,4a2663c0e09b1af239bac938de18c35fcf11e654265df7f788c4e2c4c594e890[00^31]0
105804,104844,72,960,c0[00^30]0274[00^12]4d73adb72bc3dd368966edd0f0b2148401a178e2[00^6]8a0
105877,104917,256,960,006f701a95707a0290ac8b90b3719e8ee5b21036088300b745f1a95a4d3f3836523f5c83673c797f4d4d263b[00^31]01[00^31]0d[00^31]0d[00^87]23dc4f281e0c417020[00^20]0
106133,105173,5,960,[00^5]0
106145,102116,28,4029,[00^27]1b0
106176,105679,28,497,[00^27]040
106209,90872,59,15337,[00^58]040
106268,106204,30,64,ec51b48f4a[00^25]0
106305,105345,96,960,[00^30]01c0[00^30]02[00^32]140
106421,105461,106,960,[00^56]82e7088080[00^44]030
106527,57311,8,49216,5a02f9035682e7080
106535,59075,3,47460,8084300
106541,106536,4,5,843096410
106546,57330,211,49216,8302e908940cab6977a9c70e04458b740476b498b21401964186d017a6b98000b90324744773f1[00^30]01[00^64]1c142a0a9dc1048d952989b1ac09ebf92d5a10fc522377cbfa9322fb4aa3a94e3e5c39d51d2064bf0ab68698091d1216a9c1b80936fc16ad69b29030d269f04b61[00^12]0
106777,57561,256,49216,[00^31]01[00^30]03[00^13]01e4a663fffaf1430d3a36588b2c14b72231d8b4[00^56]64fa842764fa926f[00^31]6c[00^12]eeeeeeeeeeeeeeeeeeeeeeeeeeeeeeeeeeeeeeee[00^25]27d486e98180000
107033,57817,256,49216,[00^30]0140[00^12]0872ec4426103482a50f26ffc32acefcec61b3c9[00^31]05[00^31]32[00^31]01[00^31]20[00^12]7538262ae993ca117a0e481f908209137a46268e[00^26]d017a6b980000
107289,58073,133,49216,[00^31]60[00^64]c0[00^36]0
107437,97238,21,10199,94f82537fb6c56a3b50092d3951f84f5f6c835b4f50
107465,74412,4,33053,00b901e40
107469,97263,35,10206,5ae401dc[00^28]64fa870
107504,47889,33,59615,61[00^31]400
107537,88977,94,18560,[00^31]01[00^31]20[00^30]0
107637,89009,63,18628,[00^31]20[00^31]0
107701,107116,13,585,[00^12]050
107718,107712,1,6,000
107733,102405,26,5328,[00^25]170
107759,107460,6,299,cd9d4ffec0000
107765,107764,29,1,[00^29]0
107797,107669,31,128,[00^31]0
107829,97507,22,10322,e5d7c2a44ffddf6b295a15c148167daaaf5cf34f00000
107852,89693,22,18159,7d43aabc515c356145049227cee54b608342c0ad00000
107875,81001,51,26874,176211869ca2b568f2a7d4ee941e073a821ee1ff[00^31]0
107926,106450,73,1476,[00^27]82e7088080[00^41]0
108002,92996,5,15006,82e70803840
108011,108006,4,5,842f64740
108016,67399,5,40617,82520894d10
108048,107699,2,349,00800
108051,107909,44,142,[00^44]0
108095,62527,7,45568,7902f87682e7080
108102,96071,3,12031,16842e0
108108,108103,4,5,842ef4680
108113,62545,26,45568,83012db994629d74d459f072914f0b2aab9f7232fa36c1baed870
108146,62578,18,45568,b8447648ce45[00^12]0
108184,62616,70,45568,[00^31]01c0[00^37]0
108254,82078,9,26176,013b02f9013782e7080
108264,108103,11,161,842ef4683c842ef46846830
108278,82102,22,26176,94272e156df8da513c69cb41cc7a99185d53f926bb870
108305,106576,3,1729,8000b90
108308,82132,114,26176,0104a8c9ed67[00^12]e5d7c2a44ffddf6b295a15c148167daaaf5cf34f[00^12]7d43aabc515c356145049227cee54b608342c0ad[00^31]28[00^12]0
108431,46516,2,61915,00f80
108442,82008,32,26434,[00^28]64fa8ad90
108474,106814,26,1660,[00^25]030
108500,108301,6,199,8d7ea4c680000
108506,102342,25,6164,[00^24]160
108538,61946,69,46592,[00^32]c0[00^35]010
108607,80415,8,28192,1b02f9011782e7080
108615,92999,12,15616,03842ee8a736842ee8a740830
108630,80438,22,28192,948731d54e9d02c286767d56ac03e8037c07e01e98880
108655,108605,1,50,000
108660,96947,37,11713,b8e41114cd2a[00^31]0
108698,87058,14,21640,[00^12]0da00
108730,100999,56,7731,[00^31]a0[00^24]0
108792,93655,27,15137,[00^26]070
108824,97111,34,11713,40[00^32]140
108858,108710,32,148,0da089cdb26d21c74ad2a7cc9f91d4d188d940a7[00^12]0
108890,79514,45,29376,c0[00^35]029b02f9029782e7080
108935,96551,11,12384,04842ee8a736842ee8a7400
108950,88845,22,20105,9480e38291e06339d10aab483c65695d004dbd5c69870
108979,61363,62,47616,b902642cc4081e[00^31]60[00^23]0
109050,88945,31,20105,[00^28]64fab50
109082,88977,153,20105,[00^31]01[00^31]20[00^31]60[00^57]0
109235,108972,7,263,30430f5a0308220
109242,63035,256,46207,[00^31]01[00^31]20[00^12]7f72e0d8e9abf9133a92322b8b50bd8e0f9dcfcb[00^31]80[00^62]01[00^32]60[00^12]e5d7c2a44ffddf6b295a15c148167daaaf5cf34f0
109498,63291,12,46207,[00^12]0
109530,61914,101,47616,[00^31]02[00^32]c0[00^35]010
109632,108608,3,1024,02f9010
109636,108932,3,704,82e7080
109640,93000,12,16640,842ee8a736842ee8a74083040
109654,107437,21,2217,94f82537fb6c56a3b50092d3951f84f5f6c835b4f50
109682,82129,4,27553,0000b9010
109686,80788,36,28898,a45ae401dc[00^28]64fa870
109722,107504,127,2218,61[00^31]40[00^31]01[00^31]20[00^30]0
109849,80951,100,28898,00e404e45aaf[00^12]e5d7c2a44ffddf6b295a15c148167daaaf5cf34f[00^12]176211869ca2b568f2a7d4ee941e073a821ee1ff[00^30]0
109949,62325,58,47624,09c4[00^12]0b652eff5070c4c2251a3309ef0f90cee17161f2[00^24]0
110007,109676,8,331,027f7d0bdb9200000
110015,102274,29,7741,[00^28]110
110047,107325,96,2722,[00^60]c0[00^35]0
110147,109636,3,511,82e7080
110151,108936,12,1215,842ee8a736842ee8a74083020
110186,78217,3,31969,80b8640
110193,109787,63,406,[00^31]20[00^31]0
110257,107987,13,2270,[00^12]330
110270,60023,19,50247,3d8b480bdb25ea7be4dd87eeb359988ce1b30d0
110290,110062,45,228,[00^45]0
110337,90403,4,19934,f082e7080
110341,79207,11,31134,80842ee8a736842ee8a7400
110352,108016,4,2336,825208940
110383,108048,47,2335,0080c0[00^44]0
110430,96894,9,13536,011a02f9011682e7080
110440,108616,12,1824,842ee8a736842ee8a74083070
110454,96918,22,13536,948731d54e9d02c286767d56ac03e8037c07e01e98870
110481,80466,52,30015,961eb8e41114cd2a[00^31]b8[00^12]0
110553,100999,57,9554,[00^31]a0[00^25]0
110616,76515,27,34101,[00^26]0a0
110648,108825,33,1823,[00^32]140
110681,110533,32,148,c53dcfdaa121e1eaa91e72044bc3bb396cde296f[00^12]0
110713,47289,46,63424,c0[00^36]013302f9012f82e7080
110759,110439,11,320,0e842ee8a736842ee8a7400
110770,97906,128,12864,827e5494d1a3abf42f9e66be86cfdea8c5c2c74f041c5e1480b901045b7d7482[00^31]40[00^31]a0[00^31]400
110899,98159,4,12740,323539330
110903,98061,3,12842,3836640
110907,46863,3,64044,3430630
110918,96724,3,14194,3662360
110921,79042,3,31879,3637320
110931,45704,3,65227,6261610
110941,98189,3,12752,3663300
110945,46822,3,64123,6639310
110948,59900,3,51048,3538340
110953,110942,3,11,6330370
110962,96754,33,14208,[00^31]40350
110995,59927,3,51068,6365320
111001,45820,4,65181,393565620
111015,45780,3,65235,3561340
111018,98165,3,12853,3437310
111022,98069,3,12953,6363360
111026,47605,3,63421,6532640
111043,110955,3,88,3763640
111049,96696,3,14353,3432390
111058,47634,53,63424,c0[00^43]013302f9012f82e7080
111111,108263,3,2848,09842e0
111114,97898,9,13216,e6e1d4842ee6e1dd820
111125,110773,125,352,94d1a3abf42f9e66be86cfdea8c5c2c74f041c5e1480b901045b7d7482[00^31]40[00^31]a0[00^31]400
111250,45811,3,65439,3333360
111262,45819,3,65443,3739350
111266,96734,3,14532,3738630
111269,46814,3,64455,6361620
111274,110938,3,336,3366350
111281,46830,3,64451,6566660
111285,96694,3,14591,6339340
111288,47946,3,63342,6132660
111291,46917,3,64374,6563330
111296,110899,3,397,3235390
111302,47596,3,63706,3833310
111314,111218,32,96,[00^31]400
111363,96746,3,14617,3562310
111369,59945,4,51424,363631370
111375,98168,3,13207,6363640
111378,111278,3,100,3036300
111390,47573,3,63817,6131300
111399,98172,3,13227,6462660
111407,96832,3,14575,6335300
111411,64307,51,47104,[00^44]7a02f87782e7080
111463,82435,4,29028,842d75400
111468,82435,6,29033,842d75406b830
111477,64373,22,47104,94009a0b7c38b542208936f1179151cd08e2943833880
111506,64402,3,47104,00b8440
111513,64409,56,47104,[00^12]c7d8489dae3d2ebef075b1db2257e2c231c9d231[00^24]0
111569,111499,6,70,01d4013137b10
111577,110713,38,864,c0[00^36]010
111615,99199,234,12416,eff901ec80842aea540083015f90940872ec4426103482a50f26ffc32acefcec61b3c980b901c4d4dfd6bc[00^127]01[00^31]01[00^28]6514140
111850,100522,160,11328,[00^63]05[00^62]0140[00^31]410
112065,104251,2,7814,00fb0
112074,84458,85,27616,1b[00^31]82e7088080[00^47]010
112159,98879,53,13280,0df9010a01842aea5400829d78940872ec4426103482a50f26ffc32acefcec61b3c980b8e4f242432a[00^12]0
112212,101760,20,10452,2e9d1842621ed36d47318877078f488d72bd7a3b0
112232,98632,256,13600,[00^12]aec3cacef9457ff2821d9f85429ce3d90b001459[00^31]05[00^31]01[00^31]a0[00^64]82e7088080[00^49]010df9010a01842aea540
112488,98888,44,13600,00829d78940872ec4426103482a50f26ffc32acefcec61b3c980b8e4f242432a[00^12]0
112532,101740,20,10792,73f1beddaf7b65ae9f7272e541608c1b2a5dabaa0
112552,112232,256,320,[00^12]aec3cacef9457ff2821d9f85429ce3d90b001459[00^31]05[00^31]01[00^31]a0[00^64]82e7088080[00^49]010df9010a01842aea540
112808,112488,44,320,00829d78940872ec4426103482a50f26ffc32acefcec61b3c980b8e4f242432a[00^12]0
112852,101780,20,11072,28aa5cfb4a9d4aa8d984c32208d5b0dacb52fef10
112872,98952,256,13920,[00^12]aec3cacef9457ff2821d9f85429ce3d90b001459[00^31]05[00^31]01[00^31]a0[00^64]82e7088080[00^49]01eff901ec80842aea540
113128,99208,224,13920,0083015f90940872ec4426103482a50f26ffc32acefcec61b3c980b901c4d4dfd6bc[00^127]01[00^31]01[00^28]65140
113354,111850,160,1504,[00^63]05[00^62]0140[00^31]410
113578,82632,85,30946,1b[00^31]82e7088080[00^48]0
113663,101311,12,12352,2ceb58842aea5400825208940
113695,85759,66,27936,865af3107a40008082e7088080[00^51]2ceb0
113762,113666,9,96,842aea5400825208940
113790,85758,67,28032,aa865af3107a40008082e7088080[00^51]2ceb0
113858,113762,9,96,842aea5400825208940
113887,113791,63,96,865af3107a40008082e7088080[00^50]0
113950,85086,235,28864,01eff901ec80842aea54008301591c940872ec4426103482a50f26ffc32acefcec61b3c980b901c4d4dfd6bc[00^127]01[00^31]01[00^28]6522130
114186,113354,160,832,[00^63]05[00^62]0140[00^31]410
114410,82632,87,31778,1b[00^31]82e7088080[00^50]0
114497,109532,30,4965,[00^29]020
114528,85972,80,28556,b8ff877ed78ba520ece21b1de7843a8a57ca47cbe93685f3bba03016f02bd1828badd6195988d950e93685f3bba03016f02bd1828badd6195988d950e93685f3bba03016f02bd1828badd6195988d9500
114608,106757,20,7851,5df375c2d0ed699dc6d3c1a5cd8d5c088996ac060
114628,107713,20,6915,0524e04bde00d36a1c22d59d866f1b48e8e990340
114668,108164,20,6504,e182d163a49cbefdc6dd8e6f8c78057bc0a143970
114688,108422,20,6266,e016ebf41561c97de700f80e482061b12b5cab330
114708,108858,20,5850,0da089cdb26d21c74ad2a7cc9f91d4d188d940a70
114728,109510,20,5218,8ea01f4d9f5e20fed1e3e3b00c38234f0a7490710
114748,109963,20,4785,0b652eff5070c4c2251a3309ef0f90cee17161f20
114768,67952,20,46816,d15b3ac5c7b448b371537ea8a8ac6e95f298774e0
114808,110681,20,4127,c53dcfdaa121e1eaa91e72044bc3bb396cde296f0
114830,85524,3,29306,156edb0
114888,101131,20,13757,1ffdddf7195d58d3f69733ee1cf2884e4e931cc30
114908,112212,20,2696,2e9d1842621ed36d47318877078f488d72bd7a3b0
114928,112532,20,2396,73f1beddaf7b65ae9f7272e541608c1b2a5dabaa0
114948,112852,20,2096,28aa5cfb4a9d4aa8d984c32208d5b0dacb52fef10
114968,101323,20,13645,0bbeda46b66db380c706479ec5490a7cb1fcba870
115048,101229,20,13819,a1f74877e725d01032c3526da655fc572668e4770
115068,104311,37,10757,[00^36]220
115136,101952,31,13184,[00^28]64fa860
115168,110076,62,5092,[00^31]c0[00^30]0
115231,101184,32,14047,[00^31]2e0
115264,109205,31,6059,[00^30]300
115296,115231,31,65,[00^31]0
115328,106809,31,8519,[00^30]030
115359,93618,32,21741,20[00^30]060
115392,93651,31,21741,[00^30]070
115424,76511,31,38913,[00^30]0a0
115456,102240,62,13216,[00^30]0d40[00^30]0
115520,115488,30,32,[00^30]0
115551,115519,32,32,80[00^30]130
115584,102304,62,13280,[00^30]1480[00^30]0
115647,115296,62,351,[00^31]19[00^30]0
115709,115677,2,32,00190
115712,52960,62,62752,[00^30]1aa0[00^30]0
115775,102559,32,13216,20[00^30]1f0
115808,104154,31,11654,[00^30]210
115840,102656,63,13184,[00^30]22e0[00^30]240
115903,115679,31,224,[00^31]0
115936,102752,31,13184,[00^30]270
115968,102816,62,13152,[00^30]2980[00^30]0
116032,113825,31,2207,[00^30]2c0
116063,113824,32,2239,[00^31]2c0
116096,116064,31,32,[00^30]2c0
116127,60216,32,55911,c0[00^30]030
116160,106528,3,9632,02f9030
116164,89860,4,26304,82e708820
116175,116170,4,5,84307c900
116205,105605,3,10600,80b9030
116213,110193,63,6020,[00^31]20[00^31]0
116623,56049,3,60574,5565420
117046,114485,41,2561,[00^41]0
117087,69823,8,47264,3602f482e70882ab0
117096,69832,16,47264,8502040eba5285026b44df95825a3c940
117132,69868,50,47264,87354a6ba7a1800780c0[00^40]0
117182,105566,8,11616,0392f9038f8303050
117190,87622,3,29568,5e843a0
117196,103660,129,13536,8313f7c094a658742d33ebd2ce2f0bdff73515aa797fd161d980b90364252f7b01[00^31]6e[00^12]45f1a95a4d3f3836523f5c83673c797f4d4d263b[00^29]0432380
117325,103345,32,13980,021f0888b4fb0435a6790d69ab99122f44a36c2ad4936bf7c45447bf61527ede0
117357,103345,63,14012,021f0888b4fb0435a6790d69ab99122f44a36c2ad4936bf7c45447bf61527ede[00^31]0
117420,103884,72,13536,c0[00^30]0274[00^12]4d73adb72bc3dd368966edd0f0b2148401a178e2[00^6]c20
117493,103957,230,13536,006e352d8275aae3e0c2404d9f68f6cee084b5beb3dd00b745f1a95a4d3f3836523f5c83673c797f4d4d263b[00^31]01[00^31]0d[00^31]0d[00^87]21327f0
117729,89829,27,27900,[00^25]01970
117761,117155,28,606,[00^27]030
117793,117233,28,560,[00^27]6e0
117825,117661,59,164,[00^59]0
117884,117820,30,64,6e0ac07ccd[00^25]0
117920,108184,63,9736,[00^31]01c0[00^30]0
117983,106367,34,11616,02[00^32]140
118037,55029,113,63008,[00^56]82e7088080[00^44]0232f9022f8303060
118151,103047,233,15104,843a26977c83048d9c94cb566e3b6934fa77258d68ea18e931fa75e1aaaa80b902046c459a28[00^12]38de71124f7a447a01d67945a51edce9ff491251[00^31]80[00^28]64fadaa1[00^30]0140[00^31]84704316e5[00^31]0
118417,76510,32,41907,[00^31]0a0
118449,118385,63,64,1f44947aca06fe270347c4892a4ff0f283def8aca267742f351471a9e59577e4[00^31]0
118512,118065,29,447,[00^28]820
118670,88142,81,30528,1b[00^30]82e7088080[00^44]020
118751,107423,4,11328,16f902130
118755,106535,3,12220,8084300
118758,107430,4,11328,757e3d830
118765,107437,22,11328,94f82537fb6c56a3b50092d3951f84f5f6c835b4f5870
118792,109682,4,9110,0000b9010
118796,107468,245,11328,e45ae401dc[00^28]64fa8761[00^31]40[00^31]01[00^31]20[00^30]0124b858183f[00^31]20[00^31]80[00^12]0
119061,109924,26,9137,[00^25]090
119087,118788,6,299,6110e63500000
119093,107799,30,11294,[00^29]420
119125,107797,201,11328,[00^31]42e5d7c2a44ffddf6b295a15c148167daaaf5cf34f0000647d43aabc515c356145049227cee54b608342c0ad000064176211869ca2b568f2a7d4ee941e073a821ee1ff[00^58]82e7088080[00^40]0
119326,88830,5,30496,03d6f903d30
119332,118756,6,576,8430757e3d830
119341,88845,99,30496,9480e38291e06339d10aab483c65695d004dbd5c6987470de4df820000b903a42cc4081e[00^31]60[00^28]01f3150
119441,109050,31,10391,[00^28]64fab50
119473,88977,256,30496,[00^31]01[00^31]20[00^31]60[00^57]470de4df82[00^33]02[00^31]40[00^30]01600
119729,89233,256,30496,[00^12]7f72e0d8e9abf9133a92322b8b50bd8e0f9dcfcb[00^31]80[00^62]01[00^32]60[00^12]e5d7c2a44ffddf6b295a15c148167daaaf5cf34f[00^12]4cbab02a5448605e95181489b6ec0404e721eb85[00^32]0
119985,89489,256,30496,[00^44]4cbab02a5448605e95181489b6ec0404e721eb85[00^31]80[00^62]01[00^32]60[00^12]7d43aabc515c356145049227cee54b608342c0ad[00^12]c9eee68292a3f290b4b33e58b1b1dba695665d9f0
120241,89745,109,30496,[00^31]02[00^32]82e7088080[00^40]0
120350,87549,2,32801,00370
120354,81795,5,38559,82e70813840
120359,119333,4,1026,30757e3d0
120363,119332,7,1031,8430757e3d83030
120372,78196,21,42176,9488f087ad825322d9ec3261712cf09a56e58575fc0
120400,118347,2,2053,00840
120407,59447,47,60960,[00^40]7102f86e82e7080
120455,108264,10,12191,842ef4683c842ef468460
120489,59529,62,60960,80b844095ea7b3[00^12]80e38291e06339d10aab483c65695d004dbd5c69[00^23]0
120561,81617,53,38944,[00^46]5102f84e82e7080
120614,78759,3,41855,15842e0
120617,108105,10,12512,f4683c842ef4684683010
120627,81683,107,38944,0a3b949dba31e492b7e98b8195e254ee13b6b027e4a59d80a4a7f68792766f7465[00^28]c0[00^45]0
120736,116160,3,4576,02f9030
120740,64195,5,56545,82e7080a840
120745,110441,10,10304,2ee8a736842ee8a740830
120758,119341,22,1417,9480e38291e06339d10aab483c65695d004dbd5c69870
120780,110610,7,10170,0aa87bee5380000
120787,119370,67,1417,b903a42cc4081e[00^31]60[00^28]0
120854,120853,1,1,000
120858,119441,31,1417,[00^28]64fab50
120890,119473,153,1417,[00^31]01[00^31]20[00^31]60[00^57]0
121043,110610,32,10433,0aa87bee5380[00^26]0
121075,119658,256,1417,[00^6]02[00^31]40[00^30]0160[00^12]7f72e0d8e9abf9133a92322b8b50bd8e0f9dcfcb[00^31]80[00^62]01[00^32]60[00^12]e5d7c2a44ffddf6b295a15c1480
121331,119914,256,1417,167daaaf5cf34f[00^12]4cbab02a5448605e95181489b6ec0404e721eb85[00^76]4cbab02a5448605e95181489b6ec0404e721eb85[00^31]80[00^62]01[00^26]0
121587,120170,51,1417,[00^6]60[00^12]7d43aabc515c356145049227cee54b608342c0ad[00^12]0
121658,109530,100,12128,[00^31]02[00^32]c0[00^35]0
121758,82718,7,39040,003002ee82e7080
121766,79110,89,42656,842ee8a736842ee8a74083010b3694cce9d3f392c135dc038b147ca73ec496f7f89d938084183ff085c0[00^46]010
121855,96895,11,24960,1a02f9011682e70880842e0
121866,110442,34,11424,e8a736842ee8a74083075e06948731d54e9d02c286767d56ac03e8037c07e01e98870
121905,110481,52,11424,961eb8e41114cd2a[00^31]b8[00^12]0
121977,112968,57,9009,[00^31]a0[00^25]0
122040,116250,27,5790,[00^26]180
122072,117984,33,4088,[00^32]140
122105,121957,32,148,1a0db5ecd8dd71e63d03a527034a5ef2f2bc0552[00^12]0
122138,106490,45,15648,[00^36]035a02f9035682e7080
122183,120619,3,1564,3c842e0
122186,110153,10,12033,e8a736842ee8a74083020
122198,106550,207,15648,940cab6977a9c70e04458b740476b498b21401964186d017a6b98000b90324744773f1[00^30]01[00^64]1c142a0a9dc1048d952989b1ac09ebf92d5a10fc522377cbfa9322fb4aa3a94e3e5c39d51d2064bf0ab68698091d1216a9c1b80936fc16ad69b29030d269f04b61[00^12]0
122409,84985,4,37424,645fe6be0
122425,106777,256,15648,[00^31]01[00^30]03[00^13]01e4a663fffaf1430d3a36588b2c14b72231d8b4[00^56]64fa842764fa926f[00^31]6c[00^12]eeeeeeeeeeeeeeeeeeeeeeeeeeeeeeeeeeeeeeee[00^25]27d486e98180000
122681,107033,256,15648,[00^30]0140[00^12]0872ec4426103482a50f26ffc32acefcec61b3c9[00^31]05[00^31]32[00^31]01[00^31]20[00^12]7538262ae993ca117a0e481f908209137a46268e[00^26]d017a6b980000
122937,107289,133,15648,[00^31]60[00^64]c0[00^36]0
123070,111102,9,11968,013302f9012f82e7080
123080,110760,138,12320,842ee8a736842ee8a740827e5494d1a3abf42f9e66be86cfdea8c5c2c74f041c5e1480b901045b7d7482[00^31]40[00^31]a0[00^31]400
123226,111395,3,11831,6438350
123230,98154,3,25076,6366640
123239,110911,3,12328,3432640
123242,59902,3,63340,3465340
123249,98064,3,25185,6366610
123260,98147,3,25113,3962370
123268,111272,3,11996,6631330
123281,78961,33,44320,39[00^31]400
123314,123223,3,91,6361650
123325,111269,3,12056,6361620
123342,110956,3,12386,6364320
123348,98152,3,25196,3934630
123358,111393,3,11965,3730640
123378,111058,45,12320,c0[00^43]010
123423,90399,3,33024,f402f90
123427,110337,4,13090,f082e7080
123437,123432,4,5,842d80a40
123443,117481,3,5962,01a1780
123446,113965,220,9481,940872ec4426103482a50f26ffc32acefcec61b3c980b901c4d4dfd6bc[00^127]01[00^31]01[00^28]6522130
123667,114186,160,9481,[00^63]05[00^62]0140[00^31]410
123843,70339,3,53504,4e3e350
123873,98079,3,25794,6663340
123891,61241,69,62650,1b[00^31]c0[00^36]0
123960,112792,60,11168,[00^6]010df9010a01842aea5400829d78940872ec4426103482a50f26ffc32acefcec61b3c980b8e4f242432a[00^12]0
124020,114888,20,9132,1ffdddf7195d58d3f69733ee1cf2884e4e931cc30
124040,112872,246,11168,[00^12]aec3cacef9457ff2821d9f85429ce3d90b001459[00^31]05[00^31]01[00^31]a0[00^64]82e7088080[00^49]0
124286,100830,53,23456,00ecf8ea01842aea5400829b28940872ec4426103482a50f26ffc32acefcec61b3c980b8c4f242432a[00^12]0
124339,115048,32,9291,a1f74877e725d01032c3526da655fc572668e477[00^12]0
124371,100915,203,23456,01e4a663fffaf1430d3a36588b2c14b72231d8b4[00^31]05[00^31]01[00^31]a0[00^32]82e7088080[00^50]0
124574,99742,235,24832,01eff901ec80842aea540083015f90940872ec4426103482a50f26ffc32acefcec61b3c980b901c4d4dfd6bc[00^127]01[00^31]01[00^28]6514170
124810,123667,160,1143,[00^63]05[00^62]0140[00^31]410
125034,112074,138,12960,1b[00^31]82e7088080[00^47]010df9010a01842aea5400829d78940872ec4426103482a50f26ffc32acefcec61b3c980b8e4f242432a[00^12]0
125172,114968,20,10204,0bbeda46b66db380c706479ec5490a7cb1fcba870
125192,112872,256,12320,[00^12]aec3cacef9457ff2821d9f85429ce3d90b001459[00^31]05[00^31]01[00^31]a0[00^64]82e7088080[00^49]01eff901ec80842aea540
125448,113128,224,12320,0083015f90940872ec4426103482a50f26ffc32acefcec61b3c980b901c4d4dfd6bc[00^127]01[00^31]01[00^28]65140
125674,124810,160,864,[00^63]05[00^62]0140[00^31]410
125898,100202,256,25696,1c[00^31]82e7088080[00^47]01eff901ec80842aea540083015f90940872ec4426103482a50f26ffc32acefcec61b3c980b901c4d4dfd6bc[00^127]010
126154,100458,63,25696,[00^31]01[00^28]6514160
126218,125674,160,544,[00^63]05[00^62]0140[00^31]410
126442,100746,85,25696,1c[00^31]82e7088080[00^48]0
126527,101215,4,25312,2eed82020
126532,113858,9,12674,842aea5400825208940
126561,67521,74,59040,8654953ff6d0008082e7088080[00^49]2ceb5a842aea5400825208940
126655,113791,66,12864,865af3107a40008082e7088080[00^51]2ceb0
126721,126625,10,96,5a842aea5400825208940
126751,126655,76,96,865af3107a40008082e7088080[00^51]2ceb5a842aea5400825208940
126847,101343,96,25504,865af3107a40008082e7088080[00^82]010
126964,85952,20,41012,45a318273749d6eb00f5f6ca3bc7cd3de26d642a0
126984,67732,40,59252,e93685f3bba03016f02bd1828badd6195988d950b8ff877ed78ba520ece21b1de7843a8a57ca47cb0
127024,119041,20,7983,7d8c133a9d8932e601dae7c44386052880283a320
127044,120221,20,6823,c9eee68292a3f290b4b33e58b1b1dba695665d9f0
127080,126972,1,108,000
127109,80073,2,47036,00100
127124,121638,20,5486,3c7e8bca82ef5e94598c1c7731d5dea7066a50950
127164,122105,20,5059,1a0db5ecd8dd71e63d03a527034a5ef2f2bc05520
127184,122405,20,4779,e98d547b645fe6be6c5ab61d856d60fe358733570
127244,124020,20,3224,1ffdddf7195d58d3f69733ee1cf2884e4e931cc30
127264,124339,20,2925,a1f74877e725d01032c3526da655fc572668e4770
127284,113867,20,13417,f5f6a82f53dc7cfe7d8b3d23a2d131069eb92cde0
127304,125172,20,2132,0bbeda46b66db380c706479ec5490a7cb1fcba870
127324,113771,20,13553,68dd09ce89359349e8bc0b95f7e044670e7cc1aa0
127344,113675,20,13669,96d4ce194fc61817e673e46a448e23ddfdf67ce10
127364,124371,20,2993,01e4a663fffaf1430d3a36588b2c14b72231d8b40
127384,86572,40,40812,40082e6f1c15d2b27b3de80cb7ad04e9ed121900f269e8574583c27fe74b69b3f998a64efd8d04480
127424,86552,20,40872,c65347b43019f8f453d7b486d259fd6146da334e0
127444,121517,76,5927,[00^43]01[00^32]0
127520,122143,32,5377,[00^31]030
127552,122937,62,4615,[00^31]60[00^30]0
127615,127552,31,63,[00^31]0
127680,115136,31,12544,[00^28]64fa860
127712,123892,62,3820,[00^31]c0[00^30]0
127776,68672,62,59104,[00^30]46c0[00^30]0
127840,68704,94,59136,[00^31]21[00^30]0420[00^30]0
127936,92960,31,34976,[00^30]0b0
127967,68863,32,59104,a0[00^30]0e0
127999,127840,31,159,[00^31]0
128031,68895,32,59136,60[00^30]120
128064,115616,31,12448,[00^30]150
128095,102399,32,25696,20[00^30]170
128128,115712,31,12416,[00^30]1a0
128160,122298,31,5862,[00^30]1c0
128191,102495,32,25696,60[00^30]1d0
128223,127999,31,224,[00^31]0
128256,115744,31,12512,[00^30]1e0
128288,120923,62,7365,[00^30]20[00^31]0
128351,87135,32,41216,c0[00^30]250
128384,128352,31,32,[00^30]250
128416,101890,32,26526,[00^30]27200
128448,108379,43,20069,[00^30]28[00^12]0
128491,115979,20,12512,[00^19]290
128511,102815,32,25696,40[00^30]290
128544,116000,31,12544,[00^30]2b0
128575,128479,31,96,[00^31]0
128608,128576,30,32,[00^30]0
128640,86816,62,41824,[00^30]3b80[00^30]0
128704,69632,31,59072,[00^30]3d0
128736,123123,62,5613,[00^30]40[00^31]0
128800,97716,31,31084,[00^30]440
128832,128800,31,32,[00^30]440
128864,128832,30,32,[00^30]0
128895,128767,31,128,[00^31]0
128928,117152,38,11776,[00^30]0392f9038f8303050
128972,117196,129,11776,8313f7c094a658742d33ebd2ce2f0bdff73515aa797fd161d980b90364252f7b01[00^31]6e[00^12]45f1a95a4d3f3836523f5c83673c797f4d4d263b[00^29]0432380
129133,129101,32,32,10889cb514fe02e79cef127e94558ba99fce9d952d1b96d8e3efe7414bb12ef70
129165,117389,103,11776,[00^31]c0[00^30]0274[00^12]4d73adb72bc3dd368966edd0f0b2148401a178e2[00^6]c20
129269,117493,230,11776,006e352d8275aae3e0c2404d9f68f6cee084b5beb3dd00b745f1a95a4d3f3836523f5c83673c797f4d4d263b[00^31]01[00^31]0d[00^31]0d[00^87]21327f0
129505,129471,25,34,[00^25]0
129537,129469,27,68,[00^27]0
129568,116249,28,13319,[00^27]180
129601,129438,58,163,[00^58]0
129659,129595,31,64,18e94bb4e72b[00^25]0
129697,117921,96,11776,[00^30]01c0[00^30]02[00^32]140
129813,105461,113,24352,[00^56]82e7088080[00^44]0392f9038f8303050
129927,128967,134,960,843a05dffb8313f7c094a658742d33ebd2ce2f0bdff73515aa797fd161d980b90364252f7b01[00^31]6e[00^12]45f1a95a4d3f3836523f5c83673c797f4d4d263b[00^29]0432380
130093,130061,32,32,f436b249995ea488ecebd71c3a775813d853c2546c13eb383ae0e9dcbaf7f8690
130125,129165,103,960,[00^31]c0[00^30]0274[00^12]4d73adb72bc3dd368966edd0f0b2148401a178e2[00^6]c20
130229,129269,256,960,006e352d8275aae3e0c2404d9f68f6cee084b5beb3dd00b745f1a95a4d3f3836523f5c83673c797f4d4d263b[00^31]01[00^31]0d[00^31]0d[00^87]21327f97f7978f6385[00^20]0
130485,129525,4,960,[00^4]0
130497,129766,27,731,[00^26]140
130528,130161,27,367,[00^26]020
130561,114469,58,16092,[00^57]020
130619,130555,30,64,ce987427477a[00^24]0
130657,129697,96,960,[00^30]01c0[00^30]02[00^32]140
130773,118037,113,12736,[00^56]82e7088080[00^44]0232f9022f8303060
130892,118156,128,12736,83048d9c94cb566e3b6934fa77258d68ea18e931fa75e1aaaa80b902046c459a28[00^12]38de71124f7a447a01d67945a51edce9ff491251[00^31]80[00^28]64fada0
131021,103181,100,27840,[00^30]0140[00^31]84704316e5[00^31]6e0
131153,130721,32,432,[00^31]140
131185,131121,63,64,4e8d1def19c01b9c61a854f784024f25ce020fc6e152f8cb0350e86e65a5a335[00^31]0
131248,130801,29,447,[00^28]820
131406,103566,80,27840,1c[00^30]82e7088080[00^44]0
131486,130878,8,608,0232f9022f8303060
131495,130887,233,608,8439fe2ea683048d9c94cb566e3b6934fa77258d68ea18e931fa75e1aaaa80b902046c459a28[00^12]38de71124f7a447a01d67945a51edce9ff491251[00^31]80[00^28]64fada59[00^30]0140[00^31]84704316e5[00^31]0
131761,121012,32,10749,[00^31]0a0
131793,131729,63,64,bccfbc137be37b8a23cd641d407f5c02548d5a11fdf69e1bd0c4a8b22ec6b54e[00^31]0
131856,131409,29,447,[00^28]820
132014,131406,88,608,1c[00^30]82e7088080[00^44]0232f9022f8303060
132103,130887,234,1216,8439fe2ea683048d9c94cb566e3b6934fa77258d68ea18e931fa75e1aaaa80b902046c459a28[00^12]38de71124f7a447a01d67945a51edce9ff491251[00^31]80[00^28]64fada59[00^30]0140[00^31]84704316e5[00^31]6e0
132369,131153,32,1216,[00^31]140
132401,132337,63,64,2fe555f44f94f321fa1b71deb4ad17b48bed6568056a6ff5c2875f28ff98ddb7[00^31]0
132464,132017,29,447,[00^28]820
132622,132014,88,608,1c[00^30]82e7088080[00^44]0232f9022f8303060
132711,129927,6,2784,843a05dffb830
132717,132109,127,608,048d9c94cb566e3b6934fa77258d68ea18e931fa75e1aaaa80b902046c459a28[00^12]38de71124f7a447a01d67945a51edce9ff491251[00^31]80[00^28]64fada0
132845,88365,100,44480,[00^30]0140[00^31]84704316e5[00^31]6f0
132977,132369,32,608,[00^31]140
133009,132945,63,64,35547e6da0b1b9b71d63fadbaa862e7e99263159a82f9316835c8007edb9be3c[00^31]0
133072,132625,29,447,[00^28]820
133181,133099,1,82,000
133221,107793,2,25428,00a80
133230,118670,80,14560,1b[00^30]82e7088080[00^44]0
133310,123422,9,9888,01f402f901f082e7080
133319,118755,3,14564,8084300
133325,133320,4,5,84305a3a0
133334,123446,220,9888,940872ec4426103482a50f26ffc32acefcec61b3c980b901c4d4dfd6bc[00^127]01[00^31]01[00^28]6522130
133554,83689,161,49865,09[00^63]05[00^62]0140[00^31]410
133745,133713,1,32,000
133769,132811,3,958,0080000
133779,123891,75,9888,1b[00^31]c0[00^42]0
133854,122174,9,11680,035a02f9035682e7080
133864,133320,11,544,84305a3aa084305a3aae830
133875,122195,210,11680,027c75940cab6977a9c70e04458b740476b498b21401964186d017a6b98000b90324744773f1[00^30]01[00^64]1c142a0a9dc1048d952989b1ac09ebf92d5a10fc522377cbfa9322fb4aa3a94e3e5c39d51d2064bf0ab68698091d1216a9c1b80936fc16ad69b29030d269f04b61[00^12]0
134105,122425,256,11680,[00^31]01[00^30]03[00^13]01e4a663fffaf1430d3a36588b2c14b72231d8b4[00^56]64fa842764fa926f[00^31]6c[00^12]eeeeeeeeeeeeeeeeeeeeeeeeeeeeeeeeeeeeeeee[00^25]27d486e98180000
134361,122681,256,11680,[00^30]0140[00^12]0872ec4426103482a50f26ffc32acefcec61b3c9[00^31]05[00^31]32[00^31]01[00^31]20[00^12]7538262ae993ca117a0e481f908209137a46268e[00^26]d017a6b980000
134617,122937,134,11680,[00^31]60[00^64]c0[00^36]010
134752,133312,3,1440,02f9010
134755,108098,4,26657,7682e7080
134759,133863,3,896,0384300
134765,134760,4,5,843053d10
134774,133878,22,896,940cab6977a9c70e04458b740476b498b214019641860
134801,118793,3,16008,00b9010
134809,108600,8,26209,[00^6]011b0
134853,134309,20,544,eeeeeeeeeeeeeeeeeeeeeeeeeeeeeeeeeeeeeeee0
134885,134565,20,320,7538262ae993ca117a0e481f908209137a46268e0
134969,134682,63,287,[00^31]c0[00^31]0
135033,106092,13,28941,[00^12]230
135065,134814,2,251,00010
135068,135039,6,29,[00^6]0
135097,92298,7,42799,[00^6]ac0
135104,134797,5,307,cdd281e0000
135109,130350,19,4759,[00^18]0d0
135130,134676,37,454,[00^37]0
135171,134765,4,406,843053d10
135200,120489,3,14711,80b8440
135207,128146,13,7061,[00^12]1a0
135236,135218,1,18,000
135239,134719,32,520,[00^31]010
135271,126855,56,8416,82e7088080[00^51]0
135335,70315,3,65020,0082d30
135340,121318,20,14022,e5d7c2a44ffddf6b295a15c148167daaaf5cf34f0
135362,95031,28,40331,2e1a7d4d[00^24]0
135396,114440,58,20956,000082e7088080[00^51]0
135454,121854,9,13600,011a02f9011682e7080
135464,82088,11,53376,842ee0a9f3842ee0a9fd830
135477,108629,22,26848,be948731d54e9d02c286767d56ac03e8037c07e01e980
135506,121906,51,13600,1eb8e41114cd2a[00^31]b8[00^12]0
135577,125288,57,10289,[00^31]a0[00^25]0
135640,128772,27,6868,[00^26]420
135672,130720,33,4952,[00^32]140
135705,135557,32,148,6232e78d54c4845c977fc9e11d7e61c5316d12d1[00^12]0
135737,134713,38,1024,c0[00^36]010
135775,108607,8,27168,1b02f9011782e7080
135784,135464,13,320,842ee0a9f3842ee0a9fd83078b0
135797,81269,22,54528,d6948731d54e9d02c286767d56ac03e8037c07e01e980
135826,121905,52,13921,961eb8e41114cd2a[00^31]b8[00^12]0
135898,135577,56,321,[00^31]a0[00^24]0
135960,77080,27,58880,80[00^25]010
135993,135672,33,321,[00^32]140
136026,135878,32,148,9c499052510835074396e62184d226dc656da773[00^12]0
136058,108890,45,27168,c0[00^35]029b02f9029782e7080
136103,108615,3,27488,03842e0
136106,135786,9,320,e0a9f3842ee0a9fd830
136115,108947,26,27168,0282509480e38291e06339d10aab483c65695d004dbd5c6987300
136147,108979,63,27168,b902642cc4081e[00^31]60[00^23]010
136218,134229,30,1989,[00^28]64fa0
136250,109082,154,27168,[00^31]01[00^31]20[00^31]60[00^57]300
136404,136141,6,263,9adb0d0f1e1f0
136410,109242,256,27168,[00^31]01[00^31]20[00^12]7f72e0d8e9abf9133a92322b8b50bd8e0f9dcfcb[00^31]80[00^62]01[00^32]60[00^12]e5d7c2a44ffddf6b295a15c148167daaaf5cf34f0
136666,109498,12,27168,[00^12]0
136698,121658,100,15040,[00^31]02[00^32]c0[00^35]0
136800,136096,3,704,02f9020
136803,111458,4,25345,7782e7080
136807,80743,3,56064,01842e0
136810,136106,9,704,e0a9f3842ee0a9fd830
136822,118765,22,18057,94f82537fb6c56a3b50092d3951f84f5f6c835b4f5870
136851,97260,38,39591,b902445ae401dc[00^28]64fa870
136890,97299,127,39591,[00^31]40[00^31]02[00^31]40[00^30]010
137018,118929,32,18089,[00^30]01240
137054,118965,76,18089,[00^31]20[00^31]80[00^12]0
137130,95911,49,41219,b5397e1f154bd72dacdafbb748e772e49e0d2d35[00^29]0
137182,74341,27,62841,[00^25]02190
137209,136846,5,363,5fb8fd2aeb0
137214,128767,32,8447,[00^31]420
137246,119203,22,18043,176211869ca2b568f2a7d4ee941e073a821ee1ff00000
137268,119179,24,18089,647d43aabc515c356145049227cee54b608342c0ad0000640
137292,94883,109,42409,e5d7c2a44ffddf6b295a15c148167daaaf5cf34f[00^89]0
137401,80185,70,57216,0412210e8a[00^28]c0[00^36]0
137471,117087,6,20384,3602f482e7080
137477,120614,3,16863,15842e0
137483,137478,4,5,842eda320
137492,96086,21,41406,9405209fcc5b065e642a996b409207721372e9adff0
137519,120400,47,17119,00841249c58bc0[00^40]0
137566,123070,9,14496,013302f9012f82e7080
137575,136103,3,1472,03842e0
137578,137480,8,98,da3283842eda328d0
137586,123090,128,14496,827e5494d1a3abf42f9e66be86cfdea8c5c2c74f041c5e1480b901045b7d7482[00^31]40[00^31]a0[00^31]400
137728,111368,3,26360,6536360
137735,111004,3,26731,6237350
137741,111020,3,26721,3164630
137755,111017,3,26738,3434370
137761,98149,3,39612,3765320
137768,111019,3,26749,3731640
137772,111265,3,26507,6237380
137778,123282,33,14496,[00^31]40630
137818,98161,3,39657,3933390
137822,98188,3,39634,6136630
137831,123272,3,14559,3861650
137836,96822,3,41014,6331320
137846,137750,3,96,3037650
137859,98035,3,39824,3665640
137862,96833,3,41029,3530620
137866,111391,3,26475,3130370
137875,137357,44,518,[00^44]0
137923,135460,6,2463,82e70805842e0
137929,137480,10,449,da3283842eda328d83010
137968,137918,2,50,00b80
137974,82503,64,55471,[00^32]40[00^31]0
138039,90367,32,47672,[00^31]090
138080,133788,62,4292,[00^23]c0[00^38]0
138142,108606,12,29536,011b02f9011782e70803842e0
138154,137929,9,225,da3283842eda328d830
138166,135798,22,2368,948731d54e9d02c286767d56ac03e8037c07e01e98880
138195,108659,51,29536,96b8e41114cd2a[00^31]6e[00^12]0
138266,137650,56,616,[00^31]a0[00^24]0
138329,78486,26,59843,[00^25]0c0
138361,135993,33,2368,[00^32]140
138394,138246,32,148,e821e4b24562b8f659dbd1997bd42c8e9b01a8cc[00^12]0
138427,120571,43,17856,[00^36]5102f84e82e7080
138470,81255,3,57215,02842e0
138473,137929,10,544,da3283842eda328d83010
138483,120627,107,17856,0a3b949dba31e492b7e98b8195e254ee13b6b027e4a59d80a4a7f68792766f7465[00^28]c0[00^45]0
138590,135454,9,3136,011a02f9011682e7080
138599,138151,13,448,03842eda3283842eda328d83070
138612,135476,24,3136,8bbe948731d54e9d02c286767d56ac03e8037c07e01e98870
138641,135505,52,3136,d61eb8e41114cd2a[00^31]b8[00^12]0
138713,137650,57,1063,[00^31]a0[00^25]0
138776,134585,27,4191,[00^26]d00
138808,138361,33,447,[00^32]140
138841,138693,32,148,b6d68559c86fb291ea2543be2f0eeee01c8ade98[00^12]0
138874,138553,37,321,[00^37]0
138911,80255,10,58656,7202f86f82e70802842e0
138924,138919,3,5,842ed60
138931,121605,2,17326,007d0
138933,111477,21,27456,94009a0b7c38b542208936f1179151cd08e29438330
138954,135200,3,3754,80b8440
138961,111513,56,27448,[00^12]c7d8489dae3d2ebef075b1db2257e2c231c9d231[00^24]0
139017,127933,2,11084,00070
139026,138546,44,480,[00^44]0
139071,97215,3,41856,7402f90
139075,97219,4,41856,7082e7080
139085,139080,4,5,842d673e0
139094,93014,23,46080,946352a56caadc4f1e25cd6c75970fa768a3304e6480b90
139119,93039,208,46080,90411a32[00^12]2b5f704ab7061fb4dbfc5876b024f4bdb2f5e8b6[00^31]60[00^30]01c0[00^12]176211869ca2b568f2a7d4ee941e073a821ee1ff[00^12]eeeeeeeeeeeeeeeeeeeeeeeeeeeeeeeeeeeeeeee[00^12]2b5f704ab7061fb4dbfc5876b024f4bdb2f5e8b6[00^12]0
139347,115361,30,23986,[00^29]060
139379,139350,26,29,[00^26]0
139411,139379,26,32,[00^26]0
139443,90771,159,48672,[00^31]02[00^12]3487ef9f9b36547e43268b8f0e2349a226c70b53[00^30]0140[00^63]0
139602,93522,63,46080,05[00^31]a0[00^30]0
139667,115360,62,24307,[00^30]06c0[00^30]0
139731,76511,62,63220,[00^30]0a[00^31]0
139793,95733,128,44060,[00^97]80[00^30]0
139927,93847,126,46080,[00^12]176211869ca2b568f2a7d4ee941e073a821ee1ff[00^15]01[00^15]01[00^31]80[00^30]0
140054,79641,96,60413,20[00^31]02[00^31]40[00^30]010
140150,93682,159,46468,60[00^127]80[00^30]0
140309,137290,2,3019,00640
140315,139927,44,388,[00^12]176211869ca2b568f2a7d4ee941e073a821ee1ff[00^12]0
140379,139347,58,1032,[00^29]061a80[00^26]0
140437,120433,15,20004,[00^14]710
140452,140360,48,92,60570bb153edd0ea1775ec2b2ac9b65f1ab61b[00^29]0
140500,140212,99,288,[00^66]80[00^31]640
140603,140315,44,288,[00^12]176211869ca2b568f2a7d4ee941e073a821ee1ff[00^12]0
140667,140379,72,288,[00^29]061a80[00^40]0
140739,140067,51,672,[00^19]02[00^31]0
140791,95671,72,45120,[00^31]44[00^40]0
140863,140647,49,216,5ec5b1e9b1bd5198343abb6e55fb695d2f7bb308[00^29]0
140912,95472,98,45440,[00^66]80[00^30]010
141015,140947,44,68,[00^31]80[00^12]0
141059,94531,82,46528,2b5f704ab7061fb4dbfc5876b024f4bdb2f5e8b6[00^62]0
141141,136600,46,4541,01[00^32]60[00^12]0
141187,94499,83,46688,176211869ca2b568f2a7d4ee941e073a821ee1ff[00^12]2b5f704ab7061fb4dbfc5876b024f4bdb2f5e8b6[00^31]0
141271,95067,183,46204,[00^183]0
141454,94702,256,46752,[00^4]80[00^30]01649f865422[00^12]e5d7c2a44ffddf6b295a15c148167daaaf5cf34f[00^15]01[00^15]01[00^31]80[00^31]04[00^12]e5d7c2a44ffddf6b295a15c148167daaaf5cf34f[00^55]0
141710,94958,256,46752,[00^40]80[00^31]242e1a7d4d[00^31]01[00^147]0
141966,95214,162,46752,[00^36]80[00^31]648a6a1e85[00^12]eeeeeeeeeeeeeeeeeeeeeeeeeeeeeeeeeeeeeeee[00^12]353c1f0bc78fbbc245b3c93ef77b1dcc5b77d2a02710[00^23]0
142128,139436,38,2692,00dcd759ff64df[00^31]0
142166,95414,256,46752,[00^124]80[00^30]01a49f865422[00^12]eeeeeeeeeeeeeeeeeeeeeeeeeeeeeeeeeeeeeeee[00^15]01[00^15]01[00^31]0
142422,95670,241,46752,80[00^31]44[00^127]80[00^31]64d1660f99[00^12]eeeeeeeeeeeeeeeeeeeeeeeeeeeeeeeeeeeeeeee[00^12]0
142663,139327,49,3336,41effb8f5d8fd4e4826d19fd53ae5c469aaf2894[00^29]0
142712,95960,103,46752,000001[00^56]c0[00^42]010
142815,125119,53,17696,0df9010a01842aea5400829d78940872ec4426103482a50f26ffc32acefcec61b3c980b8e4f242432a[00^12]0
142888,112552,256,30336,[00^12]aec3cacef9457ff2821d9f85429ce3d90b001459[00^31]05[00^31]01[00^31]a0[00^64]82e7088080[00^49]010df9010a01842aea540
143144,112808,44,30336,00829d78940872ec4426103482a50f26ffc32acefcec61b3c980b8e4f242432a[00^12]0
143190,130455,2,12735,00210
143208,124040,256,19168,[00^12]aec3cacef9457ff2821d9f85429ce3d90b001459[00^31]05[00^31]01[00^31]a0[00^64]82e7088080[00^50]ecf8ea01842aea54000
143464,124296,43,19168,829b28940872ec4426103482a50f26ffc32acefcec61b3c980b8c4f242432a[00^12]0
143527,124359,256,19168,[00^12]01e4a663fffaf1430d3a36588b2c14b72231d8b4[00^31]05[00^31]01[00^31]a0[00^32]82e7088080[00^50]01eff901ec80842aea540083015f90940872ec4426103482a50f26ffc32acefcec61b3c980b901c4d40
143783,124615,193,19168,dfd6bc[00^127]01[00^31]01[00^28]65140
143978,133555,160,10423,[00^63]05[00^62]0140[00^31]410
144202,84458,256,59744,1b[00^31]82e7088080[00^47]01eff901ec80842aea540083015f90940872ec4426103482a50f26ffc32acefcec61b3c980b901c4d4dfd6bc[00^127]010
144458,84714,63,59744,[00^31]01[00^28]6514150
144522,143978,160,544,[00^63]05[00^62]0140[00^31]410
144746,83914,256,60832,1b[00^31]82e7088080[00^47]01eff901ec80842aea540083015f90940872ec4426103482a50f26ffc32acefcec61b3c980b901c4d4dfd6bc[00^127]010
145002,84170,63,60832,[00^31]01[00^28]6514170
145066,144522,160,544,[00^63]05[00^62]0140[00^31]410
145290,126442,89,18848,1c[00^31]82e7088080[00^48]2eed82020
145380,126818,9,18562,842aea5400825208940
145409,101249,74,44160,8654953ff6d0008082e7088080[00^49]2ceb58842aea5400825208940
145503,126751,66,18752,865af3107a40008082e7088080[00^51]2ceb0
145569,145473,10,96,58842aea5400825208940
145590,145574,1,16,000
145599,145503,76,96,865af3107a40008082e7088080[00^51]2ceb58842aea5400825208940
145695,85855,97,59840,865af3107a40008082e7088080[00^82]02940
145792,114568,40,31224,e93685f3bba03016f02bd1828badd6195988d950e93685f3bba03016f02bd1828badd6195988d9500
145832,101440,40,44392,b8ff877ed78ba520ece21b1de7843a8a57ca47cbb8ff877ed78ba520ece21b1de7843a8a57ca47cb0
145872,145852,40,20,b8ff877ed78ba520ece21b1de7843a8a57ca47cbb8ff877ed78ba520ece21b1de7843a8a57ca47cb0
145932,134085,20,11847,d75f047640a973f8feb6786d9ded055ded6379460
145952,134841,8,11111,37223d78e845ca7c0
145960,134873,12,11087,c581d4433478f432a23036d80
146012,135705,20,10307,6232e78d54c4845c977fc9e11d7e61c5316d12d10
146032,136026,20,10006,9c499052510835074396e62184d226dc656da7730
146052,136678,20,9374,934e8fd3e73630f6e44dd00fe7c006eb13d0b1680
146072,101560,40,44512,b5397e1f154bd72dacdafbb748e772e49e0d2d3505ca4c1bf15f21e555753e883aaed535294c54a90
146152,138394,20,7758,e821e4b24562b8f659dbd1997bd42c8e9b01a8cc0
146192,138841,20,7351,b6d68559c86fb291ea2543be2f0eeee01c8ade980
146232,142663,20,3569,41effb8f5d8fd4e4826d19fd53ae5c469aaf28940
146252,142868,20,3384,d17067eccd98d840778ab38a96429da51b6799350
146272,143188,20,3084,a8120021a72004628280671d99689be832e368d90
146292,143507,20,2785,73626556edee605c78d8951fc20864bfbc5919850
146372,143539,20,2833,01e4a663fffaf1430d3a36588b2c14b72231d8b40
146392,127404,20,18988,f269e8574583c27fe74b69b3f998a64efd8d04480
146412,127384,20,19028,40082e6f1c15d2b27b3de80cb7ad04e9ed1219000
146432,127424,63,19008,c65347b43019f8f453d7b486d259fd6146da334e[00^43]0
146495,139069,2,7426,000e0
146528,127680,31,18848,[00^28]64fa860
146560,142740,62,3820,[00^31]c0[00^30]0
146624,146592,30,32,[00^30]0
146655,146560,31,95,[00^31]0
146687,146464,32,223,[00^32]0
146720,141592,31,5128,[00^30]040
146752,139635,62,7117,[00^30]04e0[00^30]0
146815,131761,32,15054,[00^31]0a0
146848,146466,31,382,[00^30]0e0
146880,128000,31,18880,[00^30]100
146912,115552,31,31360,[00^30]130
146944,128064,31,18880,[00^30]150
146976,128096,31,18880,[00^30]170
147008,128128,31,18880,[00^30]1a0
147040,128224,31,18816,[00^30]1d0
147071,115743,32,31328,a0[00^30]1e0
147104,128320,31,18784,[00^30]220
147135,147103,32,32,40[00^30]220
147168,136373,31,10795,[00^30]300
147200,102048,31,45152,[00^30]310
147232,87424,63,59808,[00^30]3440[00^30]360
147296,120321,31,26975,[00^30]370
147328,87552,31,59776,[00^30]380
147359,146815,31,544,[00^31]0
147392,147360,31,32,[00^30]390
147424,128704,62,18720,[00^30]3de0[00^30]0
147488,147456,31,32,[00^30]3e0
147520,147488,30,32,[00^30]0
147552,147520,31,32,[00^30]3f0
147584,145195,31,2389,[00^30]410
147615,137214,32,10401,[00^31]420
147648,147616,30,32,[00^30]0
147680,142424,31,5256,[00^30]440
147711,127743,32,19968,c0[00^30]460
147744,127808,31,19936,[00^30]490
147775,135296,32,12479,[00^31]4b0
147808,147776,30,32,[00^30]0
147840,147808,31,32,[00^30]4d0
147872,121728,37,26144,[00^31]3002ee82e7080
147914,137519,2,10395,00840
147916,147911,4,5,59682f000
147920,121776,79,26144,83010b3694cce9d3f392c135dc038b147ca73ec496f7f89d938084183ff085c0[00^46]010
148003,129923,3,18080,8303050
148016,129936,23,18080,94a658742d33ebd2ce2f0bdff73515aa797fd161d980b90
148041,129961,48,18080,252f7b01[00^31]6e[00^12]0
148109,147969,30,140,[00^29]010
148141,131185,32,16956,4e8d1def19c01b9c61a854f784024f25ce020fc6e152f8cb0350e86e65a5a3350
148173,131185,63,16988,4e8d1def19c01b9c61a854f784024f25ce020fc6e152f8cb0350e86e65a5a335[00^31]0
148237,148205,31,32,[00^31]0
148269,130189,38,18080,[00^12]4d73adb72bc3dd368966edd0f0b2148401a178e2[00^6]0
148309,148075,2,234,006e0
148331,130251,2,18080,00b70
148333,148089,49,244,808d7c71ad2ba3fa531b068a2417c63106bc0949[00^29]0
148382,140116,26,8266,000040[00^23]0
148417,138809,32,9608,[00^31]140
148469,129845,81,18624,[00^24]82e7088080[00^44]0392f9038f8303050
148551,148007,6,544,843a0810de830
148557,129933,128,18624,13f7c094a658742d33ebd2ce2f0bdff73515aa797fd161d980b90364252f7b01[00^31]6e[00^12]45f1a95a4d3f3836523f5c83673c797f4d4d263b[00^29]0432380
148685,132401,32,16284,2fe555f44f94f321fa1b71deb4ad17b48bed6568056a6ff5c2875f28ff98ddb70
148717,132401,63,16316,2fe555f44f94f321fa1b71deb4ad17b48bed6568056a6ff5c2875f28ff98ddb7[00^31]0
148780,130156,72,18624,c0[00^30]0274[00^12]4d73adb72bc3dd368966edd0f0b2148401a178e2[00^6]c20
148853,129269,256,19584,006e352d8275aae3e0c2404d9f68f6cee084b5beb3dd00b745f1a95a4d3f3836523f5c83673c797f4d4d263b[00^31]01[00^31]0d[00^31]0d[00^87]21327f97f7978f6385[00^20]0
149109,129525,5,19584,[00^5]0
149121,145102,28,4019,[00^27]050
149153,149121,27,32,[00^27]0
149185,149021,59,164,[00^59]0
149244,149180,30,64,c20425b423[00^25]0
149281,130657,96,18624,[00^30]01c0[00^30]02[00^32]140
149397,129813,113,19584,[00^56]82e7088080[00^44]0392f9038f8303050
149511,148551,69,960,843a0810de8313f7c094a658742d33ebd2ce2f0bdff73515aa797fd161d980b90364252f7b01[00^31]0
149581,148621,64,960,[00^12]45f1a95a4d3f3836523f5c83673c797f4d4d263b[00^29]0432380
149645,131793,32,17852,bccfbc137be37b8a23cd641d407f5c02548d5a11fdf69e1bd0c4a8b22ec6b54e0
149677,131793,63,17884,bccfbc137be37b8a23cd641d407f5c02548d5a11fdf69e1bd0c4a8b22ec6b54e[00^31]0
149740,148780,45,960,c0[00^30]0274[00^12]0
149785,132761,26,17024,38de71124f7a447a01d67945a51edce9ff491251[00^6]0
149813,149579,2,234,00b80
149835,148875,174,960,00b745f1a95a4d3f3836523f5c83673c797f4d4d263b[00^31]01[00^31]0d[00^31]0d[00^56]0
150017,128455,24,21562,[00^23]280
150049,146982,25,3067,[00^24]170
150080,102947,28,47133,[00^27]2d0
150112,144911,90,5201,[00^90]0
150208,146981,26,3227,[00^25]170
150239,134359,33,15880,80[00^31]010
150272,149312,65,960,c0[00^30]02[00^32]140
150357,130773,106,19584,[00^56]82e7088080[00^44]020
150467,149507,3,960,8303050
150471,148007,7,2464,843a0810de83090
150479,148015,22,2464,1894a658742d33ebd2ce2f0bdff73515aa797fd161d90
150508,118794,3,31714,b901e40
150515,105613,44,44902,[00^31]6f[00^12]0
150559,148089,52,2470,808d7c71ad2ba3fa531b068a2417c63106bc0949[00^29]014c080
150611,133009,32,17602,35547e6da0b1b9b71d63fadbaa862e7e99263159a82f9316835c8007edb9be3c0
150643,133009,63,17634,35547e6da0b1b9b71d63fadbaa862e7e99263159a82f9316835c8007edb9be3c[00^31]0
150707,137118,13,13589,[00^12]b50
150739,148237,70,2502,[00^31]d4[00^12]4d73adb72bc3dd368966edd0f0b2148401a178e2[00^6]0
150811,150545,2,266,006f0
150833,148331,77,2502,00b7808d7c71ad2ba3fa531b068a2417c63106bc0949[00^31]40[00^23]0
150918,150304,33,614,[00^32]140
150951,150719,44,232,b59f168aecf5ebc00b916511becbdfffadc07c99[00^24]0
150995,150413,43,582,82e7088080[00^38]0
151038,132702,8,18336,0232f9022f8303060
151047,132711,133,18336,843a05dffb83048d9c94cb566e3b6934fa77258d68ea18e931fa75e1aaaa80b902046c459a28[00^12]38de71124f7a447a01d67945a51edce9ff491251[00^31]80[00^28]64fada0
151181,131629,100,19552,[00^30]0140[00^31]84704316e5[00^31]b80
151313,146815,32,4498,[00^31]0a0
151345,151281,63,64,fd0be7e93373f4b5e38abaa7bbf5829e6fe2143a3ea95ad92b5c3630f21a7a17[00^31]0
151408,150385,29,1023,[00^28]820
151494,147261,2,4233,00340
151566,132622,88,18944,1c[00^30]82e7088080[00^44]0232f9022f8303060
151655,150471,6,1184,843a0810de830
151661,151053,227,608,048d9c94cb566e3b6934fa77258d68ea18e931fa75e1aaaa80b902046c459a28[00^12]38de71124f7a447a01d67945a51edce9ff491251[00^31]80[00^28]64fada71[00^30]0140[00^31]84704316e5[00^31]0
151893,127613,2,24280,004a0
151921,151857,31,64,[00^31]0
151953,151889,63,64,77dbfb0c004a88adb191333fa06498baa72999d49b8e83b2e6b31e061d575036[00^31]0
152016,151569,29,447,[00^28]820
152142,130106,3,22036,7758130
152174,151566,88,608,1c[00^30]82e7088080[00^44]0232f9022f8303060
152263,151655,233,608,843a0810de83048d9c94cb566e3b6934fa77258d68ea18e931fa75e1aaaa80b902046c459a28[00^12]38de71124f7a447a01d67945a51edce9ff491251[00^31]80[00^28]64fada71[00^30]0140[00^31]84704316e5[00^31]0
152529,150919,32,1610,[00^31]140
152561,152497,63,64,fe3336f83d801fc21167bf6f735aa56a232ce111fe9fc6e809766da409a97b5d[00^31]0
152624,152177,29,447,[00^28]820
152782,152174,88,608,1c[00^30]82e7088080[00^44]0232f9022f8303060
152871,152263,234,608,843a0810de83048d9c94cb566e3b6934fa77258d68ea18e931fa75e1aaaa80b902046c459a28[00^12]38de71124f7a447a01d67945a51edce9ff491251[00^31]80[00^28]64fada71[00^30]0140[00^31]84704316e5[00^31]6e0
153137,152529,32,608,[00^31]140
153169,153105,63,64,96f4b84691f726f3c6fa3631f5b52b801f2b82aa5407db0ccb1b5cc5f9a5f5eb[00^31]0
153232,152785,29,447,[00^28]820
153390,88750,81,64640,1b[00^30]82e7088080[00^44]030
153480,147919,2,5561,00830
153506,149541,3,3965,80b9030
153514,153458,12,56,[00^12]0
153546,141143,32,12403,[00^31]600
153584,145734,57,7850,[00^56]020
153646,104240,13,49406,[00^12]fb0
153678,153005,62,673,[00^30]0140[00^30]0
153741,142290,32,11451,80[00^30]010
153773,150272,32,3501,c0[00^30]020
153806,153646,44,160,[00^12]fb52e6f695e64088939c0665fd711c929bedc579[00^12]0
153850,153658,50,192,fb52e6f695e64088939c0665fd711c929bedc579[00^30]0
153900,153899,46,1,[00^46]0
153946,153850,51,96,fb52e6f695e64088939c0665fd711c929bedc579[00^31]0
154003,150144,59,3859,[00^58]030
154065,153886,60,179,[00^60]0
154181,144961,53,9220,[00^40]01[00^12]0
154254,145294,81,8960,[00^28]82e7088080[00^48]0
154349,141187,20,13162,176211869ca2b568f2a7d4ee941e073a821ee1ff0
154369,120489,62,33880,80b844095ea7b3[00^12]80e38291e06339d10aab483c65695d004dbd5c69[00^23]0
154431,138067,4,16364,000000090
154439,143686,55,10753,0082e7088080[00^49]0
154494,119326,5,35168,03d6f903d30
154500,133869,4,20631,84305a3a0
154509,119341,98,35168,9480e38291e06339d10aab483c65695d004dbd5c6987470de4df820000b903a42cc4081e[00^31]60[00^28]01f30
154609,136218,31,18391,[00^28]64fab40
154641,119473,256,35168,[00^31]01[00^31]20[00^31]60[00^57]470de4df82[00^33]02[00^31]40[00^30]01600
154897,119729,256,35168,[00^12]7f72e0d8e9abf9133a92322b8b50bd8e0f9dcfcb[00^31]80[00^62]01[00^32]60[00^12]e5d7c2a44ffddf6b295a15c148167daaaf5cf34f[00^12]4cbab02a5448605e95181489b6ec0404e721eb85[00^32]0
155153,119985,256,35168,[00^44]4cbab02a5448605e95181489b6ec0404e721eb85[00^31]80[00^62]01[00^32]60[00^12]7d43aabc515c356145049227cee54b608342c0ad[00^12]c9eee68292a3f290b4b33e58b1b1dba695665d9f0
155409,120241,110,35168,[00^31]02[00^32]82e7088080[00^41]0
155519,138911,7,16608,7202f86f82e7080
155527,135171,5,20356,843053d18b0
155532,155527,5,5,843053d18b0
155541,154348,40,1193,94176211869ca2b568f2a7d4ee941e073a821ee1ff80b844095ea7b3[00^12]0
155581,139095,20,16486,6352a56caadc4f1e25cd6c75970fa768a3304e640
155601,91287,32,64314,[00^28]04c4b4000
155634,155267,44,367,[00^44]0
155679,138143,3,17536,1b02f90
155683,138147,4,17536,1782e7080
155688,155527,11,161,843053d18b843053d18b830
155702,139094,21,16608,946352a56caadc4f1e25cd6c75970fa768a3304e640
155723,108299,9,47424,87038d7ea4c68000b90
155734,139119,112,16615,90411a32[00^12]2b5f704ab7061fb4dbfc5876b024f4bdb2f5e8b6[00^31]60[00^30]01c0[00^12]0
155846,142631,32,13215,eeeeeeeeeeeeeeeeeeeeeeeeeeeeeeeeeeeeeeee[00^12]0
155878,141187,64,14691,176211869ca2b568f2a7d4ee941e073a821ee1ff[00^12]2b5f704ab7061fb4dbfc5876b024f4bdb2f5e8b6[00^12]0
155962,108474,56,47488,[00^25]038d7ea4c680[00^25]0
156018,129654,6,26364,[00^5]180
156026,155994,30,32,[00^29]180
156058,155634,44,424,[00^44]0
156102,139487,178,16615,3487ef9f9b36547e43268b8f0e2349a226c70b53[00^30]0140[00^63]05[00^31]a0[00^30]0
156281,102175,32,54106,60[00^30]050
156314,146784,31,9530,[00^30]070
156346,139699,31,16647,[00^30]080
156378,141623,89,14755,[00^12]e5d7c2a44ffddf6b295a15c148167daaaf5cf34f[00^57]0
156467,155987,36,480,038d7ea4c680[00^30]0
156503,141588,35,14915,000080[00^31]040
156542,142135,186,14407,[00^155]80[00^30]0
156728,139921,18,16807,038451a74316[00^12]0
156746,141507,114,15239,e5d7c2a44ffddf6b295a15c148167daaaf5cf34f[00^15]01[00^15]01[00^31]80[00^30]0
156860,140053,256,16807,0320[00^31]02[00^31]40[00^30]0160[00^127]80[00^30]0
157116,140309,18,16807,0064eb5625d9[00^12]0
157134,156746,32,388,e5d7c2a44ffddf6b295a15c148167daaaf5cf34f[00^12]0
157166,140451,51,16715,7160570bb153edd0ea1775ec2b2ac9b65f1ab61b[00^31]0
157218,140411,204,16807,[00^40]7160570bb153edd0ea1775ec2b2ac9b65f1ab61b[00^95]80[00^31]64511de15b[00^12]0
157422,157134,32,288,e5d7c2a44ffddf6b295a15c148167daaaf5cf34f[00^12]0
157454,140863,51,16591,5ec5b1e9b1bd5198343abb6e55fb695d2f7bb308[00^31]0
157506,140699,256,16807,[00^59]02[00^31]44[00^31]44[00^40]5ec5b1e9b1bd5198343abb6e55fb695d2f7bb308[00^72]0
157762,140955,232,16807,[00^23]80[00^30]01247132bb7f[00^31]80[00^12]2b5f704ab7061fb4dbfc5876b024f4bdb2f5e8b6[00^62]01[00^32]60[00^12]0
157994,157422,32,572,e5d7c2a44ffddf6b295a15c148167daaaf5cf34f[00^12]0
158026,141219,256,16807,2b5f704ab7061fb4dbfc5876b024f4bdb2f5e8b6[00^31]02[00^187]80[00^16]0
158282,141475,14,16807,[00^14]0
158296,142033,18,16263,00648a6a1e85[00^12]0
158314,155878,32,2436,176211869ca2b568f2a7d4ee941e073a821ee1ff[00^12]0
158346,142083,46,16263,353c1f0bc78fbbc245b3c93ef77b1dcc5b77d2a02710[00^24]0
158392,156052,50,2340,00000018fc46[00^44]0
158442,93699,256,64743,[00^111]80[00^30]01a49f865422[00^12]176211869ca2b568f2a7d4ee941e073a821ee1ff[00^15]01[00^15]01[00^31]80[00^12]0
158698,93955,228,64743,[00^19]44[00^127]80[00^31]64d1660f99[00^12]176211869ca2b568f2a7d4ee941e073a821ee1ff[00^12]0
158926,155942,45,2984,ca2486a779dc0f65f33ae2c9a5974ca763fb691b[00^25]0
158971,142708,99,16263,[00^6]01[00^56]c0[00^35]0
159070,137566,9,21504,013302f9012f82e7080
159080,97896,138,61184,842ee6e1d4842ee6e1dd827e5494d1a3abf42f9e66be86cfdea8c5c2c74f041c5e1480b901045b7d7482[00^31]40[00^31]a0[00^31]400
159218,137850,3,21368,3236610
159222,96835,3,62387,6239310
159225,137768,3,21457,3731640
159232,96729,3,62503,6662640
159244,96712,3,62532,6131650
159248,123366,3,35882,6365610
159251,98185,3,61066,3539350
159256,123325,3,35931,6361620
159264,111304,3,47960,3139320
159282,111314,33,47968,[00^31]40370
159319,111007,3,48312,6166300
159330,96794,4,62536,383931360
159334,111268,6,48066,6363616266310
159345,96707,3,62638,6237620
159356,110928,3,48428,6236640
159364,123227,3,36137,3835300
159374,137733,3,21641,6530620
159379,145747,45,13632,[00^43]02940
159424,136800,3,22624,02f9020
159428,159076,3,352,82e7080
159432,97224,11,62208,842ee6e1d4842ee6e1dd830
159446,154509,21,4937,9480e38291e06339d10aab483c65695d004dbd5c690
159467,152901,3,6566,80b9020
159470,136149,60,23321,642cc4081e[00^31]60[00^23]0
159530,157668,3,1862,00005e0
159539,154609,31,4930,[00^28]64fab40
159571,154641,108,4930,[00^31]01[00^31]20[00^31]60[00^12]0
159679,119203,48,40476,176211869ca2b568f2a7d4ee941e073a821ee1ff[00^28]0
159731,159571,76,160,[00^31]01[00^31]20[00^12]0
159807,157670,51,2137,5ec5b1e9b1bd5198343abb6e55fb695d2f7bb308[00^31]0
159858,155248,109,4610,80[00^62]01[00^32]60[00^12]0
159967,159679,32,288,176211869ca2b568f2a7d4ee941e073a821ee1ff[00^12]0
160019,159890,64,129,[00^31]01[00^32]0
160084,159380,43,704,[00^42]020
160127,97215,8,62912,7402f9027082e7080
160136,159432,11,704,842ee6e1d4842ee6e1dd830
160150,108278,21,51872,94272e156df8da513c69cb41cc7a99185d53f926bb0
160171,97259,4,62912,80b902440
160179,159603,63,576,[00^31]20[00^31]0
160242,156893,64,3349,02[00^31]40[00^30]010
160306,158553,32,1753,80[00^30]010
160338,108309,17,52029,04a8c9ed67[00^12]0
160355,97475,82,62880,176211869ca2b568f2a7d4ee941e073a821ee1ff[00^12]e5d7c2a44ffddf6b295a15c148167daaaf5cf34f[00^30]0
160437,128477,33,31960,0028[00^31]0
160470,134228,31,26242,[00^29]64fa0
160503,147042,29,13461,[00^28]1d0
160535,156513,25,4022,[00^24]040
160567,97655,92,62912,[00^91]440
160663,160535,44,128,[00^24]041a151d36645ce1[00^12]0
160727,138516,72,22211,[00^28]c0[00^43]0
160803,160132,3,671,82e7080
160807,136808,10,23999,842ee0a9f3842ee0a9fd0
160820,135339,51,25481,94e5d7c2a44ffddf6b295a15c148167daaaf5cf34f80a42e1a7d4d[00^24]0
160880,160611,47,269,[00^47]0
160927,120447,7,40480,7102f86e82e7080
160935,160807,11,128,842ee0a9f3842ee0a9fd820
160969,155562,19,5407,80b844095ea7b3[00^12]0
160988,136823,20,24165,f82537fb6c56a3b50092d3951f84f5f6c835b4f50
161008,156316,29,4692,[00^28]070
161040,138544,55,22496,c0[00^45]011a02f9011682e7080
161096,135784,13,25312,842ee0a9f3842ee0a9fd83078b0
161110,138614,22,22496,948731d54e9d02c286767d56ac03e8037c07e01e98870
161138,138642,51,22496,1eb8e41114cd2a[00^31]b8[00^12]0
161209,159154,57,2055,[00^31]a0[00^25]0
161271,133981,28,27290,[00^27]1c0
161303,150917,34,10386,80[00^32]140
161337,161189,32,148,fc2f832f3b5a384a1c766cf3d829a4b3380b332e[00^12]0
161370,160890,44,480,[00^37]7102f86e82e7080
161415,137576,11,23839,842eda3283842eda328d820
161429,155357,20,6072,7d43aabc515c356145049227cee54b608342c0ad0
161449,160969,19,480,80b844095ea7b3[00^12]0
161488,140672,25,20816,[00^24]060
161518,120686,49,40832,0000c0[00^45]030
161568,133856,3,27712,02f9030
161572,161411,3,161,82e7080
161576,138919,11,22657,842ed645ff842ed64609830
161590,159446,23,2144,9480e38291e06339d10aab483c65695d004dbd5c6980b90
161613,154539,61,7074,03a42cc4081e[00^31]60[00^23]0
161683,159539,31,2144,[00^28]64fab40
161715,159571,108,2144,[00^31]01[00^31]20[00^31]60[00^12]0
161843,161722,25,121,[00^24]010
161875,156862,108,5013,[00^31]02[00^31]40[00^30]0160[00^12]0
162002,154928,141,7074,cb[00^31]80[00^62]01[00^32]60[00^12]0
162143,161823,32,320,f5c6825015280cdfd0b56903f9f8b5a2233476f5[00^12]0
162175,154909,51,7266,7f72e0d8e9abf9133a92322b8b50bd8e0f9dcfcb[00^31]0
162226,162225,45,1,[00^45]0
162271,154909,192,7362,7f72e0d8e9abf9133a92322b8b50bd8e0f9dcfcb[00^31]80[00^62]01[00^32]60[00^12]e5d7c2a44ffddf6b295a15c148167daaaf5cf34f[00^12]0
162483,121658,101,40825,[00^31]02[00^32]c0[00^36]0
162584,110328,13,52256,[00^7]3202f082e7080
162598,161576,10,1022,842ed645ff842ed646090
162608,145671,4,16937,825208940
162612,114788,20,47824,3f26b2fd8ceb1c4d456d1dea25091ff44779825f0
162639,110383,47,52256,0080c0[00^44]0
162686,147902,7,14784,003002ee82e7080
162693,97895,3,64798,08842e0
162696,161578,9,1118,d645ff842ed64609830
162705,147921,77,14784,010b3694cce9d3f392c135dc038b147ca73ec496f7f89d938084183ff085c0[00^46]0
162782,138462,11,24320,005102f84e82e70802842e0
162793,162696,10,97,d645ff842ed6460983010
162803,138483,107,24320,0a3b949dba31e492b7e98b8195e254ee13b6b027e4a59d80a4a7f68792766f7465[00^28]c0[00^45]0
162910,155518,10,7392,007202f86f82e70810840
162924,162919,4,5,842d63700
162933,138933,24,24000,94009a0b7c38b542208936f1179151cd08e294383380b8440
162961,111513,57,51448,[00^12]c7d8489dae3d2ebef075b1db2257e2c231c9d231[00^24]010
163025,110385,46,52640,c0[00^44]010
163071,138143,8,24928,1b02f9011782e7080
163080,162919,11,161,842d6370b3842d6370ba830
163091,135795,25,27296,078bd6948731d54e9d02c286767d56ac03e8037c07e01e98880
163122,135826,52,27296,961eb8e41114cd2a[00^31]b8[00^12]0
163194,161209,56,1985,[00^31]a0[00^24]0
163257,110018,26,53239,[00^25]110
163289,161304,33,1985,[00^32]140
163322,163174,32,148,8d65261991d6f69e666625ef7aeab9f18e883136[00^12]0
163354,159034,37,4320,c0[00^35]010
163391,143135,53,20256,0df9010a01842aea5400829d78940872ec4426103482a50f26ffc32acefcec61b3c980b8e4f242432a[00^12]0
163444,146312,20,17132,ed71d82ecefb73a1de0fdaa270ede61e083327100
163464,142888,256,20576,[00^12]aec3cacef9457ff2821d9f85429ce3d90b001459[00^31]05[00^31]01[00^31]a0[00^64]82e7088080[00^49]010df9010a01842aea540
163720,143144,44,20576,00829d78940872ec4426103482a50f26ffc32acefcec61b3c980b8e4f242432a[00^12]0
163764,146332,20,17432,22cd9be3e3cc7bef6fecc7bab037274df4f040570
163784,163464,256,320,[00^12]aec3cacef9457ff2821d9f85429ce3d90b001459[00^31]05[00^31]01[00^31]a0[00^64]82e7088080[00^49]010df9010a01842aea540
164040,163720,44,320,00829d78940872ec4426103482a50f26ffc32acefcec61b3c980b8e4f242432a[00^12]0
164084,146352,20,17732,eb6b59e85467940978054d2acbcff245b15aa6710
164104,125192,256,38912,[00^12]aec3cacef9457ff2821d9f85429ce3d90b001459[00^31]05[00^31]01[00^31]a0[00^64]82e7088080[00^49]01eff901ec80842aea540
164360,125448,224,38912,0083015f90940872ec4426103482a50f26ffc32acefcec61b3c980b901c4d4dfd6bc[00^127]01[00^31]01[00^28]65140
164586,145066,160,19520,[00^63]05[00^62]0140[00^31]410
164810,125898,256,38912,1c[00^31]82e7088080[00^47]01eff901ec80842aea540083015f90940872ec4426103482a50f26ffc32acefcec61b3c980b901c4d4dfd6bc[00^127]010
165066,126154,62,38912,[00^31]01[00^28]65140
165130,164586,160,544,[00^63]05[00^62]0140[00^31]410
165354,125898,256,39456,1c[00^31]82e7088080[00^47]01eff901ec80842aea540083015f90940872ec4426103482a50f26ffc32acefcec61b3c980b901c4d4dfd6bc[00^127]010
165610,126154,63,39456,[00^31]01[00^28]6514160
165674,165130,160,544,[00^63]05[00^62]0140[00^31]410
165898,144746,97,21152,1b[00^31]82e7088080[00^47]01eff901ec80842aea540083010
165995,113963,222,52032,591c940872ec4426103482a50f26ffc32acefcec61b3c980b901c4d4dfd6bc[00^127]01[00^31]01[00^28]6522130
166218,165674,160,544,[00^63]05[00^62]0140[00^31]410
166442,113578,87,52864,1b[00^31]82e7088080[00^48]2ceb0
166530,145666,9,20864,842aea5400825208940
166559,145599,76,20960,865af3107a40008082e7088080[00^51]2ceb58842aea5400825208940
166655,145695,96,20960,865af3107a40008082e7088080[00^82]020
166755,109849,2,56906,00e40
166772,114548,60,52224,e93685f3bba03016f02bd1828badd6195988d950e93685f3bba03016f02bd1828badd6195988d950e93685f3bba03016f02bd1828badd6195988d9500
166832,145812,100,21020,e93685f3bba03016f02bd1828badd6195988d950b8ff877ed78ba520ece21b1de7843a8a57ca47cbb8ff877ed78ba520ece21b1de7843a8a57ca47cbb8ff877ed78ba520ece21b1de7843a8a57ca47cbb8ff877ed78ba520ece21b1de7843a8a57ca47cb0
166932,153946,20,12986,fb52e6f695e64088939c0665fd711c929bedc5790
166972,155389,20,11583,c9eee68292a3f290b4b33e58b1b1dba695665d9f0
166992,101540,20,65452,7930bacd144214537ec096bfdaf23c1ab5b75ad40
167012,158926,20,8086,ca2486a779dc0f65f33ae2c9a5974ca763fb691b0
167052,159999,20,7053,fc0c2df02b1616b05c22b3044c582c4150cfd3a90
167072,160707,20,6365,166ffd2964669e61909398e9718123fdcf99c3c20
167092,114748,20,52344,0b652eff5070c4c2251a3309ef0f90cee17161f20
167132,161337,20,5795,fc2f832f3b5a384a1c766cf3d829a4b3380b332e0
167172,162463,20,4709,1fea467a892870ca6ca752aaa3ef32c76d8048550
167212,114688,20,52524,e016ebf41561c97de700f80e482061b12b5cab330
167252,114868,20,52384,8e07475701065b2a7dfdd8ffa03823d83bfbb3610
167272,163322,20,3950,8d65261991d6f69e666625ef7aeab9f18e8831360
167292,146312,60,20980,ed71d82ecefb73a1de0fdaa270ede61e0833271022cd9be3e3cc7bef6fecc7bab037274df4f04057eb6b59e85467940978054d2acbcff245b15aa6710
167352,145483,20,21869,9ee7a76f52b6d5e2b93c1d3246f4a21f5cef20da0
167372,145579,20,21793,770fe81717bcef98e4879800d4d4670f703f0d040
167392,145675,20,21717,b32546d5e6d84cfbf3c5b5c0cb6a27684a48dd850
167412,145389,20,22023,90bc402a97714a440fd89525d1a9b68ef04d49450
167472,166702,48,770,[00^48]0
167552,146528,31,21024,[00^28]64fa860
167584,162516,62,5068,[00^31]c0[00^30]0
167648,167616,31,32,[00^30]390
167680,128672,31,39008,[00^30]3c0
167712,128223,32,39489,[00^31]1d0
167744,161536,31,6208,[00^30]030
167775,139634,32,28141,a0[00^30]040
167807,167712,31,95,[00^31]0
167840,156346,31,11494,[00^30]080
167872,115424,95,52448,[00^30]0ae0[00^30]0d40[00^30]0f0
167968,146912,31,21056,[00^30]130
168000,146976,31,21024,[00^30]170
168032,149979,31,18053,[00^30]1b0
168064,147072,31,20992,[00^30]1e0
168096,128288,63,39808,[00^30]20[00^31]220
168159,106073,32,62086,[00^31]230
168192,146689,31,21503,[00^30]240
168223,128415,32,39808,c0[00^30]270
168256,128512,31,39744,[00^30]290
168287,116031,63,52256,a0[00^30]2c[00^31]0
168352,115200,62,53152,[00^30]2e[00^31]0
168416,147200,31,21216,[00^30]310
168448,162561,31,5887,[00^30]320
168480,107969,31,60511,[00^30]330
168512,147264,31,21248,[00^30]360
168543,137440,32,31103,[00^31]360
168576,168544,31,32,[00^30]360
168608,154095,31,14513,[00^30]370
168640,147328,31,21312,[00^30]380
168672,168383,32,289,[00^31]2f0
168741,160797,3,7944,0000500
168746,166663,52,2083,82e7088080[00^47]0
168798,152862,8,15936,0232f9022f8303060
168807,152871,234,15936,843a0810de83048d9c94cb566e3b6934fa77258d68ea18e931fa75e1aaaa80b902046c459a28[00^12]38de71124f7a447a01d67945a51edce9ff491251[00^31]80[00^28]64fada71[00^30]0140[00^31]84704316e5[00^31]6e0
169073,163290,32,5783,[00^31]140
169105,169041,63,64,bfbdeb39d47d7b7c71dd7aefca174841deb967ff4ed2a2c055172880eebf8360[00^31]0
169168,166446,29,2722,[00^28]820
169232,168477,2,755,00320
169242,149243,2,19999,00c20
169323,169242,1,81,000
169326,118670,81,50656,1b[00^30]82e7088080[00^44]020
169407,168799,7,608,32f9022f8303060
169415,168807,233,608,843a0810de83048d9c94cb566e3b6934fa77258d68ea18e931fa75e1aaaa80b902046c459a28[00^12]38de71124f7a447a01d67945a51edce9ff491251[00^31]80[00^28]64fada71[00^30]0140[00^31]84704316e5[00^31]0
169668,166755,2,2913,00e40
169681,169073,32,608,[00^31]140
169713,169649,63,64,900d666e356748e7b141f2089cc98c628df9ca00e4cdf440284decb5823c1c76[00^31]0
169776,169329,29,447,[00^28]820
169857,162817,3,7040,54ee130
169934,133230,81,36704,1b[00^30]82e7088080[00^44]010
170015,147999,7,22016,f2f901ef8303050
170023,148007,69,22016,843a0810de8309771894a658742d33ebd2ce2f0bdff73515aa797fd161d980b901c4252f7b01[00^31]0
170093,150547,64,19546,[00^12]808d7c71ad2ba3fa531b068a2417c63106bc0949[00^29]014c080
170157,151953,32,18204,77dbfb0c004a88adb191333fa06498baa72999d49b8e83b2e6b31e061d5750360
170189,151953,63,18236,77dbfb0c004a88adb191333fa06498baa72999d49b8e83b2e6b31e061d575036[00^31]0
170252,148236,71,22016,c0[00^31]d4[00^12]4d73adb72bc3dd368966edd0f0b2148401a178e2[00^6]0
170325,170091,2,234,006a0
170347,150833,77,19514,00b7808d7c71ad2ba3fa531b068a2417c63106bc0949[00^31]40[00^23]0
170431,169981,33,450,[00^33]0
170485,169333,81,1152,[00^24]82e7088080[00^44]0232f9022f8303060
170567,169415,133,1152,843a0810de83048d9c94cb566e3b6934fa77258d68ea18e931fa75e1aaaa80b902046c459a28[00^12]38de71124f7a447a01d67945a51edce9ff491251[00^31]80[00^28]64fada0
170701,168941,100,1760,[00^30]0140[00^31]84704316e5[00^31]6e0
170833,135673,33,35160,[00^31]14620
170866,170802,62,64,c557ead692c506666523e0ef9d51c5ebdc2c58bb999a4695dea7ec6eab8a88[00^31]0
170928,169937,29,991,[00^28]820
170981,170955,1,26,000
171086,169326,88,1760,1b[00^30]82e7088080[00^44]0232f9022f8303060
171175,170567,234,608,843a0810de83048d9c94cb566e3b6934fa77258d68ea18e931fa75e1aaaa80b902046c459a28[00^12]38de71124f7a447a01d67945a51edce9ff491251[00^31]80[00^28]64fada7d[00^30]0140[00^31]84704316e5[00^31]6e0
171441,170833,32,608,[00^31]140
171473,171409,63,64,5e0b7e6b7c1fa8b8d91b31ab3f297d057e656898c9b4b211b49effa4ddd5cf26[00^31]0
171536,171089,29,447,[00^28]820
171694,153390,81,18304,1b[00^30]82e7088080[00^44]030
171775,149503,7,22272,92f9038f8303050
171782,132710,3,39072,54843a0
171785,148553,132,23232,0810de8313f7c094a658742d33ebd2ce2f0bdff73515aa797fd161d980b90364252f7b01[00^31]6e[00^12]45f1a95a4d3f3836523f5c83673c797f4d4d263b[00^29]0432380
171917,153169,32,18748,96f4b84691f726f3c6fa3631f5b52b801f2b82aa5407db0ccb1b5cc5f9a5f5eb0
171949,153169,63,18780,96f4b84691f726f3c6fa3631f5b52b801f2b82aa5407db0ccb1b5cc5f9a5f5eb[00^31]0
172012,148780,72,23232,c0[00^30]0274[00^12]4d73adb72bc3dd368966edd0f0b2148401a178e2[00^6]c20
172085,148853,230,23232,006e352d8275aae3e0c2404d9f68f6cee084b5beb3dd00b745f1a95a4d3f3836523f5c83673c797f4d4d263b[00^31]01[00^31]0d[00^31]0d[00^87]21327f0
172321,168485,26,3836,[00^25]330
172353,166187,28,6166,[00^27]650
172385,172198,27,187,[00^26]0d0
172417,172254,58,163,[00^58]0
172475,172411,31,64,0deca5ffac64[00^25]0
172513,150241,96,22272,[00^30]01c0[00^30]02[00^32]140
172629,149397,113,23232,[00^56]82e7088080[00^44]0392f9038f8303050
172742,151046,3,21696,55843a0
172745,149513,132,23232,0810de8313f7c094a658742d33ebd2ce2f0bdff73515aa797fd161d980b90364252f7b01[00^31]b8[00^12]45f1a95a4d3f3836523f5c83673c797f4d4d263b[00^29]0432380
172877,151345,32,21532,fd0be7e93373f4b5e38abaa7bbf5829e6fe2143a3ea95ad92b5c3630f21a7a170
172909,151345,63,21564,fd0be7e93373f4b5e38abaa7bbf5829e6fe2143a3ea95ad92b5c3630f21a7a17[00^31]0
172972,149740,72,23232,c0[00^30]0274[00^12]38de71124f7a447a01d67945a51edce9ff491251[00^6]a20
173045,149813,196,23232,00b8af54be5b6eec24d6bfacf1cce4eaf680a823939800b745f1a95a4d3f3836523f5c83673c797f4d4d263b[00^31]01[00^31]0d[00^31]0d[00^56]0
173241,173240,1,1,000
173249,150017,26,23232,[00^23]2822ef0
173281,146950,25,26331,[00^24]150
173312,128579,28,44733,[00^27]2b0
173344,150112,91,23232,[00^90]030
173440,146949,26,26491,[00^25]150
173471,150239,98,23232,80[00^31]01c0[00^30]02[00^32]140
173589,172629,106,960,[00^56]82e7088080[00^44]030
173695,161567,8,12128,d402f903d082e7080
173703,154338,3,19365,0484350
173718,161590,84,12128,9480e38291e06339d10aab483c65695d004dbd5c6980b903a42cc4081e[00^31]60[00^23]0
173802,168348,3,5454,00002d0
173811,161683,31,12128,[00^28]64fab40
173843,161715,108,12128,[00^31]01[00^31]20[00^31]60[00^12]0
173951,155357,32,18594,7d43aabc515c356145049227cee54b608342c0ad[00^12]0
173983,173863,12,120,[00^11]010
174003,161875,108,12128,[00^31]02[00^31]40[00^30]0160[00^12]0
174111,155197,192,18914,4cbab02a5448605e95181489b6ec0404e721eb85[00^31]80[00^62]01[00^32]60[00^12]7d43aabc515c356145049227cee54b608342c0ad[00^12]0
174303,157670,96,16633,5ec5b1e9b1bd5198343abb6e55fb695d2f7bb308[00^76]0
174399,159807,192,14592,5ec5b1e9b1bd5198343abb6e55fb695d2f7bb308[00^31]80[00^62]01[00^32]60[00^12]176211869ca2b568f2a7d4ee941e073a821ee1ff[00^12]0
174610,160018,108,14592,a9[00^31]01[00^32]c0[00^42]0
174718,133854,13,40864,035a02f9035682e7080384305a0
174733,174728,4,5,84305ad60
174742,133878,207,40864,940cab6977a9c70e04458b740476b498b21401964186d017a6b98000b90324744773f1[00^30]01[00^64]1c142a0a9dc1048d952989b1ac09ebf92d5a10fc522377cbfa9322fb4aa3a94e3e5c39d51d2064bf0ab68698091d1216a9c1b80936fc16ad69b29030d269f04b61[00^12]0
174969,122425,256,52544,[00^31]01[00^30]03[00^13]01e4a663fffaf1430d3a36588b2c14b72231d8b4[00^56]64fa842764fa926f[00^31]6c[00^12]eeeeeeeeeeeeeeeeeeeeeeeeeeeeeeeeeeeeeeee[00^25]27d486e98180000
175225,122681,256,52544,[00^30]0140[00^12]0872ec4426103482a50f26ffc32acefcec61b3c9[00^31]05[00^31]32[00^31]01[00^31]20[00^12]7538262ae993ca117a0e481f908209137a46268e[00^26]d017a6b980000
175481,122937,142,52544,[00^31]60[00^64]c0[00^36]013302f9012f82e7080
175624,123080,138,52544,842ee8a736842ee8a740827e5494d1a3abf42f9e66be86cfdea8c5c2c74f041c5e1480b901045b7d7482[00^31]40[00^31]a0[00^31]400
175765,137766,3,37999,3635370
175780,159373,3,16407,3065300
175785,110946,3,64839,3931350
175794,137734,3,38060,3062370
175800,111018,3,64782,3437310
175804,111051,3,64753,3935370
175812,137826,3,37986,6135330
175815,110901,3,64914,3933380
175825,137777,33,38048,33[00^31]400
175863,159231,3,16632,3066620
175868,110903,3,64965,3836640
175877,159328,3,16549,3831380
175881,137715,3,38166,6233310
175887,123274,3,52613,6537640
175890,137732,3,38158,3565300
175902,137865,3,38037,6231300
175908,175883,3,25,3163380
175914,137869,3,38045,3564390
175922,123378,45,52544,c0[00^43]010
175968,175616,3,352,02f9010
175972,111108,6,64864,82e70809842e0
175978,120746,10,55232,e8a736842ee8a74083030
176018,118792,4,57226,0000b9010
176023,136854,35,39169,5ae401dc[00^28]64fa870
176059,118833,126,57226,[00^31]40[00^31]01[00^31]20[00^30]0
176185,169732,2,6453,00e40
176191,162419,44,13772,[00^12]e5d7c2a44ffddf6b295a15c148167daaaf5cf34f[00^12]0
176235,119203,50,57032,176211869ca2b568f2a7d4ee941e073a821ee1ff[00^30]0
176287,175148,13,1139,[00^12]6c0
176319,175296,25,1023,[00^24]050
176344,176013,7,331,698eef066700000
176351,115906,29,60445,[00^28]260
176383,175517,95,866,[00^60]c0[00^34]0
176480,175968,3,512,02f9010
176484,175972,3,512,82e7080
176488,159080,11,17408,842ee6e1d4842ee6e1dd820
176530,176019,3,511,00b9010
176554,176051,6,503,[00^4]64fa0
176570,151313,32,25257,[00^31]0a0
176602,135898,57,40704,[00^31]a0[00^24]010
176659,176524,7,135,014f103280a0000
176666,168004,27,8662,[00^26]170
176697,176446,32,251,[00^32]0
176734,137730,3,39004,3637350
176742,159366,3,17376,3062310
176772,159012,67,17760,[00^22]c0[00^35]013302f9012f82e7080
176839,137477,3,39362,15842e0
176842,159082,136,17760,e6e1d4842ee6e1dd827e5494d1a3abf42f9e66be86cfdea8c5c2c74f041c5e1480b901045b7d7482[00^31]40[00^31]a0[00^31]400
176981,159370,4,17611,313163300
176988,176736,3,252,3538630
176992,123265,3,53727,3838310
176995,123326,3,53669,6162340
177000,123321,3,53679,3930360
177004,137842,3,39162,3330300
177016,123270,3,53746,3330380
177019,175800,3,1219,3437310
177039,159317,3,17722,3139610
177042,137682,33,39360,[00^31]40360
177076,175778,3,1298,3639300
177088,159226,3,17862,3164300
177101,175774,3,1327,3163650
177105,159350,3,17755,3937610
177113,123271,3,53842,3038610
177117,175885,4,1232,383365370
177127,123269,3,53858,3133300
177131,159338,4,17793,663135610
177138,159378,53,17760,c0[00^43]029402f9029082e7080
177191,162790,3,14401,02842e0
177194,160138,9,17056,e6e1d4842ee6e1dd830
177206,159446,86,17760,9480e38291e06339d10aab483c65695d004dbd5c6980b902642cc4081e[00^31]60[00^25]0
177292,177179,4,113,000000020
177299,173811,31,3488,[00^28]64fab40
177331,173843,152,3488,[00^31]01[00^31]20[00^31]60[00^12]7d43aabc515c356145049227cee54b608342c0ad[00^23]010
177491,177331,76,160,[00^31]01[00^31]20[00^12]0
177567,174111,192,3456,4cbab02a5448605e95181489b6ec0404e721eb85[00^31]80[00^62]01[00^32]60[00^12]7d43aabc515c356145049227cee54b608342c0ad[00^12]0
177778,160210,64,17568,20[00^31]02[00^31]0
177842,142770,45,35072,00c0[00^42]010
177887,133311,8,44576,f402f901f082e7080
177896,136104,12,41792,842ee0a9f3842ee0a9fd83020
177910,165997,256,11913,940872ec4426103482a50f26ffc32acefcec61b3c980b901c4d4dfd6bc[00^127]01[00^31]01[00^28]65221314[00^35]0
178166,166253,125,11913,[00^28]05[00^62]0140[00^31]410
178355,133779,75,44576,1b[00^31]c0[00^42]0
178431,176479,3,1952,3b02f90
178435,176483,4,1952,3782e7080
178440,177896,11,544,842ee0a9f3842ee0a9fd830
178462,128669,2,49793,003b0
178483,171206,3,7277,b902040
178486,160175,164,18311,ac9650d8[00^31]20[00^31]02[00^31]40[00^30]0180[00^30]01040
178654,178618,30,36,[00^30]0
178686,146592,31,32094,[00^30]4e0
178718,146624,31,32094,[00^30]4f0
178750,178723,25,27,[00^25]0
178775,178476,7,299,b6f4a803c2078f0
178782,172850,25,5932,[00^24]040
178814,162246,26,16568,[00^25]7f0
178846,178529,25,317,[00^24]020
178878,160471,31,18407,[00^28]64fa8a0
178910,137342,60,41568,[00^59]040
178974,159006,73,19968,[00^28]c0[00^35]013302f9012f82e7080
179047,136103,11,42944,03842ee0a9f3842ee0a9fd0
179058,176850,128,2208,827e5494d1a3abf42f9e66be86cfdea8c5c2c74f041c5e1480b901045b7d7482[00^31]40[00^31]a0[00^31]400
179195,159362,3,19833,6663380
179213,177091,3,2122,3936630
179219,177124,3,2095,3264620
179224,137819,3,41405,3339640
179227,123241,3,55986,6434650
179239,175796,3,3443,3733610
179243,159354,3,19889,3766620
179249,123281,33,55968,39[00^31]400
179282,179186,64,96,356665636562363666666338366633386439353237383663366436393663373963326462633233396464346539316234363732396437336132376662353765390
179347,160883,51,18464,[00^44]7102f86e82e7080
179399,162598,11,16801,842ed645ff842ed64609820
179412,155541,40,23871,94176211869ca2b568f2a7d4ee941e073a821ee1ff80b844095ea7b3[00^12]0
179452,160988,48,18464,f82537fb6c56a3b50092d3951f84f5f6c835b4f5[00^28]0
179504,161040,47,18464,c0[00^45]010
179551,164031,53,15520,0df9010a01842aea5400829d78940872ec4426103482a50f26ffc32acefcec61b3c980b8e4f242432a[00^12]0
179604,167352,20,12252,9ee7a76f52b6d5e2b93c1d3246f4a21f5cef20da0
179624,164104,256,15520,[00^12]aec3cacef9457ff2821d9f85429ce3d90b001459[00^31]05[00^31]01[00^31]a0[00^64]82e7088080[00^49]01eff901ec80842aea540
179880,164360,224,15520,0083015f90940872ec4426103482a50f26ffc32acefcec61b3c980b901c4d4dfd6bc[00^127]01[00^31]01[00^28]65140
180106,178131,160,1975,[00^63]05[00^62]0140[00^31]410
180330,165354,85,14976,1c[00^31]82e7088080[00^47]010
180415,179551,53,864,0df9010a01842aea5400829d78940872ec4426103482a50f26ffc32acefcec61b3c980b8e4f242432a[00^12]0
180468,167372,20,13096,770fe81717bcef98e4879800d4d4670f703f0d040
180488,163784,256,16704,[00^12]aec3cacef9457ff2821d9f85429ce3d90b001459[00^31]05[00^31]01[00^31]a0[00^64]82e7088080[00^49]010df9010a01842aea540
180744,164040,44,16704,00829d78940872ec4426103482a50f26ffc32acefcec61b3c980b8e4f242432a[00^12]0
180788,167392,20,13396,b32546d5e6d84cfbf3c5b5c0cb6a27684a48dd850
180808,179624,256,1184,[00^12]aec3cacef9457ff2821d9f85429ce3d90b001459[00^31]05[00^31]01[00^31]a0[00^64]82e7088080[00^49]01eff901ec80842aea540
181064,179880,224,1184,0083015f90940872ec4426103482a50f26ffc32acefcec61b3c980b901c4d4dfd6bc[00^127]01[00^31]01[00^28]65140
181290,180106,160,1184,[00^63]05[00^62]0140[00^31]410
181514,145290,85,36224,1c[00^31]82e7088080[00^48]0
181602,166626,9,14976,842aea5400825208940
181631,166559,66,15072,865af3107a40008082e7088080[00^51]2ceb0
181697,166529,10,15168,57842aea5400825208940
181727,181631,66,96,865af3107a40008082e7088080[00^51]2ceb0
181794,181698,9,96,842aea5400825208940
181823,181727,64,96,865af3107a40008082e7088080[00^51]0
181887,143455,52,38432,ecf8ea01842aea5400829b28940872ec4426103482a50f26ffc32acefcec61b3c980b8c4f242432a[00^12]0
181939,167412,20,14527,90bc402a97714a440fd89525d1a9b68ef04d49450
181959,143527,215,38432,[00^12]01e4a663fffaf1430d3a36588b2c14b72231d8b4[00^31]05[00^31]01[00^31]a0[00^32]82e7088080[00^50]0
182174,145374,5,36800,002eed82020
182180,181794,9,386,842aea5400825208940
182209,145409,62,36800,8654953ff6d0008082e7088080[00^49]0
182271,178522,32,3749,[00^31]020
182324,166892,40,15432,b8ff877ed78ba520ece21b1de7843a8a57ca47cbb8ff877ed78ba520ece21b1de7843a8a57ca47cb0
182364,166832,60,15532,e93685f3bba03016f02bd1828badd6195988d950b8ff877ed78ba520ece21b1de7843a8a57ca47cbb8ff877ed78ba520ece21b1de7843a8a57ca47cb0
182424,166812,40,15612,e93685f3bba03016f02bd1828badd6195988d950e93685f3bba03016f02bd1828badd6195988d9500
182464,174591,20,7873,9d30fd9d9e82a5ba57a8358a422ce2d13fa5c4a90
182484,174949,20,7535,ed805458a99f7f366728757f49dd578d900672ba0
182524,176299,20,6225,6c325d0121bec268af0c44c30e428ace5d68551c0
182579,178127,3,4452,6522130
182584,177759,20,4825,095954e2258998114b1feadccc55583d46e55c200
182684,179604,20,3080,9ee7a76f52b6d5e2b93c1d3246f4a21f5cef20da0
182704,166539,20,16165,e97bd1d05079f3f6130783a565419799af953cea0
182724,167372,40,15352,770fe81717bcef98e4879800d4d4670f703f0d04b32546d5e6d84cfbf3c5b5c0cb6a27684a48dd850
182764,166635,20,16129,98496d49f8aedd373542d7aa4163d17d19d1c77b0
182844,181939,20,905,90bc402a97714a440fd89525d1a9b68ef04d49450
182864,175045,76,7819,01e4a663fffaf1430d3a36588b2c14b72231d8b4[00^56]0
182940,178934,36,4006,[00^35]040
182976,177587,62,5389,[00^31]80[00^30]0
183039,182976,31,63,[00^31]0
183072,183040,30,32,[00^30]0
183103,182301,2,802,00020
183136,178878,30,4258,[00^28]64fa0
183168,178356,62,4812,[00^31]c0[00^30]0
183232,168352,62,14880,[00^30]2e[00^31]0
183296,174841,32,8455,[00^31]1c0
183328,175001,31,8327,[00^30]030
183360,181992,31,1368,[00^30]050
183392,167840,31,15552,[00^30]080
183424,127936,31,55488,[00^30]0b0
183455,183296,31,159,[00^31]0
183488,173154,31,10334,[00^30]0d0
183520,146880,31,36640,[00^30]100
183551,127999,63,55552,[00^31]1060[00^30]0
183616,183584,30,32,[00^30]0
183648,183616,31,32,[00^30]110
183679,167967,32,15712,a0[00^30]130
183711,183551,31,160,[00^31]0
183744,168000,62,15744,[00^30]1720[00^30]0
183807,128159,32,55648,c0[00^30]1c0
183840,172282,31,11558,[00^30]210
183872,183840,31,32,[00^30]210
183904,168128,31,15776,[00^30]220
183936,168160,31,15776,[00^30]230
183968,168192,31,15776,[00^30]240
184000,168224,31,15776,[00^30]270
184031,160407,32,23624,[00^31]280
184064,176699,31,7365,[00^30]2a0
184096,184064,31,32,[00^30]2a0
184127,128543,32,55584,c0[00^30]2b0
184160,181761,31,2399,[00^30]2c0
184192,184160,31,32,[00^30]2c0
184224,171136,38,13088,[00^30]0232f9022f8303060
184267,178449,3,5818,fd83040
184270,171182,126,13088,8d9c94cb566e3b6934fa77258d68ea18e931fa75e1aaaa80b902046c459a28[00^12]38de71124f7a447a01d67945a51edce9ff491251[00^31]80[00^28]64fada0
184397,151181,100,33216,[00^30]0140[00^31]84704316e5[00^31]b80
184529,176570,32,7959,[00^31]0a0
184561,184497,63,64,7c1a5e1f2b4e07f6dee28a34f96c0f4bbf9cc05c56475d52ceb226cccf8bd43e[00^31]0
184624,182091,29,2533,[00^28]820
184713,182974,2,1739,00040
184725,183037,2,1688,00310
184782,152782,88,32000,1c[00^30]82e7088080[00^44]0232f9022f8303060
184871,184263,233,608,8439f153fd83048d9c94cb566e3b6934fa77258d68ea18e931fa75e1aaaa80b902046c459a28[00^12]38de71124f7a447a01d67945a51edce9ff491251[00^31]80[00^28]64fada35[00^30]0140[00^31]84704316e5[00^31]0
185119,185103,1,16,000
185137,173537,32,11600,[00^31]140
185169,185105,63,64,c9b9962ed36f0aca0342963fb9eb007485bae3439b97dc182b9e39339c225b1d[00^31]0
185232,184785,29,447,[00^28]820
185390,171086,81,14304,1b[00^30]82e7088080[00^44]020
185476,153476,6,32000,8435a4e900830
185514,177228,3,8286,b902640
185517,178486,131,7031,ac9650d8[00^31]20[00^31]02[00^31]40[00^30]010
185649,141459,32,44190,[00^30]01640
185685,160343,94,25342,[00^12]176211869ca2b568f2a7d4ee941e073a821ee1ff[00^12]e5d7c2a44ffddf6b295a15c148167daaaf5cf34f[00^30]0
185781,183329,30,2452,[00^29]030
185813,185781,30,32,[00^29]030
185845,185813,29,32,[00^29]0
185877,185849,25,28,[00^25]0
185902,185507,7,395,1f2b043473dacc0
185909,185845,29,64,[00^29]0
185941,168069,26,17872,[00^25]1e0
185973,147442,13,38531,[00^12]3d0
186004,154608,31,31396,f8[00^28]64fa0
186037,137342,92,48695,[00^59]0412210e8a[00^28]0
186129,185421,46,708,82e7088080[00^41]0
186179,186129,3,50,82e7080
186220,179433,3,6787,80b8440
186227,156090,13,30137,[00^12]340
186259,127588,27,58671,[00^26]4a0
186290,177842,45,8448,00c0[00^42]010
186336,179040,3,7296,02f9010
186340,186179,4,161,82e708820
186356,185480,2,876,00830
186382,181090,3,5292,80b9010
186390,186052,44,338,[00^44]0
186434,175173,32,11261,eeeeeeeeeeeeeeeeeeeeeeeeeeeeeeeeeeeeeeee[00^12]0
186466,186434,32,32,eeeeeeeeeeeeeeeeeeeeeeeeeeeeeeeeeeeeeeee[00^12]0
186518,186409,25,109,[00^25]0
186548,186407,27,141,[00^27]0
186580,175223,33,11357,80[00^31]010
186614,186066,31,548,[00^30]040
186646,186614,30,32,[00^30]0
186678,175513,101,11165,[00^64]c0[00^36]0
186779,185581,4,1198,000000020
186797,160150,205,26647,94272e156df8da513c69cb41cc7a99185d53f926bb80b90244ac9650d8[00^31]20[00^31]02[00^31]40[00^30]0180[00^30]0104a8c9ed67[00^12]0
187002,177727,32,9275,7d43aabc515c356145049227cee54b608342c0ad[00^12]0
187034,160387,115,26647,e5d7c2a44ffddf6b295a15c148167daaaf5cf34f[00^31]28[00^60]64fa8a0
187150,183814,25,3336,[00^24]1c0
187182,186619,26,563,[00^25]040
187214,160567,120,26647,[00^91]44bac37ef7[00^24]0
187334,187206,20,128,000473fba29e1bee[00^12]0
187374,182091,81,5283,[00^28]82e7088080[00^48]0
187455,162687,6,24768,3002ee82e7080
187467,187462,5,5,842f8c6b5a0
187476,162708,75,24768,94cce9d3f392c135dc038b147ca73ec496f7f89d938084183ff085c0[00^47]0
187554,179044,5,8510,82e70803840
187563,187558,4,5,842f57cf0
187568,182185,4,5383,825208940
187600,162639,47,24961,0080c0[00^44]0
187647,187551,6,96,3302f182e7080
187653,177191,3,10462,02842e0
187659,187654,4,5,842edede0
187664,187568,4,96,825208940
187695,184970,3,2725,0000800
187699,187603,44,96,[00^44]0
187743,160799,7,26944,5002f84d82e7080
187750,179047,3,8703,03842e0
187753,187656,9,97,dede3a842edede44820
187764,162805,106,24959,949dba31e492b7e98b8195e254ee13b6b027e4a59d80a4a7f68792766f7465[00^28]c0[00^46]0
187870,179038,9,8832,013302f9012f82e7080
187880,187751,11,129,842edede3a842edede44820
187891,179059,127,8832,7e5494d1a3abf42f9e66be86cfdea8c5c2c74f041c5e1480b901045b7d7482[00^31]40[00^31]a0[00^31]400
188019,159374,3,28645,6530620
188022,175904,3,12118,3065390
188043,137855,3,50188,3236380
188052,177118,3,10934,3365370
188060,177031,3,11029,6239320
188069,123335,3,64734,3135620
188073,177114,3,10959,3861390
188081,159281,33,28800,64[00^31]400
188114,177028,4,11086,316134620
188119,159219,3,28900,3661630
188130,123328,3,64802,3466310
188134,137817,3,50317,3239330
188139,177036,3,11103,6264340
188142,179311,3,8831,6337390
188146,175910,3,12236,3835330
188164,137726,3,50438,6138650
188170,177127,3,11043,3133300
188175,123351,3,64824,6132610
188178,177138,45,11040,c0[00^43]020
188223,136095,11,52128,9b02f9029782e70803842e0
188234,187882,8,352,dede3a842edede440
188242,136114,27,52128,830282509480e38291e06339d10aab483c65695d004dbd5c6987300
188275,136147,64,52128,b902642cc4081e[00^31]60[00^23]01370
188346,177299,31,11047,[00^28]64fab40
188378,136250,154,52128,[00^31]01[00^31]20[00^31]60[00^57]300
188532,188269,6,263,8e482339baff0
188538,136410,256,52128,[00^31]01[00^31]20[00^12]7f72e0d8e9abf9133a92322b8b50bd8e0f9dcfcb[00^31]80[00^62]01[00^32]60[00^12]e5d7c2a44ffddf6b295a15c148167daaaf5cf34f0
188794,136666,12,52128,[00^12]0
188826,177779,100,11047,[00^31]02[00^32]c0[00^35]0
188926,187870,9,1056,013302f9012f82e7080
188940,177196,3,11744,d4842e0
188946,175634,129,13312,827e5494d1a3abf42f9e66be86cfdea8c5c2c74f041c5e1480b901045b7d7482[00^31]40[00^31]a0[00^31]40370
189080,159260,3,29820,6462620
189110,179298,3,9812,6439350
189118,188130,3,988,3466310
189122,177096,3,12026,6430370
189128,137814,3,51314,6134320
189134,188139,3,995,6264340
189137,179249,33,9888,39[00^31]400
189170,189074,64,96,373164366534646262383632313139393563663965373933306566613636383166303965643935663834623834663130643037353439613432633232626434390
189234,188178,45,1056,c0[00^43]020
189279,160127,8,29152,7402f9027082e7080
189288,188936,10,352,842edc23d4842edc23de0
189302,136822,21,52480,94f82537fb6c56a3b50092d3951f84f5f6c835b4f50
189323,186818,4,2505,80b902440
189327,176023,34,13304,5ae401dc[00^28]64fa0
189363,136890,127,52473,[00^31]40[00^31]02[00^31]40[00^30]010
189491,176155,48,13336,[00^31]e404e45aaf[00^12]0
189559,185717,93,3842,[00^12]e5d7c2a44ffddf6b295a15c148167daaaf5cf34f[00^30]01f4[00^29]0
189652,189424,27,228,000002[00^24]0
189687,185817,26,3870,[00^25]030
189719,187214,92,2505,[00^91]440
189815,189687,44,128,[00^25]0334b194f0ee58[00^12]0
189876,189875,3,1,7777770
189879,178359,72,11520,[00^28]c0[00^42]020
189952,189280,3,672,02f9020
189956,189284,3,672,82e7080
189960,189288,11,672,842edc23d4842edc23de830
189974,175990,21,13984,94678aa4bf4e210cf2166753e054d5b7c31cc7fa860
189995,189323,3,672,80b9020
189999,189327,163,672,5ae401dc[00^28]64fa86f5[00^31]40[00^31]02[00^31]40[00^30]010
190162,137017,33,53145,a0[00^30]01240
190199,137054,76,53145,[00^31]20[00^31]80[00^12]0
190275,190079,43,196,[00^19]02[00^23]0
190327,174374,26,15953,[00^25]5e0
190359,147615,32,42744,[00^31]420
190409,190389,1,20,000
190411,190029,3,382,0000640
190414,185697,21,4717,176211869ca2b568f2a7d4ee941e073a821ee1ff000
190437,141635,109,48802,e5d7c2a44ffddf6b295a15c148167daaaf5cf34f[00^89]0
190546,189810,30,736,4449404b7c[00^25]0
190576,190352,19,224,5e74c3c82c1d92[00^12]0
190615,189879,71,736,[00^28]c0[00^42]0
190687,134751,3,55936,7a02f90
190691,134755,4,55936,7682e7080
190695,176487,3,14208,07842e0
190698,189962,9,736,dc23d4842edc23de830
190711,135219,20,55492,1a7b46c660603ebb5fbe3ae51e80ad21df00bdd10
190731,181823,7,8908,865af3107a40000
190745,188859,62,1886,[00^31]c0[00^30]0
190809,149978,32,40831,[00^31]1b0
190905,190003,31,902,[00^28]64fa860
190937,150707,14,40230,[00^12]b59f0
190969,190131,62,838,[00^30]01a0[00^30]0
191031,191030,78,1,[00^78]0
191109,190949,46,160,b59f63eea1e17c7ff14c90d89e12543860904020[00^26]0
191160,190263,32,897,[00^31]020
191192,190066,64,1126,40[00^31]02[00^31]0
191256,183041,30,8215,[00^29]650
191289,191273,12,16,[00^12]0
191321,181194,92,10127,[00^31]01[00^31]01[00^28]0
191413,191221,16,192,00000002[00^12]0
191449,191193,63,256,[00^31]02[00^31]0
191512,191352,64,160,01[00^31]01[00^31]0
191576,191032,123,544,[00^77]b59f63eea1e17c7ff14c90d89e12543860904020[00^26]0
191699,154434,6,37265,09184e72a0000
191705,181418,32,10287,[00^31]410
191801,178355,70,13446,1b[00^31]c0[00^37]0
191871,162783,7,29088,5102f84e82e7080
191879,190696,11,1183,842edc23d4842edc23de830
191890,162802,116,29088,010a3b949dba31e492b7e98b8195e254ee13b6b027e4a59d80a4a7f68792766f7465[00^28]c0[00^46]7202f86f82e7080
192012,192007,4,5,842d69200
192017,155537,92,36480,8301614994176211869ca2b568f2a7d4ee941e073a821ee1ff80b844095ea7b3[00^12]6352a56caadc4f1e25cd6c75970fa768a3304e64[00^28]0
192109,140695,4,51414,00061a800
192113,163025,46,29088,c0[00^44]010
192159,143135,54,49024,0df9010a01842aea5400829d78940872ec4426103482a50f26ffc32acefcec61b3c980b8e4f242432a[00^12]a80
192232,180488,256,11744,[00^12]aec3cacef9457ff2821d9f85429ce3d90b001459[00^31]05[00^31]01[00^31]a0[00^64]82e7088080[00^49]010df9010a01842aea540
192488,180744,44,11744,00829d78940872ec4426103482a50f26ffc32acefcec61b3c980b8e4f242432a[00^12]0
192552,179624,256,12928,[00^12]aec3cacef9457ff2821d9f85429ce3d90b001459[00^31]05[00^31]01[00^31]a0[00^64]82e7088080[00^49]01eff901ec80842aea540
192808,179880,225,12928,0083015f90940872ec4426103482a50f26ffc32acefcec61b3c980b901c4d4dfd6bc[00^127]01[00^31]01[00^28]6514180
193034,181290,160,11744,[00^63]05[00^62]0140[00^31]410
193258,180330,138,12928,1c[00^31]82e7088080[00^47]010df9010a01842aea5400829d78940872ec4426103482a50f26ffc32acefcec61b3c980b8e4f242432a[00^12]0
193400,185901,2,7499,001f0
193416,180808,256,12608,[00^12]aec3cacef9457ff2821d9f85429ce3d90b001459[00^31]05[00^31]01[00^31]a0[00^64]82e7088080[00^49]01eff901ec80842aea540
193672,181064,225,12608,0083015f90940872ec4426103482a50f26ffc32acefcec61b3c980b901c4d4dfd6bc[00^127]01[00^31]01[00^28]6514140
193898,193034,160,864,[00^63]05[00^62]0140[00^31]410
194122,166442,87,27680,1b[00^31]82e7088080[00^48]2ceb0
194210,182180,9,12030,842aea5400825208940
194238,166654,65,27584,7b865af3107a40008082e7088080[00^51]0
194303,181887,52,12416,ecf8ea01842aea5400829b28940872ec4426103482a50f26ffc32acefcec61b3c980b8c4f242432a[00^12]0
194375,181959,216,12416,[00^12]01e4a663fffaf1430d3a36588b2c14b72231d8b4[00^31]05[00^31]01[00^31]a0[00^32]82e7088080[00^51]0
194591,181791,12,12800,2ceb55842aea5400825208940
194623,181727,66,12896,865af3107a40008082e7088080[00^51]2ceb0
194689,181601,10,13088,53842aea5400825208940
194719,194623,64,96,865af3107a40008082e7088080[00^51]0
194783,182175,4,12608,2eed82020
194788,194690,9,98,842aea5400825208940
194817,182209,94,12608,8654953ff6d0008082e7088080[00^80]020
194912,182384,40,12528,b8ff877ed78ba520ece21b1de7843a8a57ca47cbb8ff877ed78ba520ece21b1de7843a8a57ca47cb0
194952,185985,20,8967,3d391afffed2255a2dd00325c3a96a5a8e023ff80
194996,194909,1,87,000
195012,187354,20,7658,35df32fb3fc433e5d29709c4e2e82e825e24fdd70
195132,188806,20,6326,62375fdf9a90ba627f67c29ae5e1adca765d4eb30
195160,183933,2,11227,00220
195172,189859,20,5313,f7ddb891f45676712049078c26516460777777770
195192,190595,20,4597,5f92a40a6d582ef8856fa27fcd9189682b54f2a70
195252,146232,20,49020,41effb8f5d8fd4e4826d19fd53ae5c469aaf28940
195272,192212,20,3060,a831cc4f8964fccef9ac5435e78e3030806675980
195292,192532,20,2760,2de8c57d428d58a230393734b4894457c3c9f2720
195332,193396,20,1936,ab5dd73d001f8f545ee048916098579124baf0f20
195372,182784,20,12588,161dbc3f770dc97288eed3c864daba618a209a240
195392,194355,20,1037,17a54fa9fb4c4e8711613ae90eb496550e8fa8240
195412,182804,40,12608,b268e06dd9826e7c47c4b6bbc9f16df2d3bdc9ae50ee2a1789f78174bf7fad3a2e9b21dec8ed0eb70
195452,182864,68,12588,01e4a663fffaf1430d3a36588b2c14b72231d8b4[00^48]0
195552,183136,31,12416,[00^28]64fa850
195584,191802,62,3782,[00^31]c0[00^30]0
195647,175321,32,20326,[00^31]320
195680,156072,31,39608,[00^30]340
195712,195647,31,65,[00^31]0
195744,194880,31,864,[00^30]020
195775,139666,32,56109,e0[00^30]060
195808,138040,31,57768,[00^30]090
195839,183455,32,12384,[00^31]0b0
195872,183488,31,12384,[00^30]0d0
195903,146847,32,49056,c0[00^30]0e0
195936,183648,31,12288,[00^30]110
195967,195839,31,128,[00^31]0
196000,195490,31,510,[00^30]1d0
196032,190200,31,5832,[00^30]200
196063,183839,63,12224,a0[00^30]2140[00^30]0
196128,183936,31,12192,[00^30]230
196160,183968,31,12192,[00^30]240
196192,196160,30,32,[00^30]0
196223,195967,31,256,[00^31]0
196256,168224,94,28032,[00^30]2780[00^30]29a0[00^30]0
196351,183199,64,13152,c0[00^30]2de0[00^30]2e0
196416,196384,31,32,[00^30]2e0
196448,168673,31,27775,[00^30]2f0
196479,172703,39,23776,[00^31]0392f9038f8303050
196519,184871,6,11648,8439f153fd830
196525,171789,128,24736,13f7c094a658742d33ebd2ce2f0bdff73515aa797fd161d980b90364252f7b01[00^31]6e[00^12]45f1a95a4d3f3836523f5c83673c797f4d4d263b[00^29]0432380
196653,185169,32,11484,c9b9962ed36f0aca0342963fb9eb007485bae3439b97dc182b9e39339c225b1d0
196685,185169,63,11516,c9b9962ed36f0aca0342963fb9eb007485bae3439b97dc182b9e39339c225b1d[00^31]0
196748,172012,72,24736,c0[00^30]0274[00^12]4d73adb72bc3dd368966edd0f0b2148401a178e2[00^6]c20
196821,148853,256,47968,006e352d8275aae3e0c2404d9f68f6cee084b5beb3dd00b745f1a95a4d3f3836523f5c83673c797f4d4d263b[00^31]01[00^31]0d[00^31]0d[00^87]21327f97f7978f6385[00^20]0
197077,149109,5,47968,[00^5]0
197089,197021,27,68,[00^27]0
197121,195908,27,1213,[00^26]0e0
197153,196990,58,163,[00^58]0
197211,197147,31,64,0e1639e8df08[00^25]0
197249,173473,96,23776,[00^30]01c0[00^30]02[00^32]140
197365,150357,106,47008,[00^56]82e7088080[00^44]020
197471,184863,6,12608,32f9022f83030
197488,196528,23,960,94a658742d33ebd2ce2f0bdff73515aa797fd161d980b90
197513,172777,48,24736,252f7b01[00^31]b8[00^12]0
197581,185781,31,11800,[00^29]030d0
197613,184561,32,13052,7c1a5e1f2b4e07f6dee28a34f96c0f4bbf9cc05c56475d52ceb226cccf8bd43e0
197645,184561,63,13084,7c1a5e1f2b4e07f6dee28a34f96c0f4bbf9cc05c56475d52ceb226cccf8bd43e[00^31]0
197709,197249,31,460,[00^30]010
197741,184909,39,12832,[00^12]38de71124f7a447a01d67945a51edce9ff491251[00^7]0
197781,197547,2,234,00b80
197783,197561,21,222,88f087ad825322d9ec3261712cf09a56e58575fc000
197805,197561,49,244,88f087ad825322d9ec3261712cf09a56e58575fc[00^29]0
197854,190064,34,7790,000040[00^31]0
197889,132977,33,64912,[00^31]14350
197941,193790,73,4151,[00^43]01[00^29]0
198017,184801,69,13216,[00^12]82e7088080[00^44]0232f9022f8303060
198087,197479,6,608,8439eec3f2830
198093,184877,127,13216,048d9c94cb566e3b6934fa77258d68ea18e931fa75e1aaaa80b902046c459a28[00^12]38de71124f7a447a01d67945a51edce9ff491251[00^31]80[00^28]64fada0
198221,185005,100,13216,[00^30]0140[00^31]84704316e5[00^31]6e0
198353,197889,32,464,[00^31]140
198385,198321,63,64,6d1c348304c2565120fc09d19ae877de8f09849e747b5aefc4deae5f50342339[00^31]0
198448,197393,29,1055,[00^28]820
198496,198475,1,21,000
198606,184782,88,13824,1c[00^30]82e7088080[00^44]0232f9022f8303060
198695,198087,234,608,8439eec3f283048d9c94cb566e3b6934fa77258d68ea18e931fa75e1aaaa80b902046c459a28[00^12]38de71124f7a447a01d67945a51edce9ff491251[00^31]80[00^28]64fada41[00^30]0140[00^31]84704316e5[00^31]6e0
198942,198927,1,15,000
198961,198353,32,608,[00^31]140
198993,198929,63,64,757c47308bea91bc2f4752c0dd00f9c563effc2ddac3cccf8ce2c5edcfa75cf8[00^31]0
199056,198609,29,447,[00^28]820
199214,198606,80,608,1c[00^30]82e7088080[00^44]0
199294,179390,8,19904,007102f86e82e7080
199308,199303,4,5,84304d410
199316,160820,22,38496,94e5d7c2a44ffddf6b295a15c148167daaaf5cf34f800
199338,192043,18,7295,b844095ea7b3[00^12]0
199356,174743,20,24613,0cab6977a9c70e04458b740476b498b2140196410
199376,196005,26,3371,[00^25]1d0
199407,191951,47,7456,00c0[00^45]0
199454,186782,5,12672,026ff9026c0
199469,186797,256,12672,94272e156df8da513c69cb41cc7a99185d53f926bb80b90244ac9650d8[00^31]20[00^31]02[00^31]40[00^30]0180[00^30]0104a8c9ed67[00^12]7d43aabc515c356145049227cee54b608342c0ad[00^12]e5d7c2a44ffddf6b295a15c148167daaaf5cf30
199725,187053,96,12672,4f[00^31]28[00^60]64fa8a0
199822,187150,25,12672,[00^24]1c0
199854,196625,26,3229,[00^25]040
199886,187214,122,12672,[00^91]44bac37ef7[00^25]040
200008,199880,18,128,767de6ab684c[00^12]0
200046,194507,81,5539,[00^28]82e7088080[00^48]0
200127,191871,7,8256,5102f84e82e7080
200135,188232,11,11903,842edede3a842edede44830
200176,195649,30,4527,[00^29]320
200209,200082,45,127,[00^45]0
200255,190687,3,9568,7a02f90
200259,190691,4,9568,7682e7080
200264,189960,12,10304,842edc23d4842edc23de83050
200313,176223,60,24090,[00^12]176211869ca2b568f2a7d4ee941e073a821ee1ff[00^28]0
200377,186582,63,13795,[00^30]0120[00^30]040
200441,194408,62,6033,[00^30]05[00^31]0
200505,156282,44,44223,[00^30]05a0[00^12]0
200569,191353,76,9216,[00^31]01[00^31]02[00^12]0
200645,199574,82,1071,[00^19]40[00^30]0180[00^30]0
200727,195729,15,4998,[00^14]170
200742,176236,49,24506,6211869ca2b568f2a7d4ee941e073a821ee1ff[00^30]0
200791,200790,33,1,[00^33]0
200824,190162,32,10662,a0[00^30]010
200857,199946,32,911,[00^31]440
200889,199340,16,1549,095ea7b3[00^12]0
200925,200345,62,580,[00^28]01c02f64[00^30]0
200987,200986,74,1,[00^74]0
201061,200905,48,156,f9c2b5746c946ef883ab2660bbbb1f10a5bdeab4[00^28]0
201109,200789,67,320,[00^35]a0[00^30]010
201176,185648,32,15528,e0[00^30]010
201208,160338,49,40870,04a8c9ed67[00^12]176211869ca2b568f2a7d4ee941e073a821ee1ff[00^12]0
201257,160949,20,40308,eb466342c4d449bc9f53a865d5cb90586f4052150
201277,201113,31,164,[00^31]0
201309,201296,12,13,[00^12]0
201321,200279,20,1042,ce16f69375520ab01377ce7b88f5ba8c48f8d6660
201341,201181,27,160,[00^26]010
201373,200925,60,448,[00^28]01c02f64[00^28]0
201437,193710,123,7727,[00^123]0
201568,201504,56,64,[00^56]0
201633,201569,55,64,[00^55]0
201688,176729,3,24959,2a30780
201699,137839,3,63860,3735350
201731,193909,53,7822,[00^52]050
201785,200633,44,1152,[00^31]40[00^12]0
201829,200549,51,1280,484890cd4078931a46b52740d7b481b3ce562bb3[00^31]0
201881,155770,63,46111,[00^31]60[00^30]010
201945,195744,62,6201,[00^30]02e0[00^30]0
202007,201879,33,128,0003[00^31]0
202040,202039,64,1,[00^64]0
202105,162516,75,39589,[00^31]c0[00^43]0
202180,199509,33,2671,[00^20]20[00^12]0
202213,201257,51,956,eb466342c4d449bc9f53a865d5cb90586f405215[00^31]0
202265,202201,63,64,[00^12]eb466342c4d449bc9f53a865d5cb90586f405215[00^31]0
202328,200792,161,1536,[00^32]a0[00^30]0120[00^31]44095ea7b3[00^12]f9c2b5746c946ef883ab2660bbbb1f10a5bdeab4[00^28]0
202489,202488,63,1,[00^63]0
202553,202201,76,352,[00^12]eb466342c4d449bc9f53a865d5cb90586f405215[00^31]01[00^12]0
202629,202597,32,32,[00^19]01[00^12]0
202661,201061,164,1600,f9c2b5746c946ef883ab2660bbbb1f10a5bdeab4[00^63]a0[00^30]01e0[00^30]0104a8c9ed67[00^12]0
202825,202565,32,260,eb466342c4d449bc9f53a865d5cb90586f405215[00^12]0
202877,201277,44,1600,[00^31]08[00^12]0
202921,201829,46,1092,484890cd4078931a46b52740d7b481b3ce562bb3[00^26]0
202967,201367,5,1600,018a72aa0f0
202973,201373,30,1600,[00^28]01c00
203005,202973,29,32,[00^28]010
203037,202461,155,576,[00^91]40[00^12]eb466342c4d449bc9f53a865d5cb90586f405215[00^31]0
203194,174682,37,28512,[00^36]030
203232,174720,3,28512,02f9030
203236,189284,15,13952,82e70806842edc23d4842edc23de830
203282,174769,3,28513,00b9030
203286,202165,48,1121,[00^35]20[00^12]0
203334,194833,78,8501,[00^77]020
203412,203277,6,135,3cfb4e3560000
203418,196466,13,6952,[00^12]2f0
203450,203367,44,83,[00^44]0
203514,183712,31,19802,[00^30]150
203545,176090,64,27455,40[00^31]01[00^31]0
203609,199789,31,3820,[00^29]64fa0
203642,193866,29,9776,[00^28]650
203674,203606,32,68,[00^32]0
203714,190832,9,12882,[00^8]1b0
203758,203566,12,192,[00^11]010
203770,203738,32,32,ffa0cb9f057d077d85655be8823961c4fd4cb56a[00^11]010
203802,203349,63,453,[00^62]020
203866,203834,31,32,[00^30]020
203898,203348,63,550,[00^63]0
204027,195489,32,8538,[00^31]1d0
204059,203711,3,348,4da48b0
204062,203706,4,356,b48fb1410
204067,203901,60,166,[00^60]0
204127,191999,7,12128,7202f86f82e7080
204134,190695,12,13439,07842edc23d4842edc23de830
204149,138933,40,65216,94009a0b7c38b542208936f1179151cd08e294383380b844830cbbbd[00^12]0
204209,146658,29,57551,[00^28]520
204241,192113,46,12128,c0[00^44]010
204287,188927,8,15360,3302f9012f82e7080
204295,162693,11,41602,08842ed645ff842ed646090
204306,188946,128,15360,827e5494d1a3abf42f9e66be86cfdea8c5c2c74f041c5e1480b901045b7d7482[00^31]40[00^31]a0[00^31]400
204436,201698,3,2738,3337350
204443,159233,3,45210,6264350
204448,189193,3,15255,3330650
204468,188148,3,16320,3333380
204471,176991,3,27480,3338380
204494,189207,3,15287,3935660
204497,188081,33,16416,64[00^31]400
204536,204491,3,45,3461370
204545,188022,3,16523,3065390
204551,175767,3,28784,3763300
204559,204556,3,3,6233390
204572,189224,3,15348,6134320
204579,189187,3,15392,6366390
204586,204533,3,53,6534390
204595,204242,44,353,[00^44]0
204643,204292,3,351,82e7080
204647,161576,12,43071,842ed645ff842ed6460983030
204682,194336,3,10346,80b8c40
204689,193770,94,10919,[00^63]01[00^30]0
204784,147807,32,56977,20[00^30]4d0
204817,204803,12,14,[00^12]0
204848,173810,31,31038,22[00^28]64fa0
204882,199250,52,5632,[00^45]7102f86e82e7080
204935,179399,53,25536,842ed645ff842ed6460982eb8694176211869ca2b568f2a7d4ee941e073a821ee1ff80b844095ea7b3[00^12]0
204988,154388,46,50600,80e38291e06339d10aab483c65695d004dbd5c69[00^26]0
205034,159725,6,45309,000002afe0bb0
205041,204706,46,335,[00^46]0
205091,187876,5,17215,82e7080f840
205096,163081,10,42015,2d6370b3842d6370ba830
205109,204149,21,960,94009a0b7c38b542208936f1179151cd08e29438330
205138,197781,2,7357,00b80
205145,162961,56,42184,[00^12]c7d8489dae3d2ebef075b1db2257e2c231c9d231[00^24]0
205201,205131,8,70,0342e341423780000
205209,175577,38,29632,c0[00^36]010
205247,193343,53,11904,0df9010a01842aea5400829d78940872ec4426103482a50f26ffc32acefcec61b3c980b8e4f242432a[00^12]0
205300,195312,20,9988,88017f83fef4516ca1fcc66b73416dae0a67bd800
205320,192232,256,13088,[00^12]aec3cacef9457ff2821d9f85429ce3d90b001459[00^31]05[00^31]01[00^31]a0[00^64]82e7088080[00^49]010df9010a01842aea540
205576,192488,44,13088,00829d78940872ec4426103482a50f26ffc32acefcec61b3c980b8e4f242432a[00^12]0
205620,195352,20,10268,9c1f78685a4af423f61bd375d92e243cd73ba48c0
205640,193416,256,12224,[00^12]aec3cacef9457ff2821d9f85429ce3d90b001459[00^31]05[00^31]01[00^31]a0[00^64]82e7088080[00^49]01eff901ec80842aea540
205896,193672,224,12224,0083015f90940872ec4426103482a50f26ffc32acefcec61b3c980b901c4d4dfd6bc[00^127]01[00^31]01[00^28]65140
206122,193898,160,12224,[00^63]05[00^62]0140[00^31]410
206321,204987,2,1334,00800
206346,144202,256,62144,1b[00^31]82e7088080[00^47]01eff901ec80842aea540083015f90940872ec4426103482a50f26ffc32acefcec61b3c980b901c4d4dfd6bc[00^127]010
206602,144458,63,62144,[00^31]01[00^28]6514150
206666,206122,160,544,[00^63]05[00^62]0140[00^31]410
206890,165354,256,41536,1c[00^31]82e7088080[00^47]01eff901ec80842aea540083015f90940872ec4426103482a50f26ffc32acefcec61b3c980b901c4d4dfd6bc[00^127]010
207146,165610,62,41536,[00^31]01[00^28]65140
207210,206666,160,544,[00^63]05[00^62]0140[00^31]410
207386,202856,2,4530,00ff0
207434,181514,87,25920,1c[00^31]82e7088080[00^48]2ceb0
207521,181697,10,25824,57842aea5400825208940
207551,181631,76,25920,865af3107a40008082e7088080[00^51]2ceb57842aea5400825208940
207647,207551,76,96,865af3107a40008082e7088080[00^51]2ceb57842aea5400825208940
207743,207647,63,96,865af3107a40008082e7088080[00^50]0
207806,165982,14,41824,01eff901ec80842aea54008301590
207821,177910,219,29911,940872ec4426103482a50f26ffc32acefcec61b3c980b901c4d4dfd6bc[00^127]01[00^31]01[00^28]65220
208042,207210,160,832,[00^63]05[00^62]0140[00^31]410
208233,208200,1,33,000
208266,194122,85,14144,1b[00^31]82e7088080[00^48]0
208351,208137,32,214,[00^31]010
208384,166812,80,41572,e93685f3bba03016f02bd1828badd6195988d950e93685f3bba03016f02bd1828badd6195988d950b8ff877ed78ba520ece21b1de7843a8a57ca47cbb8ff877ed78ba520ece21b1de7843a8a57ca47cb0
208484,200026,20,8458,8ea13c76f3a4d488eda5e08836f6fbb390abc5e60
208524,202921,20,5603,484890cd4078931a46b52740d7b481b3ce562bb30
208604,204829,20,3775,c1dd160a7cf3a078a7a488bc031ff69270c1c6220
208624,167052,20,41572,fc0c2df02b1616b05c22b3044c582c4150cfd3a90
208644,167252,20,41392,8e07475701065b2a7dfdd8ffa03823d83bfbb3610
208664,205300,20,3364,88017f83fef4516ca1fcc66b73416dae0a67bd800
208684,205620,20,3064,9c1f78685a4af423f61bd375d92e243cd73ba48c0
208704,194603,20,14101,84a14c3216397c0a9fa217323b0f497f51144b170
208724,194219,20,14505,444b1f8d96644de791b4ea16944574b324189d7b0
208744,194699,20,14045,bcc9954c589d26eac82491abad2ff82f90474d370
208764,146432,20,62332,c65347b43019f8f453d7b486d259fd6146da334e0
208784,146392,40,62392,f269e8574583c27fe74b69b3f998a64efd8d044840082e6f1c15d2b27b3de80cb7ad04e9ed1219000
208824,194797,20,14027,6fc3150a9fe1f6bd10e7dfbf63a7efd02e8f77880
208844,208330,52,514,[00^52]0
208928,195552,31,13376,[00^28]64fa850
208960,202105,62,6855,[00^31]c0[00^30]0
209022,147294,33,61728,36e0[00^30]370
209055,147359,32,61696,[00^31]390
209088,203290,62,5798,[00^31]20[00^30]0
209151,202877,32,6274,[00^31]080
209184,151922,31,57262,[00^30]0c0
209216,209184,31,32,[00^30]0c0
209247,146847,63,62400,c0[00^30]0e80[00^30]0
209312,209280,30,32,[00^30]0
209343,167999,32,41344,60[00^30]170
209376,155993,31,53383,[00^30]180
209408,183776,31,25632,[00^30]190
209440,147008,31,62432,[00^30]1a0
209471,183807,32,25664,c0[00^30]1c0
209503,183296,32,26207,[00^31]1c0
209536,167713,61,41823,[00^30]1d[00^30]0
209597,209118,2,479,00200
209600,197018,31,12582,[00^30]210
209632,183904,63,25728,[00^30]2260[00^30]230
209696,196192,31,13504,[00^30]250
209728,196224,31,13504,[00^30]260
209760,196256,31,13504,[00^30]270
209792,184032,62,25760,[00^30]2840[00^30]0
209856,201658,31,8198,[00^30]2a0
209887,184159,32,25728,e0[00^30]2c0
209920,196384,62,13536,[00^30]2e40[00^30]0
209983,183007,32,26976,80[00^30]310
210015,168479,32,41536,a0[00^30]330
210048,195680,31,14368,[00^30]340
210080,210048,30,32,[00^30]0
210112,210080,31,32,[00^30]350
210143,167775,32,42368,a0[00^30]040
210189,190710,130,19479,941a7b46c660603ebb5fbe3ae51e80ad21df00bdd1865af3107a4000b90444a71c9b7f[00^31]c0[00^30]03c0[00^31]0
210357,181938,2,28419,00900
210384,190905,31,19479,[00^28]64fa860
210416,209554,13,862,[00^12]1d0
210448,190969,140,19479,[00^30]01a0[00^108]0
210588,210428,46,160,1df30cc90f27e4079b761d23e17bb641d30226ed[00^26]0
210634,191155,130,19479,4f94ae6af8[00^31]0240[00^31]02[00^60]0
210768,202412,13,8356,[00^12]440
210800,191321,108,19479,[00^31]01[00^31]01[00^31]02[00^12]0
210928,208075,31,2853,[00^30]050
210960,191481,172,19479,[00^31]01[00^31]01[00^108]0
211132,210588,46,544,1df30cc90f27e4079b761d23e17bb641d30226ed[00^26]0
211178,191699,38,19479,09184e72a0[00^32]410
211231,211214,1,17,000
211280,207434,78,3846,1c[00^31]82e7088080[00^41]0
211358,174718,12,36640,035a02f9035682e7080384300
211373,211368,4,5,84304bd40
211382,174742,207,36640,940cab6977a9c70e04458b740476b498b21401964186d017a6b98000b90324744773f1[00^30]01[00^64]1c142a0a9dc1048d952989b1ac09ebf92d5a10fc522377cbfa9322fb4aa3a94e3e5c39d51d2064bf0ab68698091d1216a9c1b80936fc16ad69b29030d269f04b61[00^12]0
211609,174969,256,36640,[00^31]01[00^30]03[00^13]01e4a663fffaf1430d3a36588b2c14b72231d8b4[00^56]64fa842764fa926f[00^31]6c[00^12]eeeeeeeeeeeeeeeeeeeeeeeeeeeeeeeeeeeeeeee[00^25]27d486e98180000
211865,175225,256,36640,[00^30]0140[00^12]0872ec4426103482a50f26ffc32acefcec61b3c9[00^31]05[00^31]32[00^31]01[00^31]20[00^12]7538262ae993ca117a0e481f908209137a46268e[00^26]d017a6b980000
212121,175481,133,36640,[00^31]60[00^64]c0[00^36]0
212254,204126,8,8128,007202f86f82e7080
212262,199302,3,12960,0184300
212268,212263,5,5,8430491b530
212277,161428,40,50849,947d43aabc515c356145049227cee54b608342c0ad80b844095ea7b3[00^12]0
212338,212337,31,1,ffffffffffffffffffffffffffffffffffffffffffffffffffffffffffffff0
212369,204241,46,8128,c0[00^44]010
212416,204288,3,8128,02f9010
212420,211364,6,1056,82e7080384300
212426,199462,3,12964,46f89f0
212429,199460,6,12969,843046f89f830
212468,186383,3,26085,b901640
212475,200230,25,12245,[00^24]0b0
212507,179592,13,32915,[00^12]9e0
212525,186574,2,25951,00a60
212539,211801,44,738,[00^12]eeeeeeeeeeeeeeeeeeeeeeeeeeeeeeeeeeeeeeee[00^12]0
212583,199706,44,12877,e5d7c2a44ffddf6b295a15c148167daaaf5cf34f[00^24]0
212635,212603,56,32,[00^24]09530f5edbee92ca[00^24]0
212691,150539,20,62152,[00^7]6f[00^12]0
212711,212551,32,160,eeeeeeeeeeeeeeeeeeeeeeeeeeeeeeeeeeeeeeee[00^12]0
212744,195788,19,16956,[00^18]060
212763,212635,25,128,[00^24]090
212795,212185,67,610,[00^32]c0[00^34]0
212863,189951,3,22912,b402f90
212867,189955,4,22912,b082e7080
212871,160135,3,52736,1b842e0
212874,204137,10,8737,dc23d4842edc23de83080
212886,189302,23,23584,94f82537fb6c56a3b50092d3951f84f5f6c835b4f580b90
212910,189998,35,22912,845ae401dc[00^28]64fa0
212947,204338,63,8609,[00^31]40[00^31]0
213010,201880,64,11130,03[00^31]60[00^30]010
213075,210865,31,2210,[00^30]020
213107,189491,32,23616,[00^31]e40
213143,213082,24,61,[00^23]020
213175,213113,25,62,[00^25]0
213207,190231,87,22976,[00^31]80[00^31]02[00^23]0
213294,213262,21,32,[00^8]02[00^12]0
213315,199674,83,13641,7d43aabc515c356145049227cee54b608342c0ad[00^12]e5d7c2a44ffddf6b295a15c148167daaaf5cf34f[00^31]0
213398,189494,45,23904,[00^28]e404e45aaf[00^12]0
213443,213315,83,128,7d43aabc515c356145049227cee54b608342c0ad[00^12]e5d7c2a44ffddf6b295a15c148167daaaf5cf34f[00^31]0
213527,213239,56,288,[00^31]02[00^24]0
213591,203519,26,10072,[00^25]150
213623,189719,121,23904,[00^91]4449404b7c[00^25]0
213744,185281,3,28463,69c45f0
213751,213732,12,19,[00^12]0
213783,174647,72,39136,[00^28]c0[00^42]030
213855,173695,8,40160,d402f903d082e7080
213863,188231,3,25632,03842e0
213866,203242,10,10624,dc23d4842edc23de83030
213878,173718,86,40160,9480e38291e06339d10aab483c65695d004dbd5c6980b903a42cc4081e[00^31]60[00^25]0
213971,188346,31,25625,[00^28]64fab40
214003,177331,151,36672,[00^31]01[00^31]20[00^31]60[00^12]7d43aabc515c356145049227cee54b608342c0ad[00^23]0
214154,209341,2,4813,00160
214163,174003,256,40160,[00^31]02[00^31]40[00^30]0160[00^12]4cbab02a5448605e95181489b6ec0404e721eb85[00^31]80[00^62]01[00^32]600
214419,174259,256,40160,[00^12]7d43aabc515c356145049227cee54b608342c0ad[00^12]5ec5b1e9b1bd5198343abb6e55fb695d2f7bb308[00^76]5ec5b1e9b1bd5198343abb6e55fb695d2f7bb308[00^31]80[00^62]01000
214675,174515,76,40160,[00^31]60[00^12]176211869ca2b568f2a7d4ee941e073a821ee1ff[00^12]0
214771,174611,107,40160,[00^31]01[00^32]c0[00^42]0
214878,204286,9,10592,013302f9012f82e7080
214887,187653,3,27234,02842e0
214890,161417,9,53473,da3283842eda328d820
214899,204307,127,10592,7e5494d1a3abf42f9e66be86cfdea8c5c2c74f041c5e1480b901045b7d7482[00^31]40[00^31]a0[00^31]400
215026,201706,3,13320,3031330
215031,159266,3,55765,3232310
215035,175860,3,39175,3761320
215039,175872,3,39167,6266340
215045,201716,3,13329,3866350
215051,177019,3,38032,3437310
215054,175790,3,39264,3866340
215075,188076,3,26999,3564370
215081,215069,3,12,6535300
215090,214994,32,96,[00^31]400
215127,179337,3,35790,6132370
215135,179288,4,35847,363666660
215139,189195,3,25944,6566610
215147,215054,3,93,3866340
215154,179326,3,35828,3931620
215167,204590,3,10577,3134300
215172,175772,3,39400,3130310
215175,204573,3,10602,3432610
215180,204469,3,10711,3338330
215187,200083,51,15104,[00^44]5102f84e82e7080
215239,214888,10,351,842eda3283842eda328d0
215249,191889,109,23360,83010a3b949dba31e492b7e98b8195e254ee13b6b027e4a59d80a4a7f68792766f7465[00^28]c0[00^45]0
215358,161086,9,54272,011a02f9011682e7080
215367,204646,12,10721,11842ed645ff842ed64609830
215383,161468,20,53915,3228d205a96409a07a44d39916b6ea7b765d61f40
215409,205137,3,10272,8000b80
215417,215335,24,82,[00^23]010
215449,214579,44,870,[00^31]80[00^12]0
215493,167152,20,48341,f989d774bca0fe1263f023a3374762a42662cce50
215513,199790,31,15723,[00^28]64fa8a0
215545,214163,44,1382,[00^31]02[00^12]0
215589,213475,32,2114,e5d7c2a44ffddf6b295a15c148167daaaf5cf34f[00^12]0
215621,214431,20,1190,7d43aabc515c356145049227cee54b608342c0ad0
215641,205209,38,10432,c0[00^36]010
215679,215359,8,320,1a02f9011682e7080
215688,215368,11,320,842ed645ff842ed64609830
215702,161110,22,54592,948731d54e9d02c286767d56ac03e8037c07e01e98870
215731,163124,37,52607,b8e41114cd2a[00^31]0
215769,213188,13,2581,[00^12]540
215801,214962,57,839,[00^31]a0[00^25]0
215863,209987,28,5876,[00^27]310
215896,197312,33,18584,[00^32]140
215929,215781,32,148,54e1d001d0835a8508caa1822ff7b6bc667558d2[00^12]0
215961,215641,46,320,c0[00^36]011a02f9011682e7080
216008,215688,12,320,842ed645ff842ed6460983070
216020,161108,24,54912,8bb2948731d54e9d02c286767d56ac03e8037c07e01e98870
216049,161137,52,54912,161eb8e41114cd2a[00^31]b8[00^12]0
216121,215801,57,320,[00^31]a0[00^25]0
216183,209251,28,6932,[00^27]0e0
216216,215896,33,320,[00^32]140
216249,216101,32,148,4d495f3715f699bc564f19b1bdd8a3c3402ead07[00^12]0
216282,215321,37,961,[00^37]0
216322,200259,4,16063,7682e7080
216326,216007,12,319,01842ed645ff842ed64609830
216341,205109,21,11232,94009a0b7c38b542208936f1179151cd08e29438330
216368,216086,3,282,0000b80
216371,205140,61,11231,44f2b9fdb8[00^12]c7d8489dae3d2ebef075b1db2257e2c231c9d231[00^24]0
216432,201559,2,14873,00070
216434,216364,6,70,1afd498d00000
216441,187417,44,29024,[00^38]3002ee82e7080
216486,162694,88,53792,842ed645ff842ed6460983010b3694cce9d3f392c135dc038b147ca73ec496f7f89d938084183ff085c0[00^46]0
216574,212862,9,3712,03b402f903b082e7080
216583,175623,3,40960,50842e0
216586,216488,9,98,d645ff842ed64609830
216598,178454,21,38144,94438670d41d5118003b2f42cc0466fbadd760dbf40
216619,212907,4,3712,80b903840
216623,199494,67,17129,ac9650d8[00^31]20[00^31]0
216690,182975,63,33715,04[00^31]80[00^30]0
216753,201943,33,14810,0160[00^30]020
216787,213075,63,3712,[00^30]02a0[00^31]0
216855,216820,30,35,[00^30]0
216887,216861,24,26,[00^24]0
216919,216860,25,59,[00^25]0
216951,216550,25,401,[00^24]030
216983,199790,56,17193,[00^28]64fa8a85[00^24]0
217039,217038,35,1,[00^35]0
217079,216855,56,224,[00^30]6158[00^24]0
217135,217134,68,1,[00^68]0
217203,217011,63,192,64fa8a85[00^59]0
217266,199977,30,17289,44bac37ef7[00^25]0
217303,214707,13,2596,[00^12]170
217316,182625,19,34691,58a62d4e7d7cfede365efdfc8e03f5b3bd8df60
217335,217144,60,191,[00^59]640
217399,161811,56,55588,[00^12]f5c6825015280cdfd0b56903f9f8b5a2233476f5[00^24]0
217463,217303,60,160,[00^12]1758a62d4e7d7cfede365efdfc8e03f5b3bd8df6[00^28]0
217524,204884,50,12640,[00^43]7102f86e82e7080
217574,162597,12,54977,1a842ed645ff842ed64609820
217588,204948,40,12640,94176211869ca2b568f2a7d4ee941e073a821ee1ff80b844095ea7b3[00^12]0
217628,199470,20,18158,272e156df8da513c69cb41cc7a99185d53f926bb0
217648,211104,29,6544,[00^28]1d0
217681,217348,46,333,[00^46]0
217731,217571,3,160,82e7080
217735,216486,12,1249,842ed645ff842ed6460983010
217776,217726,2,50,00b80
217782,203096,45,14686,[00^32]40[00^12]0
217827,214783,51,3044,[00^19]01[00^31]0
217888,217500,62,388,[00^23]c0[00^38]0
217950,214878,9,3072,013302f9012f82e7080
217959,175975,3,41984,09842e0
217962,204298,136,13664,d645ff842ed64609827e5494d1a3abf42f9e66be86cfdea8c5c2c74f041c5e1480b901045b7d7482[00^31]40[00^31]a0[00^31]400
218121,159279,3,58842,3961640
218124,159277,4,58847,613839610
218132,177003,3,41129,6433300
218137,218099,3,38,6237650
218152,215049,3,3103,6139340
218162,204498,33,13664,[00^31]40650
218200,188117,3,30083,6266360
218204,188143,3,30061,3739340
218208,215070,4,3138,353030660
218212,204583,3,13629,3330340
218216,179302,3,38914,3738360
218219,215034,3,3185,6537610
218223,201700,3,16523,3535320
218229,204450,3,13779,6532360
218233,188156,3,30077,6464320
218238,188159,3,30079,6663640
218249,179295,3,38954,6633380
218258,175922,45,42336,c0[00^43]010
218303,217951,8,352,3302f9012f82e7080
218312,217960,138,352,842ed645ff842ed64609827e5494d1a3abf42f9e66be86cfdea8c5c2c74f041c5e1480b901045b7d7482[00^31]40[00^31]a0[00^31]400
218451,201704,3,16747,6162300
218460,188172,3,30288,3062320
218464,215050,3,3414,3934370
218467,159360,3,59107,3464660
218470,218208,3,262,3530300
218473,189213,3,29260,3834660
218479,215045,3,3434,3866350
218489,215159,3,3330,3730370
218502,204477,3,14025,6261630
218511,204439,3,14072,3261370
218514,204402,33,14112,[00^31]40630
218547,179292,3,39255,6338360
218550,179313,3,39237,3963320
218554,204480,3,14074,6331300
218565,218209,3,356,3030660
218579,177129,3,41450,3039660
218591,215059,3,3532,6134360
218598,188043,3,30555,3236380
218601,188170,3,30431,3133300
218610,218258,45,352,c0[00^43]010
218656,218304,3,352,02f9010
218660,218308,3,352,82e7080
218664,204647,12,14017,842ed645ff842ed6460983030
218678,199469,23,19209,94272e156df8da513c69cb41cc7a99185d53f926bb80b90
218701,160337,114,58364,0104a8c9ed67[00^12]176211869ca2b568f2a7d4ee941e073a821ee1ff[00^12]e5d7c2a44ffddf6b295a15c148167daaaf5cf34f[00^31]28[00^12]0
218815,167092,20,51723,0b652eff5070c4c2251a3309ef0f90cee17161f20
218835,217175,31,1660,[00^28]64fa8a0
218867,195970,29,22897,[00^28]110
218899,160847,26,58052,[00^24]027e0
218931,214803,84,4128,[00^32]c0[00^42]013302f9012f82e7080
219015,213863,3,5152,03842e0
219021,219016,4,5,842ed4330
219026,218322,128,704,827e5494d1a3abf42f9e66be86cfdea8c5c2c74f041c5e1480b901045b7d7482[00^31]40[00^31]a0[00^31]400
219154,215134,3,4020,3936360
219157,204567,3,14590,6230360
219168,204555,3,14613,3762330
219174,189189,3,29985,3965370
219178,176993,4,42185,383161620
219182,159251,3,59931,3539350
219188,188078,3,31110,3734300
219198,189221,3,29977,3534390
219208,159254,3,59954,6435630
219212,218230,3,982,3236640
219218,175826,33,43392,[00^31]40620
219251,175884,3,43367,6338330
219261,188040,3,31221,3363630
219264,161987,3,57277,3432330
219276,219159,3,117,3665640
219280,189188,3,30092,6639650
219289,188071,3,31218,6233380
219296,177030,3,42266,3462390
219301,218154,3,1147,3432610
219308,189225,3,30083,3432630
219311,176732,3,42579,3539360
219315,187411,50,31904,[00^44]3002ee82e7080
219366,205095,11,14271,842d6370b3842d6370ba830
219377,216497,77,2880,010b3694cce9d3f392c135dc038b147ca73ec496f7f89d938084183ff085c0[00^46]0
219454,219006,9,448,013302f9012f82e7080
219464,219366,10,98,842d6370b3842d6370ba0
219474,219026,128,448,827e5494d1a3abf42f9e66be86cfdea8c5c2c74f041c5e1480b901045b7d7482[00^31]40[00^31]a0[00^31]400
219603,204586,3,15017,6534390
219606,175764,3,43842,3136350
219611,188024,4,31587,393537320
219615,177125,3,42490,6462310
219622,218583,3,1039,3365340
219627,215165,3,4462,6135310
219636,218121,3,1515,3961640
219640,177102,3,42538,6365380
219646,159269,3,60377,6439370
219654,219261,3,393,3363630
219659,177037,3,42622,6434310
219663,179301,3,40362,3237380
219666,215090,33,4576,[00^31]40330
219699,175870,6,43829,6433626634610
219706,218214,3,1492,3463370
219712,218239,4,1473,636465390
219716,188174,3,31542,3261320
219724,204557,3,15167,3339620
219728,177036,4,42692,626434310
219735,188058,3,31677,6436620
219742,204487,3,15255,3238610
219748,219635,3,113,6239610
219762,218610,45,1152,c0[00^43]010
219807,205567,53,14240,0df9010a01842aea5400829d78940872ec4426103482a50f26ffc32acefcec61b3c980b8e4f242432a[00^12]0
219860,208704,20,11156,84a14c3216397c0a9fa217323b0f497f51144b170
219880,205320,256,14560,[00^12]aec3cacef9457ff2821d9f85429ce3d90b001459[00^31]05[00^31]01[00^31]a0[00^64]82e7088080[00^49]010df9010a01842aea540
220136,205576,44,14560,00829d78940872ec4426103482a50f26ffc32acefcec61b3c980b8e4f242432a[00^12]0
220180,208744,20,11436,bcc9954c589d26eac82491abad2ff82f90474d370
220200,205640,256,14560,[00^12]aec3cacef9457ff2821d9f85429ce3d90b001459[00^31]05[00^31]01[00^31]a0[00^64]82e7088080[00^49]01eff901ec80842aea540
220456,205896,225,14560,0083015f90940872ec4426103482a50f26ffc32acefcec61b3c980b901c4d4dfd6bc[00^127]01[00^31]01[00^28]6514160
220682,208042,160,12640,[00^63]05[00^62]0140[00^31]410
220906,206346,85,14560,1b[00^31]82e7088080[00^47]010
220991,220127,53,864,0df9010a01842aea5400829d78940872ec4426103482a50f26ffc32acefcec61b3c980b8e4f242432a[00^12]0
221044,208724,20,12320,444b1f8d96644de791b4ea16944574b324189d7b0
221064,193416,256,27648,[00^12]aec3cacef9457ff2821d9f85429ce3d90b001459[00^31]05[00^31]01[00^31]a0[00^64]82e7088080[00^49]01eff901ec80842aea540
221320,193672,225,27648,0083015f90940872ec4426103482a50f26ffc32acefcec61b3c980b901c4d4dfd6bc[00^127]01[00^31]01[00^28]6514140
221546,220682,160,864,[00^63]05[00^62]0140[00^31]410
221750,204782,2,16968,004e0
221770,206890,256,14880,1c[00^31]82e7088080[00^47]01eff901ec80842aea540083015f90940872ec4426103482a50f26ffc32acefcec61b3c980b901c4d4dfd6bc[00^127]010
222026,207146,63,14880,[00^31]01[00^28]6514170
222090,221546,160,544,[00^63]05[00^62]0140[00^31]410
222314,208266,85,14048,1b[00^31]82e7088080[00^48]0
222399,194303,52,28096,ecf8ea01842aea5400829b28940872ec4426103482a50f26ffc32acefcec61b3c980b8c4f242432a[00^12]0
222451,208824,32,13627,6fc3150a9fe1f6bd10e7dfbf63a7efd02e8f7788[00^12]0
222483,194387,206,28096,01e4a663fffaf1430d3a36588b2c14b72231d8b4[00^31]05[00^31]01[00^31]a0[00^32]82e7088080[00^51]2ceb0
222689,207713,10,14976,57842aea5400825208940
222719,194719,68,28000,865af3107a40008082e7088080[00^51]2eed82020
222788,222690,9,98,842aea5400825208940
222817,194817,62,28000,8654953ff6d0008082e7088080[00^49]0
222882,222788,9,94,842aea5400825208940
222893,209629,2,13264,00210
222911,166655,96,56256,865af3107a40008082e7088080[00^82]020
223028,211589,20,11439,e6e60d80c60eea654f8f605beffb51b4ce208dd80
223068,212519,20,10549,9e586e1ac1bb00a67fc25e1dbd35a2f5b8eb2eab0
223088,213763,20,9325,9344dc76389a6f8aa2cdbf0ff21240282d3bc1e90
223108,214751,20,8357,b5857d19298f419f371163a20d188a185f641e940
223168,215493,20,7675,f989d774bca0fe1263f023a3374762a42662cce50
223188,215929,20,7259,54e1d001d0835a8508caa1822ff7b6bc667558d20
223208,216249,20,6959,4d495f3715f699bc564f19b1bdd8a3c3402ead070
223268,217475,20,5793,1758a62d4e7d7cfede365efdfc8e03f5b3bd8df60
223288,167072,20,56216,166ffd2964669e61909398e9718123fdcf99c3c20
223368,218815,20,4553,0b652eff5070c4c2251a3309ef0f90cee17161f20
223399,213425,2,9974,00e40
223448,219860,20,3588,84a14c3216397c0a9fa217323b0f497f51144b170
223468,220180,20,3288,bcc9954c589d26eac82491abad2ff82f90474d370
223488,207531,20,15957,c44961f9dcce6a6ac1a7eeab8a6a84188792e9ee0
223508,221044,20,2464,444b1f8d96644de791b4ea16944574b324189d7b0
223528,207723,20,15805,741a8cacb0aea51ddea419f2743cb8634970c1830
223548,207627,20,15921,553f303d9a1bf355f4f4c2ba3fdb3bccd86607450
223568,222451,20,1117,6fc3150a9fe1f6bd10e7dfbf63a7efd02e8f77880
223588,167452,20,56136,9dbad420963e53775a51ea9aad4afa3af6e5d7530
223608,222483,20,1125,01e4a663fffaf1430d3a36588b2c14b72231d8b40
223628,167432,20,56196,f6f8b5bc021ff67a9932346447dd7e78aa6742240
223648,222974,32,674,[00^32]0
223712,210384,31,13328,[00^28]64fa860
223744,218932,62,4812,[00^31]c0[00^30]0
223807,223775,32,32,c0[00^30]420
223840,223808,30,32,[00^30]0
223872,167712,126,56160,[00^31]1d[00^30]03a0[00^30]04[00^31]0
224000,200224,31,23776,[00^30]0b0
224032,196930,31,27102,[00^30]0d0
224064,208866,31,15198,[00^30]100
224096,224064,31,32,[00^30]100
224128,195968,31,28160,[00^30]110
224159,183871,32,40288,40[00^30]210
224192,196160,31,28032,[00^30]240
224224,209792,62,14432,[00^30]2840[00^30]0
224287,222848,32,1439,[00^31]2c0
224320,196352,31,27968,[00^30]2d0
224352,222753,31,1599,[00^30]2e0
224384,209952,31,14432,[00^30]2f0
224416,224384,31,32,[00^30]2f0
224448,209984,31,14464,[00^30]310
224480,210016,31,14464,[00^30]330
224511,195679,32,28832,20[00^30]340
224544,208992,31,15552,[00^30]360
224576,209024,31,15552,[00^30]370
224608,209056,31,15552,[00^30]390
224640,224608,30,32,[00^30]0
224672,167680,31,56992,[00^30]3c0
224704,224672,30,32,[00^30]0
224736,224704,30,32,[00^30]0
224767,224287,31,480,[00^31]0
224800,224768,31,32,[00^30]3f0
224832,168543,32,56289,[00^31]360
224866,186340,4,38526,82e708820
224908,215403,7,9505,87354a6ba7a1800
224918,172694,48,52224,[00^40]0392f9038f8303050
224966,184262,3,40704,4b84390
224972,196524,129,28448,8313f7c094a658742d33ebd2ce2f0bdff73515aa797fd161d980b90364252f7b01[00^31]6e[00^12]45f1a95a4d3f3836523f5c83673c797f4d4d263b[00^29]0432380
225101,198385,32,26716,6d1c348304c2565120fc09d19ae877de8f09849e747b5aefc4deae5f503423390
225133,198385,63,26748,6d1c348304c2565120fc09d19ae877de8f09849e747b5aefc4deae5f50342339[00^31]0
225196,196748,72,28448,c0[00^30]0274[00^12]4d73adb72bc3dd368966edd0f0b2148401a178e2[00^6]c20
225269,196821,256,28448,006e352d8275aae3e0c2404d9f68f6cee084b5beb3dd00b745f1a95a4d3f3836523f5c83673c797f4d4d263b[00^31]01[00^31]0d[00^31]0d[00^87]21327f97f7978f6385[00^20]0
225525,197077,5,28448,[00^5]0
225537,197089,28,28448,[00^27]660
225568,197120,28,28448,8a[00^26]0e0
225601,197153,59,28448,[00^58]0e0
225660,225596,30,64,09e6cea2ff[00^25]0
225697,197249,96,28448,[00^30]01c0[00^30]02[00^32]140
225805,225791,1,14,000
225813,172629,113,53184,[00^56]82e7088080[00^44]0392f9038f8303050
225926,184870,3,41056,4c84390
225929,224969,132,960,f62eb08313f7c094a658742d33ebd2ce2f0bdff73515aa797fd161d980b90364252f7b01[00^31]6e[00^12]45f1a95a4d3f3836523f5c83673c797f4d4d263b[00^29]0432380
226061,198993,32,27068,757c47308bea91bc2f4752c0dd00f9c563effc2ddac3cccf8ce2c5edcfa75cf80
226093,198993,63,27100,757c47308bea91bc2f4752c0dd00f9c563effc2ddac3cccf8ce2c5edcfa75cf8[00^31]0
226156,225196,72,960,c0[00^30]0274[00^12]4d73adb72bc3dd368966edd0f0b2148401a178e2[00^6]c20
226229,225269,256,960,006e352d8275aae3e0c2404d9f68f6cee084b5beb3dd00b745f1a95a4d3f3836523f5c83673c797f4d4d263b[00^31]01[00^31]0d[00^31]0d[00^87]21327f97f7978f6385[00^20]0
226485,225525,4,960,[00^4]0
226497,209316,27,17181,[00^26]160
226528,225892,27,636,[00^26]030
226561,173377,58,53184,[00^57]030
226619,226555,30,64,1b3f60f9e8e2[00^24]0
226657,225697,96,960,[00^30]01c0[00^30]02[00^32]140
226773,197365,112,29408,[00^56]82e7088080[00^44]0232f9022f83030
226887,225927,6,960,8439f62eb0830
226893,198701,127,28192,048d9c94cb566e3b6934fa77258d68ea18e931fa75e1aaaa80b902046c459a28[00^12]38de71124f7a447a01d67945a51edce9ff491251[00^31]80[00^28]64fada0
227021,198829,100,28192,[00^30]0140[00^31]84704316e5[00^31]6e0
227153,226721,32,432,[00^31]140
227185,227121,63,64,f436b249995ea488ecebd71c3a775813d853c2546c13eb383ae0e9dcbaf7f869[00^31]0
227248,226801,29,447,[00^28]820
227406,171086,88,56320,1b[00^30]82e7088080[00^44]0232f9022f8303060
227500,226892,128,608,83048d9c94cb566e3b6934fa77258d68ea18e931fa75e1aaaa80b902046c459a28[00^12]38de71124f7a447a01d67945a51edce9ff491251[00^31]80[00^28]64fada0
227629,227021,100,608,[00^30]0140[00^31]84704316e5[00^31]6e0
227761,227153,32,608,[00^31]140
227793,227729,63,64,10889cb514fe02e79cef127e94558ba99fce9d952d1b96d8e3efe7414bb12ef7[00^31]0
227856,227409,29,447,[00^28]820
228003,227883,1,120,000
228014,227406,80,608,1b[00^30]82e7088080[00^44]0
228094,228093,1,1,000
228099,185476,6,42623,8435a4e900830
228129,217609,19,10520,80b844095ea7b3[00^12]0
228168,212337,32,15831,ffffffffffffffffffffffffffffffffffffffffffffffffffffffffffffffff0
228200,222919,55,5281,82e7088080[00^50]0
228255,224863,6,3392,3602f482e7080
228267,228262,5,5,843521aacd0
228275,186199,21,42076,94cf68a2721394dcf5dcf66f6265c1819720f245280
228303,227691,2,612,00840
228310,208856,41,19454,[00^40]100
228351,163071,3,65280,1b02f90
228355,163075,4,65280,1782e7080
228410,212121,63,16289,[00^31]60[00^31]0
228474,221160,96,7314,[00^31]a0[00^64]0
228570,167936,31,60634,[00^30]0f0
228606,219506,62,9100,[00^31]40[00^30]0
228669,224605,2,4064,00370
228702,213043,44,15659,[00^30]0180[00^12]0
228766,228734,12,32,[00^12]0
228798,228524,76,274,[00^76]0
228894,228862,44,32,[00^12]e28033a9bd54202d5f2487dd2c8518f48f4f07c2[00^12]0
228938,209681,14,19257,[00^13]230
228956,222184,33,6772,[00^32]010
228990,221930,95,7060,[00^95]0
229102,229057,28,45,[00^28]0
229150,229118,12,32,[00^12]0
229182,229022,63,160,[00^63]0
229246,209216,31,20030,[00^30]0c0
229282,216627,62,12655,[00^31]20[00^30]0
229345,229313,32,32,20[00^30]010
229377,213042,45,16335,60[00^30]0180[00^12]0
229422,218751,32,10671,e5d7c2a44ffddf6b295a15c148167daaaf5cf34f[00^12]0
229474,228926,62,548,[00^25]2386f26fc1[00^32]0
229536,226303,14,3233,0001[00^12]0
229570,202745,62,26825,[00^30]01e0[00^30]0
229632,226057,2,3575,00040
229638,228994,91,644,[00^91]0
229730,229685,44,45,[00^44]0
229774,218751,50,11023,e5d7c2a44ffddf6b295a15c148167daaaf5cf34f[00^30]0
229830,229282,58,548,[00^31]20[00^26]0
229893,209668,27,20225,[00^26]230
229920,229500,18,420,86f26fc1[00^14]0
229938,229774,32,164,e5d7c2a44ffddf6b295a15c148167daaaf5cf34f[00^12]0
229970,228906,32,1064,e28033a9bd54202d5f2487dd2c8518f48f4f07c2[00^12]0
230022,229990,12,32,[00^12]0
230054,228894,57,1160,[00^12]e28033a9bd54202d5f2487dd2c8518f48f4f07c2[00^25]0
230111,230110,5,1,[00^5]0
230118,229699,44,419,[00^30]02[00^13]0
230162,229454,45,708,cb28fbe3e9c0fea62e0e63ff3f232cecfe555ad4[00^25]0
230207,203891,19,26316,[00^5]0260[00^12]0
230226,230002,32,224,b8f275fbf7a959f4bce59999a2ef122a099e81a8[00^12]0
230258,201765,51,28493,[00^18]0580[00^31]0
230310,230054,32,256,[00^12]e28033a9bd54202d5f2487dd2c8518f48f4f07c20
230347,229671,71,676,[00^58]02[00^12]0
230438,230406,12,32,[00^12]0
230470,230375,31,95,[00^30]020
230506,229474,63,1032,[00^25]2386f26fc1[00^33]0
230569,226688,63,3881,c0[00^30]02[00^31]0
230632,203864,33,26768,0240[00^30]020
230666,230652,12,14,[00^12]0
230698,214003,95,16695,[00^31]01[00^31]20[00^31]0
230793,204684,36,26109,c48f6bdeaa[00^31]0
230830,230698,57,132,[00^31]01[00^25]0
230893,223654,27,7239,[00^26]220
230926,230666,60,260,[00^12]b79a4f5828eb55c10d7abf4bfe9a9f5d11aa84e0[00^28]0
230986,218863,3,12123,64fa8a0
230990,221966,72,9024,[00^59]01[00^12]0
231082,230374,126,708,[00^31]02[00^12]6ca6fcbd2fe65f0cb7671f5f0638867fdc991462[00^12]e3db9ad5a3c6387bece39fafc26dbb2b594fb7ff[00^30]0
231208,230728,33,480,0001[00^31]0
231242,186038,59,45204,[00^58]040
231306,230730,57,576,[00^31]20[00^25]0
231368,230892,28,476,80[00^26]220
231402,230926,44,476,[00^12]b79a4f5828eb55c10d7abf4bfe9a9f5d11aa84e0[00^12]0
231466,231146,62,320,[00^12]e3db9ad5a3c6387bece39fafc26dbb2b594fb7ff[00^30]0
231530,230762,32,768,[00^31]c40
231562,230054,44,1508,[00^12]e28033a9bd54202d5f2487dd2c8518f48f4f07c2[00^12]0
231626,231594,12,32,[00^12]0
231658,230054,62,1604,[00^12]e28033a9bd54202d5f2487dd2c8518f48f4f07c2[00^30]0
231722,230342,62,1380,7275626963[00^57]0
231790,191417,13,40373,[00^12]a90
231822,231790,12,32,[00^12]0
231854,212699,44,19155,[00^12]eeeeeeeeeeeeeeeeeeeeeeeeeeeeeeeeeeeeeeee[00^12]0
231898,231802,32,96,a9305c3c14757bae2e73ef7f66fe241f5f6bf347[00^12]0
231930,231670,45,260,e28033a9bd54202d5f2487dd2c8518f48f4f07c2[00^25]0
231982,231950,26,32,[00^25]200
232014,216659,62,15355,[00^31]04[00^30]0
232077,189458,64,42619,40[00^30]0160[00^31]0
232141,232140,32,1,[00^32]0
232174,211777,26,20397,[00^23]6c00000
232201,209468,3,22733,00001a0
232204,232006,2,198,00200
232210,231834,20,376,5aea5775959fbc2557cc8789bc1bf90a239d9a910
232232,231834,21,398,5aea5775959fbc2557cc8789bc1bf90a239d9a91000
232258,230537,33,1721,[00^32]c00
232292,231446,32,846,6e2b76966cbd9cf4cc2fa0d76d24d5241e0abc2f[00^12]0
232324,232323,10,1,[00^10]0
232338,221898,127,10440,[00^127]0
232465,218954,45,13511,[00^9]c0[00^35]0
232510,177182,9,55328,029402f9029082e7080
232520,212424,11,20096,843046f89f843046f89f830
232535,212317,20,20218,032b241de86a8660f1ae0691a4760b426ea246d70
232555,177227,4,55328,80b902640
232559,199494,131,33065,ac9650d8[00^31]20[00^31]02[00^31]40[00^30]010
232690,190162,33,42528,a0[00^30]01240
232727,232563,63,164,[00^31]20[00^31]0
232791,232414,60,377,[00^60]0
232855,195782,25,37073,[00^24]060
232887,230958,30,1929,[00^28]64fa0
232919,232820,31,99,[00^31]0
232951,218719,21,14232,176211869ca2b568f2a7d4ee941e073a821ee1ff000
232974,190437,100,42537,e5d7c2a44ffddf6b295a15c148167daaaf5cf34f[00^80]0
233074,213714,30,19360,4449404b7c[00^25]0
233104,232832,20,272,[00^19]2d0
233143,213783,72,19360,[00^28]c0[00^42]030
233219,232519,6,700,04843046f89f0
233229,188246,22,44983,9480e38291e06339d10aab483c65695d004dbd5c69870
233256,210906,3,22350,0000b90
233259,213901,63,19358,03a42cc4081e[00^31]60[00^25]0
233322,232718,4,604,000000010
233329,213971,31,19358,[00^28]64fab40
233361,188378,153,44983,[00^31]01[00^31]20[00^31]60[00^57]0
233514,233251,7,263,470de4df8200000
233521,214163,108,19358,[00^31]02[00^31]40[00^30]0160[00^12]0
233629,188614,192,45015,7f72e0d8e9abf9133a92322b8b50bd8e0f9dcfcb[00^31]80[00^62]01[00^32]60[00^12]e5d7c2a44ffddf6b295a15c148167daaaf5cf34f[00^12]0
233821,214271,51,19550,4cbab02a5448605e95181489b6ec0404e721eb85[00^31]0
233872,233871,45,1,[00^45]0
233917,214271,192,19646,4cbab02a5448605e95181489b6ec0404e721eb85[00^31]80[00^62]01[00^32]60[00^12]7d43aabc515c356145049227cee54b608342c0ad[00^12]0
234129,229698,64,4431,[00^31]02[00^32]0
234193,228200,45,5993,82e7088080[00^40]0
234238,177182,11,57056,029402f9029082e70802840
234249,232521,10,1728,3046f89f843046f89f830
234262,232534,256,1728,94032b241de86a8660f1ae0691a4760b426ea246d780b90264ac9650d8[00^31]20[00^31]02[00^31]40[00^30]01a0[00^30]012475ceafe6[00^31]20[00^31]0
234518,232790,56,1728,a0[00^55]0
234583,213719,26,20864,[00^25]690
234615,232887,31,1728,[00^28]64fa880
234647,232919,32,1728,[00^31]2b0
234679,234077,21,602,7d43aabc515c356145049227cee54b608342c0ad000
234700,232972,151,1728,0bb8e5d7c2a44ffddf6b295a15c148167daaaf5cf34f[00^80]4449404b7c[00^44]0
234851,223048,20,11803,0da089cdb26d21c74ad2a7cc9f91d4d188d940a70
234871,214807,219,20064,[00^28]c0[00^42]013302f9012f82e70802842eda3283842eda328d827e5494d1a3abf42f9e66be86cfdea8c5c2c74f041c5e1480b901045b7d7482[00^31]40[00^31]a0[00^31]400
235097,218508,3,16589,3634310
235102,188165,4,46937,386534380
235107,218587,3,16520,6635620
235111,179309,3,55802,3936630
235125,179336,4,55789,336132370
235129,175889,3,59240,6435650
235132,189191,3,45941,3739330
235144,188028,3,47116,6365350
235149,218249,3,16900,6633380
235153,218513,33,16640,37[00^31]400
235187,218237,4,16950,366663640
235193,218562,3,16631,3238630
235220,215180,3,20040,3338330
235223,218489,3,16734,3730370
235228,219185,3,16043,6535630
235233,204589,3,30644,3731340
235239,219273,3,15966,6366650
235242,219620,3,15622,6535330
235247,218547,3,16700,6338360
235250,218258,53,16992,c0[00^43]013302f9012f82e7080
235303,214887,140,20416,02842eda3283842eda328d827e5494d1a3abf42f9e66be86cfdea8c5c2c74f041c5e1480b901045b7d7482[00^31]40[00^31]a0[00^31]40300
235443,219649,3,15794,6566360
235447,189204,3,46243,3965640
235451,218484,3,16967,3635650
235460,188047,3,47413,3738620
235465,188128,3,47337,3436340
235468,219749,3,15719,3961330
235471,177024,3,58447,6130310
235476,204446,4,31030,326633300
235481,219307,3,16174,3534320
235485,219737,3,15748,6264620
235490,204466,3,31024,3933330
235496,204460,3,31036,3365320
235502,218139,3,17363,6534620
235506,219122,33,16384,[00^31]40390
235554,215157,3,20397,3131370
235558,189219,3,46339,3037350
235561,189200,3,46361,3831660
235566,195300,3,40266,3039370
235574,218120,3,17454,6639610
235579,215178,3,20401,3130330
235582,204540,3,31042,6564640
235585,189177,3,46408,6262380
235588,204547,3,31041,3963360
235592,188146,3,47446,3835330
235603,234807,44,796,[00^44]0
235649,177891,4,57758,f082e7080
235653,217959,3,17694,09842e0
235656,235306,9,350,da3283842eda328d820
235665,222888,3,12777,5208940
235676,217410,2,18266,00f50
235696,192112,47,43584,80c0[00^44]010
235743,228351,3,7392,1b02f90
235747,228355,4,7392,1782e7080
235751,215687,3,20064,80842e0
235754,215241,9,20513,da3283842eda328d830
235766,216022,21,19744,948731d54e9d02c286767d56ac03e8037c07e01e980
235795,216050,51,19745,1eb8e41114cd2a[00^31]b8[00^12]0
235866,235378,56,488,[00^31]a0[00^24]0
235929,217853,26,18076,[00^25]090
235961,226720,33,9241,[00^32]140
235994,235846,32,148,2f3006a74b24e91d48fb11d5350619ddd445bbf5[00^12]0
236027,219323,42,16704,[00^36]3002ee82e7080
236070,216486,88,19584,842ed645ff842ed6460983010b3694cce9d3f392c135dc038b147ca73ec496f7f89d938084183ff085c0[00^46]0
236160,235744,3,416,02f9010
236164,236066,3,98,82e7080
236168,218664,12,17504,842ed645ff842ed6460983030
236182,189974,21,46208,94678aa4bf4e210cf2166753e054d5b7c31cc7fa860
236209,211408,3,24801,8000b90
236212,176021,37,60191,01a45ae401dc[00^28]64fa870
236250,176059,226,60191,[00^31]40[00^31]01[00^31]20[00^31]e404e45aaf[00^12]e5d7c2a44ffddf6b295a15c148167daaaf5cf34f[00^12]176211869ca2b568f2a7d4ee941e073a821ee1ff[00^30]0
236476,231240,14,5236,0064[00^12]0
236510,234549,26,1961,[00^25]020
236536,236205,6,331,6a74d67280000
236542,229056,30,7486,[00^29]100
236574,232414,96,4160,[00^60]c0[00^35]0
236670,235294,12,1376,013302f9012f82e70802842e0
236682,218314,136,18368,d645ff842ed64609827e5494d1a3abf42f9e66be86cfdea8c5c2c74f041c5e1480b901045b7d7482[00^31]40[00^31]a0[00^31]400
236818,235215,3,1603,3638360
236821,235466,3,1355,3634390
236827,219616,3,17211,6231630
236835,215046,3,21789,6635320
236839,177033,3,59806,3235330
236842,219654,3,17188,3363630
236845,219739,3,17106,6261660
236854,204538,3,32316,3765650
236860,215141,3,21719,6164320
236868,235589,4,1279,633636380
236875,188125,3,48750,3865380
236882,236786,32,96,[00^31]400
236916,177022,3,59894,3933610
236919,219755,3,17164,3432370
236924,235575,3,1349,3961310
236932,219602,3,17330,3165340
236939,219757,3,17182,3764650
236946,179284,3,57662,6563650
236949,175765,3,61184,3635370
236957,189182,3,47775,3131390
236960,189218,3,47742,6430370
236966,236938,4,28,623764650
236970,219648,3,17322,3765660
236974,215038,3,21936,6262660
236978,235250,53,1728,c0[00^43]013302f9012f82e7080
237032,217960,139,19072,842ed645ff842ed64609827e5494d1a3abf42f9e66be86cfdea8c5c2c74f041c5e1480b901045b7d7482[00^31]40[00^31]a0[00^31]40640
237171,188042,3,49129,6332360
237180,177039,3,60141,3139610
237184,236861,3,323,6432380
237188,219305,3,17883,6530350
237192,235598,3,1594,3463350
237197,218488,3,18709,3737300
237200,219630,3,17570,3932620
237203,219625,3,17578,6130610
237207,236914,3,293,6165390
237211,218504,4,18707,636138620
237216,236935,4,281,613833620
237223,204568,3,32655,3036340
237227,236851,3,376,3433380
237234,235154,33,2080,[00^31]40370
237272,235218,3,2054,6132330
237276,177130,3,60146,3966310
237280,236974,3,306,6262660
237283,219277,3,18006,6564620
237287,219632,3,17655,6239300
237297,235095,3,2202,6437360
237302,236950,3,352,3537310
237305,198551,3,38754,6563340
237308,177115,3,60193,6139380
237313,219734,3,17579,3564360
237316,177131,3,60185,6631350
237326,235574,3,1752,6639610
237329,218609,46,18720,63c0[00^43]010
237375,177887,8,59488,f402f901f082e7080
237383,235751,3,1632,80842e0
237386,219018,8,18368,d433b2842ed433bc0
237394,177906,223,59488,830205aa940872ec4426103482a50f26ffc32acefcec61b3c980b901c4d4dfd6bc[00^127]01[00^31]01[00^28]65220
237619,222090,160,15529,[00^63]05[00^62]0140[00^31]410
237843,178355,75,59488,1b[00^31]c0[00^42]0
237918,220990,54,16928,010df9010a01842aea5400829d78940872ec4426103482a50f26ffc32acefcec61b3c980b8e4f242432a[00^12]0
237972,223488,20,14484,c44961f9dcce6a6ac1a7eeab8a6a84188792e9ee0
237992,219880,256,18112,[00^12]aec3cacef9457ff2821d9f85429ce3d90b001459[00^31]05[00^31]01[00^31]a0[00^64]82e7088080[00^49]010df9010a01842aea540
238248,220136,44,18112,00829d78940872ec4426103482a50f26ffc32acefcec61b3c980b8e4f242432a[00^12]0
238292,223548,20,14744,553f303d9a1bf355f4f4c2ba3fdb3bccd86607450
238312,192552,256,45760,[00^12]aec3cacef9457ff2821d9f85429ce3d90b001459[00^31]05[00^31]01[00^31]a0[00^64]82e7088080[00^49]01eff901ec80842aea540
238568,192808,225,45760,0083015f90940872ec4426103482a50f26ffc32acefcec61b3c980b901c4d4dfd6bc[00^127]01[00^31]01[00^28]6514180
238794,237619,160,1175,[00^63]05[00^62]0140[00^31]410
239018,193258,138,45760,1c[00^31]82e7088080[00^47]010df9010a01842aea5400829d78940872ec4426103482a50f26ffc32acefcec61b3c980b8e4f242432a[00^12]0
239156,223528,20,15628,741a8cacb0aea51ddea419f2743cb8634970c1830
239176,221064,256,18112,[00^12]aec3cacef9457ff2821d9f85429ce3d90b001459[00^31]05[00^31]01[00^31]a0[00^64]82e7088080[00^49]01eff901ec80842aea540
239432,221320,225,18112,0083015f90940872ec4426103482a50f26ffc32acefcec61b3c980b901c4d4dfd6bc[00^127]01[00^31]01[00^28]6514140
239658,238794,160,864,[00^63]05[00^62]0140[00^31]410
239855,233967,2,5888,00800
239882,194122,87,45760,1b[00^31]82e7088080[00^48]2ceb0
239970,222882,9,17088,842aea5400825208940
239999,207647,66,32352,865af3107a40008082e7088080[00^51]2ceb0
240065,222881,10,17184,56842aea5400825208940
240095,239999,66,96,865af3107a40008082e7088080[00^51]2ceb0
240162,240066,9,96,842aea5400825208940
240191,207743,77,32448,865af3107a40008082e7088080[00^50]01eff901ec80842aea54008301590
240269,237398,220,2871,940872ec4426103482a50f26ffc32acefcec61b3c980b901c4d4dfd6bc[00^127]01[00^31]01[00^28]6522120
240490,239658,160,832,[00^63]05[00^62]0140[00^31]410
240714,207434,85,33280,1c[00^31]82e7088080[00^48]0
240799,182271,33,58528,[00^31]02440
240832,235668,20,5164,45a318273749d6eb00f5f6ca3bc7cd3de26d642a0
240852,208384,80,32468,e93685f3bba03016f02bd1828badd6195988d950e93685f3bba03016f02bd1828badd6195988d950b8ff877ed78ba520ece21b1de7843a8a57ca47cbb8ff877ed78ba520ece21b1de7843a8a57ca47cb0
240972,231930,20,9042,e28033a9bd54202d5f2487dd2c8518f48f4f07c20
240992,233123,20,7869,2d318c186f321ff6e9e60fc3ec8798762c5cd76d0
241012,234109,20,6903,c9eee68292a3f290b4b33e58b1b1dba695665d9f0
241032,234851,20,6181,0da089cdb26d21c74ad2a7cc9f91d4d188d940a70
241092,186498,20,54594,c9238f914049a6f0e0799acd76557b627d614bf10
241112,235994,20,5118,2f3006a74b24e91d48fb11d5350619ddd445bbf50
241139,225529,2,15610,00330
241152,236490,20,4662,88457c59fefb2f7c30ae33f31341a9654775d7720
241232,237972,20,3260,c44961f9dcce6a6ac1a7eeab8a6a84188792e9ee0
241252,238292,20,2960,553f303d9a1bf355f4f4c2ba3fdb3bccd86607450
241272,222891,20,18381,a8120021a72004628280671d99689be832e368d90
241292,239156,20,2136,741a8cacb0aea51ddea419f2743cb8634970c1830
241312,222699,20,18613,d17067eccd98d840778ab38a96429da51b6799350
241332,182784,60,58548,161dbc3f770dc97288eed3c864daba618a209a24b268e06dd9826e7c47c4b6bbc9f16df2d3bdc9ae50ee2a1789f78174bf7fad3a2e9b21dec8ed0eb70
241392,222797,20,18595,73626556edee605c78d8951fc20864bfbc5919850
241412,182884,154,58528,[00^91]04[00^31]80[00^30]0
241568,240716,31,852,[00^30]820
241600,241568,30,32,[00^30]0
241664,208928,31,32736,[00^28]64fa850
241696,237844,62,3852,[00^31]c0[00^30]0
241760,203464,31,38296,[00^30]460
241791,241696,31,95,[00^31]0
241824,223649,32,18175,[00^31]220
241856,241473,31,383,[00^30]040
241887,200504,32,41383,40[00^30]050
241920,195776,31,46144,[00^30]060
241952,209152,31,32800,[00^30]080
241984,217848,31,24136,[00^30]090
242016,224000,31,18016,[00^30]0b0
242048,225629,31,16419,[00^30]0e0
242079,225628,32,16451,[00^31]0e0
242112,209376,31,32736,[00^30]180
242144,209408,31,32736,[00^30]190
242176,211482,31,30694,[00^30]1c0
242208,209824,31,32384,[00^30]290
242239,184095,32,58144,60[00^30]2a0
242271,234647,32,7624,[00^31]2b0
242304,224352,62,17952,[00^30]2e20[00^30]0
242368,242336,31,32,[00^30]2e0
242400,236033,31,6367,[00^30]300
242432,242400,31,32,[00^30]300
242464,224480,62,17984,[00^30]3320[00^30]0
242528,210112,31,32416,[00^30]350
242560,228225,31,14335,[00^30]360
242592,224576,62,18016,[00^30]37e0[00^30]0
242656,224608,31,18048,[00^30]390
242688,224640,31,18048,[00^30]3b0
242720,242688,30,32,[00^30]0
242752,224704,31,18048,[00^30]3e0
242784,237235,31,5549,[00^30]400
242816,223776,62,19040,[00^30]42c0[00^30]0
242880,234772,31,8108,[00^30]440
242912,242880,31,32,[00^30]440
242944,203675,32,39269,[00^31]b40
242979,224866,4,18113,82e708820
242989,228303,2,14686,00840
242991,242986,3,5,3b9aca0
243027,236314,63,6713,[00^31]20[00^31]0
243091,214531,29,28560,[00^28]5e0
243123,241664,31,1459,[00^28]64fa850
243156,241460,43,1696,[00^43]0
243203,242979,4,224,82e708820
243209,242985,12,224,843b9aca00843b9aca0e83010
243223,242999,23,224,9445779134e5091756601cb5ba389f9c76b914e52080b80
243251,243187,12,64,[00^12]0
243283,236250,76,7033,[00^31]40[00^31]01[00^12]0
243379,243315,32,64,[00^31]010
243411,189907,44,53504,c0[00^42]020
243455,199455,4,44000,6ff9026c0
243460,228099,6,15361,8435a4e900830
243469,189974,24,53495,94678aa4bf4e210cf2166753e054d5b7c31cc7fa8680b9020
243493,189326,36,54167,445ae401dc[00^28]64fa860
243530,189363,176,54167,[00^31]40[00^31]02[00^31]40[00^30]0160[00^31]e404e45aaf[00^12]0
243706,218719,83,24987,176211869ca2b568f2a7d4ee941e073a821ee1ff[00^12]e5d7c2a44ffddf6b295a15c148167daaaf5cf34f[00^31]0
243789,213526,57,30263,64[00^31]02[00^24]0
243846,243652,5,194,[00^4]010
243854,242501,26,1353,[00^25]330
243886,213623,121,30263,[00^91]4449404b7c[00^25]0
244007,243879,19,128,330f7e13cf4ce3[00^12]0
244026,185985,48,58041,3d391afffed2255a2dd00325c3a96a5a8e023ff8[00^28]0
244074,240746,53,3328,82e7088080[00^48]0
244127,217567,7,26560,7102f86e82e7080
244148,212277,40,31871,947d43aabc515c356145049227cee54b608342c0ad80b844095ea7b3[00^12]0
244188,228375,20,15813,3335733c454805df6a77f825f266e136fb4a33330
244208,243827,24,381,[00^23]010
244240,199408,47,44832,c0[00^45]020
244288,234240,3,10048,02f9020
244292,244131,3,161,82e7080
244301,244296,5,5,8430659a7d0
244310,234262,21,10048,94032b241de86a8660f1ae0691a4760b426ea246d70
244338,233256,3,11082,0000b90
244343,234287,244,10056,ac9650d8[00^31]20[00^31]02[00^31]40[00^30]01a0[00^30]012475ceafe6[00^31]20[00^31]a0[00^12]0
244587,182664,20,61923,8a8c879d39a74fce0593714956bb7ed048a5c1bf0
244607,233190,25,11417,[00^24]030
244632,244333,7,299,9bb49f599a00000
244639,242146,29,2493,[00^28]190
244671,234615,31,10056,[00^28]64fa880
244703,242271,32,2432,[00^31]2b0
244735,243738,21,997,e5d7c2a44ffddf6b295a15c148167daaaf5cf34f000
244758,200741,83,44017,176211869ca2b568f2a7d4ee941e073a821ee1ff[00^63]0
244841,186079,50,58762,[00^17]0412210e8a[00^28]0
244892,237340,45,7552,[00^34]01f402f901f082e70880840
244941,244936,4,5,843059740
244946,240265,224,4681,8301591c940872ec4426103482a50f26ffc32acefcec61b3c980b901c4d4dfd6bc[00^127]01[00^31]01[00^28]6522120
245171,240490,160,4681,[00^63]05[00^62]0140[00^31]410
245396,202105,75,43291,[00^31]c0[00^43]0
245473,210178,3,35295,7280840
245476,244942,3,534,3059740
245511,216368,4,29143,0000b8440
245519,229264,13,16255,[00^12]0c0
245551,245266,32,285,[00^31]010
245583,244074,47,1509,82e7088080[00^42]0
245631,236159,3,9472,db02f90
245635,236163,4,9472,d782e7080
245640,245475,5,165,84305974190
245645,245475,6,170,8430597419830
245655,192061,20,53594,6352a56caadc4f1e25cd6c75970fa768a3304e640
245681,236209,3,9472,8000b90
245690,244722,13,968,[00^12]2b0
245722,213011,63,32711,[00^31]60[00^30]010
245786,231854,44,13932,[00^12]eeeeeeeeeeeeeeeeeeeeeeeeeeeeeeeeeeeeeeee[00^12]0
245830,244758,32,1072,176211869ca2b568f2a7d4ee941e073a821ee1ff[00^12]0
245862,245702,32,160,2b5f704ab7061fb4dbfc5876b024f4bdb2f5e8b6[00^12]0
245914,242117,26,3797,[00^25]180
245940,245677,6,263,de76816d80000
245946,245945,29,1,[00^29]0
245978,245946,29,32,[00^29]0
246010,245253,44,757,[00^44]0
246074,245267,63,807,[00^30]0140[00^31]0
246137,241471,95,4666,[00^32]04[00^31]80[00^30]0
246234,241856,63,4378,[00^30]0440[00^30]050
246297,233776,45,12521,60[00^12]e5d7c2a44ffddf6b295a15c148167daaaf5cf34f[00^12]0
246342,246341,45,1,[00^45]0
246387,245939,36,448,18de76816d80[00^30]0
246423,233966,34,12457,000080[00^31]0
246457,229633,96,16824,04d0e30db0[00^91]0
246553,246552,64,1,[00^64]0
246617,213074,32,33543,80[00^30]020
246654,246298,47,356,[00^12]e5d7c2a44ffddf6b295a15c148167daaaf5cf34f[00^15]0
246702,245091,47,1611,[00^15]01[00^31]0
246750,243946,32,2804,[00^31]440
246782,246490,158,292,[00^127]80[00^30]0
246946,246928,12,18,[00^12]0
246978,245043,76,1935,[00^63]01[00^12]0
247054,245702,51,1352,2b5f704ab7061fb4dbfc5876b024f4bdb2f5e8b6[00^31]0
247106,222752,32,24354,[00^31]2e0
247138,246666,22,472,e5d7c2a44ffddf6b295a15c148167daaaf5cf34f00000
247161,245830,22,1331,176211869ca2b568f2a7d4ee941e073a821ee1ff00000
247184,246462,155,722,[00^155]0
247339,246863,77,476,[00^46]80[00^30]0
247416,244698,2,2718,00640
247422,245818,44,1604,[00^12]176211869ca2b568f2a7d4ee941e073a821ee1ff[00^12]0
247488,245980,74,1508,[00^27]afb72e[00^44]0
247562,246798,143,764,[00^111]80[00^30]010
247706,246650,16,1056,9f865422[00^12]0
247722,244758,35,2964,176211869ca2b568f2a7d4ee941e073a821ee1ff[00^15]0
247757,246701,239,1056,01[00^15]01[00^31]80[00^31]44[00^127]80[00^30]0
247996,247416,2,580,00640
248002,247710,44,292,[00^12]176211869ca2b568f2a7d4ee941e073a821ee1ff[00^12]0
248046,245894,45,2152,622fffe61d52ca3cd9df1416c553e511e48eaeca[00^25]0
248091,211441,63,36650,[00^6]01[00^56]0
248155,245435,42,2720,[00^36]74f8728084300
248200,245480,26,2720,83016a1194629d74d459f072914f0b2aab9f7232fa36c1baed870
248231,245511,20,2720,0000b8447648ce45[00^12]0
248271,245551,79,2720,[00^31]0182e7088080[00^42]0
248360,186356,3,62004,0083040
248393,233256,4,15137,0000b9030
248402,233425,63,14977,[00^31]60[00^31]0
248465,197708,32,50757,c0[00^30]010
248497,244378,45,4119,20[00^31]02[00^12]0
248542,247138,20,1404,e5d7c2a44ffddf6b295a15c148167daaaf5cf34f0
248562,245798,20,2764,eeeeeeeeeeeeeeeeeeeeeeeeeeeeeeeeeeeeeeee0
248582,211821,37,36761,eeeeeeeeeeeeeeeeeeeeeeee[00^25]0
248619,210697,67,37922,[00^6]02[00^60]0
248686,229694,67,18992,[00^35]02[00^31]0
248753,244442,32,4311,40[00^30]010
248787,209715,12,39072,[00^11]250
248818,248402,94,416,[00^31]60[00^31]c0[00^30]0
248912,248720,18,192,0002[00^16]0
248931,228185,15,20746,ffffffffffffffffffffffffffffff0
248947,242183,24,6764,[00^23]1c0
248971,248388,7,583,fa10eff30400000
248978,245202,95,3776,[00^32]05[00^62]0
249074,247074,63,2000,[00^31]a0[00^31]0
249138,248096,16,1042,0001[00^14]0
249154,248938,8,216,ffffffffffffffff0
249168,239334,78,9834,[00^34]82e7088080[00^39]0
249252,215364,5,33888,82e70811840
249261,249256,4,5,842f08640
249271,229130,20,20141,ce8f24a58d85ed5c5a6824f7be1f8d4711a0eb4c0
249298,248393,3,905,0000b90
249301,229276,222,20025,0c44a11b1198[00^31]20[00^30]0120[00^30]0160[00^30]0180[00^12]e5d7c2a44ffddf6b295a15c148167daaaf5cf34f[00^12]cb28fbe3e9c0fea62e0e63ff3f232cecfe555ad4[00^24]0
249523,249292,8,231,016345785d8a00000
249531,229506,256,20025,[00^31]01[00^12]292fc50e4eb66c3f6514b9e402dbc25961824d62[00^30]01e0[00^31]04d0e30db0[00^91]02[00^32]0
249787,229762,156,20025,[00^12]e5d7c2a44ffddf6b295a15c148167daaaf5cf34f[00^30]0a04ce654c17[00^31]20[00^26]b5e620f480[00^25]0
249943,249523,20,420,016345785d8a[00^14]0
249963,249799,32,164,e5d7c2a44ffddf6b295a15c148167daaaf5cf34f[00^12]0
250015,229990,76,20025,[00^12]b8f275fbf7a959f4bce59999a2ef122a099e81a8[00^12]5523985926aa12ba58dc5ad00ddca99678d7227e[00^12]0
250091,249995,32,96,58c45a80ce70cb14824ead2c395bed7207b58f52[00^12]0
250123,230098,224,20025,[00^18]dbe0[00^30]02[00^13]cb28fbe3e9c0fea62e0e63ff3f232cecfe555ad4[00^30]0260[00^12]b8f275fbf7a959f4bce59999a2ef122a099e81a8[00^30]0580[00^31]64[00^12]0
250347,250091,20,256,58c45a80ce70cb14824ead2c395bed7207b58f520
250367,229093,9,21274,73796d62696f7369730
250380,230355,175,20025,[00^50]02[00^12]6ca6fcbd2fe65f0cb7671f5f0638867fdc991462[00^12]e3db9ad5a3c6387bece39fafc26dbb2b594fb7ff[00^30]02e41e859a05[00^24]0
250555,249523,39,1032,016345785d8a[00^33]0
250594,230569,256,20025,c0[00^30]02[00^31]0240[00^30]02a0[00^12]b79a4f5828eb55c10d7abf4bfe9a9f5d11aa84e0[00^31]01[00^31]20[00^31]c48f6bdeaa[00^27]0
250850,230825,61,20025,[00^4]0a[00^31]01[00^24]0
250917,249917,27,1000,80[00^25]010
250951,230926,61,20025,[00^12]b79a4f5828eb55c10d7abf4bfe9a9f5d11aa84e0[00^28]640
251015,230990,256,20025,[00^59]01[00^12]bcc2637dfa64999f75abb53a7265b5b4932e40eb[00^31]02[00^12]6ca6fcbd2fe65f0cb7671f5f0638867fdc991462[00^12]e3db9ad5a3c6387bece39fafc26dbb2b594fb7ff[00^31]01[00^31]64[00^4]0
251271,231246,148,20025,[00^54]0424e691a2aa[00^31]20[00^25]0221b262dd80[00^25]0
251427,231402,172,20025,[00^12]b79a4f5828eb55c10d7abf4bfe9a9f5d11aa84e0[00^12]6e2b76966cbd9cf4cc2fa0d76d24d5241e0abc2f[00^12]e3db9ad5a3c6387bece39fafc26dbb2b594fb7ff[00^30]01a0[00^31]c4[00^12]0
251599,250091,32,1508,58c45a80ce70cb14824ead2c395bed7207b58f52[00^12]0
251631,231606,64,20025,39de19c9ff25693a2311aad1dc5c790194084a39[00^12]b0d30ad9c1a7b303977db7ea073a4329d930d94c[00^12]0
251695,250091,50,1604,58c45a80ce70cb14824ead2c395bed7207b58f52[00^30]0
251747,250367,62,1380,73796d62696f7369732d617070[00^49]0
251809,231784,146,20025,022812aa3caf[00^12]a9305c3c14757bae2e73ef7f66fe241f5f6bf347[00^12]5aea5775959fbc2557cc8789bc1bf90a239d9a91[00^12]eeeeeeeeeeeeeeeeeeeeeeeeeeeeeeeeeeeeeeee[00^12]a9305c3c14757bae2e73ef7f66fe241f5f6bf347[00^12]0
251955,251695,44,260,58c45a80ce70cb14824ead2c395bed7207b58f52[00^24]0
252007,251975,25,32,[00^24]010
252039,232014,256,20025,[00^31]04[00^30]0140[00^30]0160[00^63]8a[00^23]6c00005600001a0020d6bdbf785aea5775959fbc2557cc8789bc1bf90a239d9a9141215aea5775959fbc2557cc8789bc1bf90a239d9a9100042e1a7d4d[00^12]0
252295,232270,148,20025,[00^20]c0616e2b76966cbd9cf4cc2fa0d76d24d5241e0abc2f[00^22]ea698b47[00^80]0
252444,212220,42,40224,[00^35]7202f86f82e7080
252487,249256,11,3231,842f0864eb842f0864f5830
252499,234076,2,18423,007d0
252501,204149,40,48352,94009a0b7c38b542208936f1179151cd08e294383380b844830cbbbd[00^12]0
252541,216388,46,36153,c7d8489dae3d2ebef075b1db2257e2c231c9d231[00^25]070
252593,204241,54,48352,c0[00^44]013302f9012f82e7080
252648,252487,10,161,842f0864eb842f0864f50
252658,219026,129,33632,827e5494d1a3abf42f9e66be86cfdea8c5c2c74f041c5e1480b901045b7d7482[00^31]40[00^31]a0[00^31]40390
252790,201702,3,51088,3230610
252799,235547,3,17252,3661380
252804,204493,3,48311,3739350
252814,189180,3,63634,3632310
252817,218108,3,34709,6434350
252820,219728,3,33092,6264340
252825,236915,3,15910,6539330
252829,218253,4,34576,656138630
252837,237212,3,15625,6138620
252844,219310,3,33534,6335390
252850,235410,33,17440,[00^31]40300
252892,204475,3,48417,6239620
252895,215125,3,37770,3666610
252899,219604,3,33295,3439310
252903,188116,4,64787,346266360
252908,235554,3,17354,3131370
252921,218548,3,34373,3836390
252925,236877,3,16048,3839380
252928,235189,3,17739,6364610
252936,218580,3,34356,3966610
252941,218454,3,34487,3566350
252944,215184,46,37760,3539c0[00^43]0
252990,234238,9,18752,029402f9029082e7080
253000,252487,11,513,842f0864eb842f0864f5830
253014,232534,256,20480,94032b241de86a8660f1ae0691a4760b426ea246d780b90264ac9650d8[00^31]20[00^31]02[00^31]40[00^30]01a0[00^30]012475ceafe6[00^31]20[00^31]0
253270,232790,61,20480,a0[00^60]0
253335,253177,25,158,[00^24]010
253366,227596,31,25770,80[00^28]64fa0
253399,232919,53,20480,[00^31]2b176211869ca2b568f2a7d4ee941e073a821ee1ff000
253452,190435,102,63017,01f4e5d7c2a44ffddf6b295a15c148167daaaf5cf34f[00^80]0
253554,234802,49,18752,4449404b7c[00^44]0
253623,245399,72,8224,[00^28]c0[00^43]0
253695,235647,6,18048,3202f082e7080
253702,252648,11,1054,842f0864eb842f0864f5820
253713,240168,3,13545,5208940
253746,188486,46,65260,[00^45]300
253792,236064,5,17728,02ee82e7080
253798,253000,11,798,842f0864eb842f0864f5830
253809,236081,78,17728,010b3694cce9d3f392c135dc038b147ca73ec496f7f89d938084183ff085c0[00^46]010
253888,252640,3,1248,02f9010
253892,253794,3,98,82e7080
253896,249256,12,4640,842f0864eb842f0864f583040
253910,218678,21,35232,94272e156df8da513c69cb41cc7a99185d53f926bb0
253938,249298,3,4640,0000b90
253941,218701,18,35240,0104a8c9ed67[00^12]0
253959,236394,83,17565,e5d7c2a44ffddf6b295a15c148167daaaf5cf34f[00^12]176211869ca2b568f2a7d4ee941e073a821ee1ff[00^31]0
254042,218802,64,35240,28[00^12]0b652eff5070c4c2251a3309ef0f90cee17161f2[00^28]64fa8a0
254107,253082,25,1025,[00^24]020
254132,253933,7,199,7f7d0bdb9200000
254139,224130,29,30009,[00^28]110
254171,252411,68,1760,[00^32]c0[00^35]0
254239,244127,7,10112,7102f86e82e7080
254252,254247,4,5,842ef1ea0
254257,204945,43,49312,82eb8694176211869ca2b568f2a7d4ee941e073a821ee1ff80b844095ea7b3[00^12]0
254320,251237,30,3083,[00^29]640
254352,244240,47,10112,c0[00^45]020
254400,252992,3,1408,02f9020
254404,216482,6,37922,82e7082c842e0
254410,254249,8,161,f1ea4f842ef1ea590
254422,243469,21,10953,94678aa4bf4e210cf2166753e054d5b7c31cc7fa860
254450,236209,4,18241,8000b9010
254455,243494,35,10961,5ae401dc[00^28]64fa860
254491,236250,126,18241,[00^31]40[00^31]01[00^31]20[00^30]0
254617,190193,82,64424,0124b858183f[00^31]20[00^31]80[00^12]0
254719,254374,25,345,[00^24]020
254744,254445,7,299,9f767fa68c80000
254751,209282,29,45469,[00^28]120
254783,190359,32,64424,[00^31]420
254815,253959,21,856,e5d7c2a44ffddf6b295a15c148167daaaf5cf34f000
254838,253991,22,847,176211869ca2b568f2a7d4ee941e073a821ee1ff00000
254881,252385,94,2496,[00^58]c0[00^35]0
254975,254239,7,736,7102f86e82e7080
254982,217734,3,37248,05842e0
254985,254249,9,736,f1ea4f842ef1ea59820
254996,254260,40,736,94176211869ca2b568f2a7d4ee941e073a821ee1ff80b844095ea7b3[00^12]0
255036,204189,49,50847,2ad69a0cf272b9941c7ddcada7b0273e9046c4b0[00^28]520
255088,215312,47,39776,c0[00^45]010
255135,252639,8,2496,3302f9012f82e7080
255144,254983,11,161,842ef1ea4f842ef1ea59820
255155,252659,127,2496,7e5494d1a3abf42f9e66be86cfdea8c5c2c74f041c5e1480b901045b7d7482[00^31]40[00^31]a0[00^31]400
255302,236953,3,18349,6434660
255307,237174,3,18133,6265630
255311,237282,3,18029,6665640
255318,204437,3,50881,3735320
255321,236822,3,18499,3439340
255324,237300,3,18024,3164350
255329,236932,4,18397,316534610
255336,236962,3,18374,3766620
255340,219744,4,35596,613537390
255345,204497,33,50848,64[00^31]400
255385,235138,3,20247,3162330
255388,235148,3,20240,6566330
255391,255292,3,99,3435370
255394,219303,3,36091,6166650
255398,219731,3,35667,3163340
255410,219269,3,36141,6533660
255437,255321,3,116,3439340
255441,218257,46,37184,31c0[00^43]010
255487,218655,8,36832,3402f9013082e7080
255502,255497,3,5,842eeb0
255507,255154,128,353,827e5494d1a3abf42f9e66be86cfdea8c5c2c74f041c5e1480b901045b7d7482[00^31]40[00^31]a0[00^31]400
255635,219289,3,36346,6233380
255639,219610,3,36029,3339350
255642,255400,3,242,3434330
255648,252821,3,2827,6434380
255655,252900,3,2755,3931340
255660,252790,3,2870,3230610
255665,237295,3,18370,6664640
255671,219291,3,36380,3838350
255674,235457,3,20217,3232360
255678,218199,3,37479,3062660
255681,255286,3,395,3532370
255687,219166,3,36521,3535370
255699,237234,33,18465,[00^31]40370
255732,235207,3,20525,3536370
255735,218235,3,37500,3239360
255741,218559,3,37182,6366620
255746,218215,3,37531,6337380
255751,204495,3,51256,3566640
255765,237322,3,18443,3834350
255772,215175,5,40597,34326131300
255780,218210,3,37570,3066330
255783,255652,3,131,3463320
255786,236963,3,18823,6662370
255795,234899,52,20896,c0[00^42]013302f9012f82e7080
255848,255497,138,351,842eebaff8842eebb002827e5494d1a3abf42f9e66be86cfdea8c5c2c74f041c5e1480b901045b7d7482[00^31]40[00^31]a0[00^31]400
255996,255774,3,222,6131300
255999,236829,3,19170,6335320
256002,235564,3,20438,6337300
256009,237317,3,18692,3135340
256012,219171,4,36841,373235390
256019,255740,3,279,6363660
256026,218098,3,37928,6462370
256031,236855,3,19176,6565390
256034,252813,3,3221,6436320
256038,235204,3,20834,6633360
256043,215135,3,40908,3636660
256049,235153,33,20896,37[00^31]400
256083,204544,3,51539,3230650
256088,255672,3,416,3835320
256091,256015,3,76,3936660
256096,218233,3,37863,6464320
256100,237327,3,18773,3961630
256116,252903,3,3213,3462660
256120,235220,3,20900,3338330
256125,255645,3,480,3964320
256129,235124,3,21005,3133610
256133,255407,3,726,6564380
256137,219643,3,36494,3531320
256140,236859,3,19281,3561640
256147,255090,44,1057,[00^44]0
256195,255844,3,351,82e7080
256204,256199,4,5,842d72ce0
256213,252501,23,3712,94009a0b7c38b542208936f1179151cd08e294383380b80
256241,243027,76,13214,[00^31]20[00^31]01[00^12]0
256317,252541,20,3776,c7d8489dae3d2ebef075b1db2257e2c231c9d2310
256337,192113,99,64224,c0[00^44]010df9010a01842aea5400829d78940872ec4426103482a50f26ffc32acefcec61b3c980b8e4f242432a[00^12]0
256438,208233,2,48205,005b0
256455,238311,248,18144,45[00^12]aec3cacef9457ff2821d9f85429ce3d90b001459[00^31]05[00^31]01[00^31]a0[00^64]82e7088080[00^49]010
256703,256383,53,320,0df9010a01842aea5400829d78940872ec4426103482a50f26ffc32acefcec61b3c980b8e4f242432a[00^12]0
256776,239176,256,17600,[00^12]aec3cacef9457ff2821d9f85429ce3d90b001459[00^31]05[00^31]01[00^31]a0[00^64]82e7088080[00^49]01eff901ec80842aea540
257032,239432,224,17600,0083015f90940872ec4426103482a50f26ffc32acefcec61b3c980b901c4d4dfd6bc[00^127]01[00^31]01[00^28]65140
257258,245171,160,12087,[00^63]05[00^62]0140[00^31]410
257457,254974,2,2483,00710
257482,220906,138,36576,1b[00^31]82e7088080[00^47]010df9010a01842aea5400829d78940872ec4426103482a50f26ffc32acefcec61b3c980b8e4f242432a[00^12]0
257638,251890,2,5748,00ee0
257640,220200,256,37440,[00^12]aec3cacef9457ff2821d9f85429ce3d90b001459[00^31]05[00^31]01[00^31]a0[00^64]82e7088080[00^49]01eff901ec80842aea540
257896,220456,225,37440,0083015f90940872ec4426103482a50f26ffc32acefcec61b3c980b901c4d4dfd6bc[00^127]01[00^31]01[00^28]6514160
258122,257258,160,864,[00^63]05[00^62]0140[00^31]410
258346,221770,256,36576,1c[00^31]82e7088080[00^47]01eff901ec80842aea540083015f90940872ec4426103482a50f26ffc32acefcec61b3c980b901c4d4dfd6bc[00^127]010
258602,222026,62,36576,[00^31]01[00^28]65140
258666,258122,160,544,[00^63]05[00^62]0140[00^31]410
258890,222314,137,36576,1b[00^31]82e7088080[00^48]ecf8ea01842aea5400829b28940872ec4426103482a50f26ffc32acefcec61b3c980b8c4f242432a[00^12]0
259047,194375,228,64672,[00^12]01e4a663fffaf1430d3a36588b2c14b72231d8b4[00^31]05[00^31]01[00^31]a0[00^32]82e7088080[00^51]2ceb55842aea5400825208940
259295,222719,68,36576,865af3107a40008082e7088080[00^51]2eed82020
259364,259266,9,98,842aea5400825208940
259393,222817,64,36576,8654953ff6d0008082e7088080[00^49]2ceb0
259457,240161,10,19296,54842aea5400825208940
259487,222911,96,36576,865af3107a40008082e7088080[00^82]020
259624,244026,20,15598,3d391afffed2255a2dd00325c3a96a5a8e023ff80
259644,240972,20,18672,e28033a9bd54202d5f2487dd2c8518f48f4f07c20
259664,244587,20,15077,8a8c879d39a74fce0593714956bb7ed048a5c1bf0
259704,245531,20,14173,0c4cf64741bf6022f21fd4ed8ae947531e5c98fa0
259724,248046,20,11678,622fffe61d52ca3cd9df1416c553e511e48eaeca0
259744,248251,20,11493,34af47a8b0dd8d8e5a7947572dccf4e47e89431d0
259784,251955,20,7829,58c45a80ce70cb14824ead2c395bed7207b58f520
259844,253603,20,6241,596758cbbf0b118da13bcf95a69eed050ab97a0d0
259892,259581,1,311,000
259904,254055,20,5849,0b652eff5070c4c2251a3309ef0f90cee17161f20
259924,208504,20,51420,10103d79ac194eb0c4cc75742bda65c18dff335b0
259944,254699,20,5245,59abe1e264f657d70c3ab5109d424f7f01a8729c0
259964,208564,20,51400,42601170d8cb28522671979bd89a708b93ac11b10
260044,208644,20,51400,8e07475701065b2a7dfdd8ffa03823d83bfbb3610
260064,256436,20,3628,b4ec005be8a1f1460973450d1a252866709725450
260084,256756,20,3328,fa6b399edcaf993cf4668f54e690f2635ed01cbd0
260124,257620,20,2504,5288a5414b642b75acf5405aa9e7b2fcfa2f00ee0
260184,259027,20,1157,bf71745e89f8dd304961bf1369d635d83c3109340
260204,223588,92,36616,9dbad420963e53775a51ea9aad4afa3af6e5d75301e4a663fffaf1430d3a36588b2c14b72231d8b4f6f8b5bc021ff67a9932346447dd7e78aa674224[00^32]0
260296,234827,25,25469,[00^24]0d0
260352,243123,31,17229,[00^28]64fa850
260384,208960,63,51424,[00^31]c0[00^30]360
260447,224543,63,35904,80[00^30]36a0[00^30]0
260512,260384,31,128,[00^31]0
260544,248320,31,12224,[00^30]030
260576,242016,31,18560,[00^30]0b0
260607,209183,32,51424,a0[00^30]0c0
260639,224095,32,36544,40[00^30]100
260672,260640,30,32,[00^30]0
260704,209312,31,51392,[00^30]160
260735,209407,32,51328,40[00^30]190
260768,209440,31,51328,[00^30]1a0
260800,209440,62,51360,[00^30]1ac0[00^30]0
260864,223873,31,36991,[00^30]1d0
260896,260864,30,32,[00^30]0
260928,196032,62,64896,[00^30]20a0[00^30]0
260992,209760,31,51232,[00^30]270
261024,242240,62,18784,[00^30]2a[00^31]0
261088,253400,31,7688,[00^30]2b0
261120,259425,31,1695,[00^30]2c0
261151,196383,32,64768,e0[00^30]2e0
261184,242400,62,18784,[00^30]3040[00^30]0
261248,261216,31,32,[00^30]320
261279,224479,63,36800,c0[00^30]3320[00^30]0
261344,241952,31,19392,[00^30]080
261380,259495,3,1885,82e7080
261389,261384,5,5,8432a9f8800
261394,248361,3,13033,8304740
261399,228148,20,33251,6131b5fae19ea4f9d964eac0408e4408b66337b50
261427,256241,44,5186,[00^31]20[00^12]0
261491,202681,94,58810,[00^63]a0[00^30]0
261587,259080,31,2507,[00^30]050
261618,250142,32,11476,e0[00^30]020
261651,256241,63,5410,[00^31]20[00^31]0
261715,261702,12,13,[00^12]0
261745,261726,1,19,000
261747,253979,44,7768,[00^12]176211869ca2b568f2a7d4ee941e073a821ee1ff[00^12]0
261811,254075,31,7736,[00^28]64fa8a0
261843,222976,32,38867,[00^30]02800
261875,250723,95,11152,[00^31]01[00^31]20[00^31]0
261970,261906,64,64,01[00^31]20[00^31]0
262039,253079,59,8960,[00^27]02[00^31]0
262099,261459,44,640,[00^12]d1b47490209ccb7a806e8a45d9479490c040abf4[00^12]0
262163,261715,76,448,[00^12]4af15ec2a0bd43db75dd04e62faa3b8ef36b00d5[00^12]176211869ca2b568f2a7d4ee941e073a821ee1ff[00^12]0
262239,231918,13,30321,[00^12]e20
262259,258506,95,3753,[00^95]0
262355,260655,16,1700,[00^15]100
262371,262357,13,14,[00^13]0
262387,262163,88,224,[00^12]4af15ec2a0bd43db75dd04e62faa3b8ef36b00d5[00^12]176211869ca2b568f2a7d4ee941e073a821ee1ff[00^24]0
262475,249395,39,13080,[00^6]0160[00^30]010
262514,202744,63,59770,a0[00^30]01e0[00^30]0
262578,228587,14,33991,[00^13]0f0
262592,261792,43,800,e7561bc2a17115c5ad8284f29995c07c54e973[00^24]0
262635,262251,37,384,e239959decb156e8[00^29]0
262675,259520,63,3155,[00^62]020
262738,261938,45,800,20[00^31]01[00^12]0
262783,261471,51,1312,d1b47490209ccb7a806e8a45d9479490c040abf4[00^31]0
262835,262227,127,608,[00^24]e239959decb156e8[00^95]0
262962,262803,32,159,[00^31]010
263026,201564,3,61462,5553440
263029,263003,3,26,223a220
263036,236820,3,26216,3636340
263042,235578,3,27464,3331300
263045,236871,3,26174,3834370
263048,263015,9,33,222c22416d6f756e740
263060,263026,10,34,555344223a2231362e330
263071,236838,3,26233,3432350
263075,235478,3,27597,3330360
263078,263048,3,30,222c220
263089,263063,3,26,223a220
263092,263078,3,14,222c220
263126,263062,5,64,44223a22310
263131,263092,3,39,222c220
263137,229086,3,34051,6e61740
263142,263002,4,140,65223a220
263162,218571,3,44591,6564340
263414,263196,3,218,5677340
263493,253637,58,9856,[00^14]c0[00^43]0
263551,252479,7,11072,7202f86f82e7080
263564,263559,4,5,84305f2e0
263594,255017,3,8577,80b8440
263601,199344,57,64257,[00^12]0cab6977a9c70e04458b740476b498b214019641[00^25]0
263658,243404,50,20254,[00^6]01c0[00^42]0
263708,252068,3,11640,0000040
263711,235743,3,27968,1b02f90
263715,235747,4,27968,1782e7080
263720,248195,5,15525,8430558cfe0
263725,248195,6,15530,8430558cfe830
263734,248365,21,15369,941d0188c4b276a09366d05d6be06af61a73bc75350
263766,248398,66,15368,d3115a8a[00^31]60[00^30]0
263832,258601,33,5231,01[00^31]010
263866,252039,44,11827,[00^31]04[00^12]0
263910,262431,32,1479,176211869ca2b568f2a7d4ee941e073a821ee1ff[00^12]0
263962,262847,13,1115,[00^12]e20
263994,248562,63,15432,eeeeeeeeeeeeeeeeeeeeeeeeeeeeeeeeeeeeeeeeeeeeeeeeeeeeeeeeeeeeeeee[00^31]0
264058,247226,159,16832,[00^159]0
264217,253106,64,11111,02[00^31]40[00^30]010
264282,263962,32,320,[00^12]e2c67a9b15e9e7ff8a9cb0dfb8fee5609923e5db0
264314,249042,63,15272,[00^31]60[00^31]0
264377,201976,62,62401,e0[00^31]03[00^29]0
264443,249139,23,15304,01[00^14]ffffffffffffffff0
264466,264465,3,1,ffffff0
264475,253307,25,11168,[00^24]0e0
264500,263757,6,743,17961b6efc070
264506,258569,44,5937,[00^32]01[00^11]0
264550,264294,83,256,e2c67a9b15e9e7ff8a9cb0dfb8fee5609923e5db[00^31]60[00^31]0
264633,248881,33,15752,c0[00^31]020
264668,264635,31,33,[00^30]020
264700,248916,30,15784,[00^14]7fffffffffffffffffffffffffffffff0
264730,232442,69,32288,[00^32]c0[00^35]020
264799,213855,3,50944,d402f90
264803,213859,4,50944,d082e7080
264808,263720,12,1088,8430558cfe8430558cfe83040
264829,210357,2,54472,00900
264836,263377,3,1459,626e790
264843,253035,3,11808,80b9020
264851,264769,30,82,[00^29]020
264883,203482,62,61401,[00^12]469358b4724ba9581282605f800922bf543c1d45[00^30]0
264945,202743,33,62202,00a0[00^30]010
264978,216754,63,48224,60[00^30]0220[00^30]0
265041,259109,30,5932,0005[00^28]0
265075,265043,31,32,[00^28]0c1d060
265107,265075,31,32,[00^28]0c1d060
265139,265107,31,32,[00^28]0c1d060
265171,265139,31,32,[00^28]0c1d060
265203,259079,61,6124,[00^31]05[00^29]0
265264,264880,15,384,02a16d[00^12]0
265279,265247,145,32,[00^17]02a16d[00^29]02a16d[00^29]02a16d[00^29]02a16d[00^29]0
265424,258823,3,6601,0000410
265491,245395,75,20096,1c[00^31]c0[00^42]0
265571,234247,3,31324,0284300
265574,248197,5,17377,558cfe83010
265581,233229,30,32352,9480e38291e06339d10aab483c65695d004dbd5c6987470de4df820000b90
265613,233261,59,32352,2cc4081e[00^31]60[00^23]0
265680,215512,31,50168,e5[00^28]64fa0
265713,233361,191,32352,[00^31]01[00^31]20[00^31]60[00^57]470de4df82[00^33]0
265904,265744,45,160,01[00^31]20[00^12]0
265949,233629,192,32320,7f72e0d8e9abf9133a92322b8b50bd8e0f9dcfcb[00^31]80[00^62]01[00^32]60[00^12]e5d7c2a44ffddf6b295a15c148167daaaf5cf34f[00^12]0
266141,234109,129,32032,c9eee68292a3f290b4b33e58b1b1dba695665d9f[00^31]02[00^32]82e7088080[00^40]0
266271,261375,3,4896,5402f90
266275,261379,4,4896,5082e7080
266279,233219,3,33060,0484300
266282,264810,9,1472,558cfe8430558cfe830
266294,263734,21,2560,941d0188c4b276a09366d05d6be06af61a73bc75350
266315,225957,3,40358,80b9030
266318,248397,145,17921,24d3115a8a[00^31]60[00^31]c0[00^30]0120[00^31]02[00^12]0
266463,263910,20,2553,176211869ca2b568f2a7d4ee941e073a821ee1ff0
266483,248562,92,17921,eeeeeeeeeeeeeeeeeeeeeeeeeeeeeeeeeeeeeeeeeeeeeeeeeeeeeeeeeeeeeeee[00^31]02[00^28]0
266579,248658,128,17921,[00^63]02[00^31]40[00^30]01200
266707,264282,95,2425,[00^12]e2c67a9b15e9e7ff8a9cb0dfb8fee5609923e5db[00^31]60[00^31]0
266802,248881,34,17921,c0[00^31]02000
266836,264699,31,2137,02[00^14]7fffffffffffffffffffffffffffffff0
266869,264700,62,2169,[00^14]7fffffffffffffffffffffffffffffff[00^32]0
266931,249010,128,17921,05[00^62]60[00^31]a0[00^31]010
267060,264443,24,2617,01[00^14]ffffffffffffffffff0
267091,218931,75,48160,[00^32]c0[00^42]0
267166,252478,112,14688,007202f86f82e70802842f0864eb842f0864f58305007d94009a0b7c38b542208936f1179151cd08e294383380b844830cbbbd[00^12]c7d8489dae3d2ebef075b1db2257e2c231c9d231[00^25]0712efaf0
267281,253745,52,13536,c0[00^45]3002ee82e7080
267334,254408,11,12926,842ef1ea4f842ef1ea59830
267345,253809,77,13536,010b3694cce9d3f392c135dc038b147ca73ec496f7f89d938084183ff085c0[00^46]0
267422,267326,7,96,003002ee82e7080
267429,254982,11,12447,05842ef1ea4f842ef1ea590
267440,267344,78,96,83010b3694cce9d3f392c135dc038b147ca73ec496f7f89d938084183ff085c0[00^46]0
267520,264800,3,2720,02f9020
267524,267426,3,98,82e7080
267528,255848,10,11680,842eebaff8842eebb0020
267570,253036,134,14534,b90264ac9650d8[00^31]20[00^31]02[00^31]40[00^30]010
267704,202776,32,64928,e0[00^30]010
267741,213431,94,54310,[00^12]7d43aabc515c356145049227cee54b608342c0ad[00^12]e5d7c2a44ffddf6b295a15c148167daaaf5cf34f[00^30]0
267837,228171,29,39666,ffffffffffffffffffffffffffffffffffffffffffffffffffffffffff0
267869,267837,30,32,fffffffffffffffffffffffffffffffffffffffffffffffffffffffffffe0
267901,250531,29,17370,[00^24]016345785d0
267933,261316,27,6617,[00^26]350
267960,267565,5,395,64ae1d40b60
267965,267901,25,64,[00^24]010
267997,261252,27,6745,[00^26]320
268029,213751,60,54278,[00^12]9344dc76389a6f8aa2cdbf0ff21240282d3bc1e9[00^28]0
268089,254487,3,13602,64fa860
268093,244799,127,23294,[00^59]0412210e8a[00^28]c0[00^34]0
268220,255836,11,12384,0000013302f9012f82e7080
268232,255848,138,12384,842eebaff8842eebb002827e5494d1a3abf42f9e66be86cfdea8c5c2c74f041c5e1480b901045b7d7482[00^31]40[00^31]a0[00^31]400
268373,255430,3,12943,6130300
268382,218195,3,50187,3764310
268385,255995,3,12390,3361310
268392,252928,3,15464,6364610
268400,215173,4,53227,303134320
268407,236941,3,31466,6533650
268411,255639,3,12772,3339350
268416,256105,3,12311,6266660
268419,235147,3,33272,3165660
268429,256100,4,12329,396163640
268433,237233,33,31200,66[00^31]400
268470,219284,3,49186,6238610
268473,237324,3,31149,3533660
268476,256141,3,12335,6164370
268485,237321,3,31164,6438340
268488,236960,3,31528,6430370
268491,204530,3,63961,6531620
268497,252919,3,15578,6330380
268501,235117,3,33384,6433330
268504,215164,3,53340,6461350
268507,215124,3,53383,6136660
268510,237197,3,31313,3737300
268513,252906,3,15607,3665310
268523,215076,3,53447,6437320
268530,235250,56,33280,c0[00^43]013302f9012f82e70802842e0
268586,268234,136,352,ebaff8842eebb002827e5494d1a3abf42f9e66be86cfdea8c5c2c74f041c5e1480b901045b7d7482[00^31]40[00^31]a0[00^31]400
268724,215074,3,53650,3235640
268729,268389,3,340,6165320
268732,235461,3,33271,3862390
268735,268482,3,253,3364380
268738,235444,3,33294,6636370
268747,252789,3,15958,6132300
268751,215042,3,53709,6565320
268754,237297,3,31457,6437360
268757,236868,3,31889,6336360
268765,219629,4,49136,313932620
268770,252927,3,15843,3863640
268774,252898,3,15876,3834390
268782,215139,3,53643,6566610
268785,252849,33,15936,63[00^31]400
268818,218493,3,50325,3833360
268824,235483,4,33341,323962640
268835,256006,3,12829,3437620
268838,235226,3,33612,6337650
268841,252917,3,15924,6461630
268845,236947,3,31898,6365360
268862,255383,4,13479,356231620
268866,219708,3,49158,3762660
268869,263043,4,5826,313038340
268873,268743,3,130,3364390
268878,268730,3,148,6532380
268883,226575,44,42308,[00^43]030
268927,252991,3,15936,9402f90
268931,234243,6,34688,9082e70802840
268937,267529,10,1408,2eebaff8842eebb002830
268971,225957,4,43014,80b903640
268979,263898,44,5081,[00^12]176211869ca2b568f2a7d4ee941e073a821ee1ff[00^12]0
269023,266495,48,2528,eeeeeeeeeeeeeeeeeeeeeeeeeeeeeeeeeeeeeeee[00^28]0
269075,269046,25,29,[00^25]0
269107,262451,126,6656,[00^30]0160[00^30]01a0[00^30]01e0[00^30]0
269233,266062,32,3171,0001[00^30]0
269267,264379,60,4888,[00^30]03[00^29]0
269327,261839,3,7488,64fa8a0
269331,269203,44,128,[00^31]01[00^12]0
269395,269331,44,64,[00^31]01[00^12]0
269459,267609,44,1850,[00^31]02[00^12]0
269503,269439,32,64,f5d215d9c84778f85746d15762daf39b9e83a2d6[00^12]0
269535,268951,20,584,03e89fc55a5ad0531576e5a502c4ca52c8bf391b0
269555,265713,108,3842,[00^31]01[00^31]20[00^31]60[00^12]0
269663,243706,64,25957,176211869ca2b568f2a7d4ee941e073a821ee1ff[00^12]e5d7c2a44ffddf6b295a15c148167daaaf5cf34f[00^12]0
269747,268626,63,1121,[00^31]40[00^31]0
269810,212184,71,57626,[00^33]c0[00^37]0
269881,269485,6,396,[00^5]020
269888,267520,3,2368,02f9020
269892,237380,6,32512,82e70880842e0
269898,268938,9,960,ebaff8842eebb002830
269910,265581,22,4329,9480e38291e06339d10aab483c65695d004dbd5c69870
269937,265608,64,4329,0000b902642cc4081e[00^31]60[00^23]0
270010,265681,31,4329,[00^28]64fab40
270042,265713,153,4329,[00^31]01[00^31]20[00^31]60[00^57]0
270195,269932,7,263,6a94d74f4300000
270202,265873,256,4329,[00^31]01[00^31]20[00^12]7f72e0d8e9abf9133a92322b8b50bd8e0f9dcfcb[00^31]80[00^62]01[00^32]60[00^12]e5d7c2a44ffddf6b295a15c148167daaaf5cf34f0
270458,266129,12,4329,[00^12]0
270470,234851,48,35619,0da089cdb26d21c74ad2a7cc9f91d4d188d940a7[00^28]0
270518,266189,36,4329,00000002[00^32]0
270554,264762,37,5792,c0[00^35]020
270591,216575,3,54016,b402f90
270595,216579,4,54016,b082e7080
270599,268935,3,1664,02842e0
270605,270600,4,5,842ee6210
270614,212886,23,57728,94f82537fb6c56a3b50092d3951f84f5f6c835b4f580b90
270638,212910,35,57728,845ae401dc[00^28]64fa0
270675,243530,127,27145,[00^31]40[00^31]02[00^31]40[00^30]010
270802,253170,33,17632,a0[00^30]01240
270835,254619,80,16216,b858183f[00^31]20[00^31]80[00^12]0
270915,270719,48,196,[00^19]02[00^28]0
270967,270938,25,29,[00^25]0
270999,254783,32,16216,[00^31]420
271051,267834,3,3217,0009c40
271054,267753,22,3301,7d43aabc515c356145049227cee54b608342c0ad00000
271077,253454,100,17623,e5d7c2a44ffddf6b295a15c148167daaaf5cf34f[00^80]0
271177,253545,39,17632,[00^9]4449404b7c[00^25]0
271216,270992,19,224,78477f58b52ddc[00^12]0
271235,212519,32,58716,9e586e1ac1bb00a67fc25e1dbd35a2f5b8eb2eab[00^12]0
271267,267107,60,4160,[00^16]c0[00^43]0
271327,267423,6,3904,3002ee82e7080
271339,271334,4,5,842d78310
271344,253808,79,17536,83010b3694cce9d3f392c135dc038b147ca73ec496f7f89d938084183ff085c0[00^46]010
271423,257567,53,13856,0df9010a01842aea5400829d78940872ec4426103482a50f26ffc32acefcec61b3c980b8e4f242432a[00^12]0
271476,260144,20,11332,a61234fde61641b89daf3de527abbc65ae9dff910
271496,256456,256,15040,[00^12]aec3cacef9457ff2821d9f85429ce3d90b001459[00^31]05[00^31]01[00^31]a0[00^64]82e7088080[00^49]010df9010a01842aea540
271752,256712,44,15040,00829d78940872ec4426103482a50f26ffc32acefcec61b3c980b8e4f242432a[00^12]0
271796,260104,20,11692,110e17cdd59b699fe717e90117e080b67f3a4d1a0
271816,271496,256,320,[00^12]aec3cacef9457ff2821d9f85429ce3d90b001459[00^31]05[00^31]01[00^31]a0[00^64]82e7088080[00^49]010df9010a01842aea540
272072,271752,44,320,00829d78940872ec4426103482a50f26ffc32acefcec61b3c980b8e4f242432a[00^12]0
272116,260164,20,11952,ad634bb72b65728b4d64f43978dda9245eeb44100
272136,239176,256,32960,[00^12]aec3cacef9457ff2821d9f85429ce3d90b001459[00^31]05[00^31]01[00^31]a0[00^64]82e7088080[00^49]01eff901ec80842aea540
272392,239432,225,32960,0083015f90940872ec4426103482a50f26ffc32acefcec61b3c980b901c4d4dfd6bc[00^127]01[00^31]01[00^28]6514140
272618,258666,160,13952,[00^63]05[00^62]0140[00^31]410
272842,258346,256,14496,1c[00^31]82e7088080[00^47]01eff901ec80842aea540083015f90940872ec4426103482a50f26ffc32acefcec61b3c980b901c4d4dfd6bc[00^127]010
273098,258602,62,14496,[00^31]01[00^28]65140
273162,272618,160,544,[00^63]05[00^62]0140[00^31]410
273386,240714,85,32672,1c[00^31]82e7088080[00^48]0
273471,239967,12,33504,2ceb52842aea5400825208940
273503,240095,76,33408,865af3107a40008082e7088080[00^51]2ceb54842aea5400825208940
273599,240191,256,33408,865af3107a40008082e7088080[00^50]01eff901ec80842aea54008301591c940872ec4426103482a50f26ffc32acefcec61b3c980b901c4d4dfd6bc[00^127]01[00^21]0
273855,240447,42,33408,[00^10]01[00^28]6522120
273898,273162,160,736,[00^63]05[00^62]0140[00^31]410
274122,273386,87,736,1c[00^31]82e7088080[00^48]2ceb0
274210,273570,9,640,842aea5400825208940
274239,259487,95,14752,865af3107a40008082e7088080[00^82]0
274336,262591,20,11745,0fe7561bc2a17115c5ad8284f29995c07c54e9730
274416,266141,20,8275,c9eee68292a3f290b4b33e58b1b1dba695665d9f0
274516,268041,20,6475,9344dc76389a6f8aa2cdbf0ff21240282d3bc1e90
274595,241031,21,33564,9f0da089cdb26d21c74ad2a7cc9f91d4d188d940a70
274616,271235,20,3381,9e586e1ac1bb00a67fc25e1dbd35a2f5b8eb2eab0
274656,271476,20,3180,a61234fde61641b89daf3de527abbc65ae9dff910
274676,271796,20,2880,110e17cdd59b699fe717e90117e080b67f3a4d1a0
274696,272116,20,2580,ad634bb72b65728b4d64f43978dda9245eeb44100
274716,259275,20,15441,c7fee4bb3e71e58c3a47dc710f476a55ba07f58d0
274736,259467,20,15269,96a6a0b06d2bd52520ca2e4d37ce44160632fb110
274756,241372,20,33384,50ee2a1789f78174bf7fad3a2e9b21dec8ed0eb70
274776,241352,20,33424,b268e06dd9826e7c47c4b6bbc9f16df2d3bdc9ae0
274796,259373,20,15423,df165cf0478ac962f563cdc7886f6654ac0fb4cf0
274816,241332,20,33484,161dbc3f770dc97288eed3c864daba618a209a240
274836,246343,45,28493,[00^44]180
274911,241663,32,33248,33[00^28]64fa850
274944,270523,62,4421,[00^31]c0[00^30]0
275007,209887,32,65120,e0[00^30]2c0
275039,274944,31,95,[00^31]0
275072,275039,31,33,[00^31]0
275104,268122,31,6982,[00^30]040
275136,241888,62,33248,[00^30]0520[00^30]0
275200,241920,62,33280,[00^30]0620[00^30]0
275264,261344,31,13920,[00^30]080
275296,241984,62,33312,[00^30]0960[00^30]0
275359,223999,32,51360,c0[00^30]0b0
275392,242016,62,33376,[00^30]0be0[00^30]0
275456,275424,31,32,[00^30]0c0
275488,224032,63,51456,[00^30]0de0[00^30]100
275551,229054,32,46497,[00^31]100
275584,224128,62,51456,[00^30]1140[00^30]0
275648,260704,31,14944,[00^30]160
275679,242111,32,33568,a0[00^30]180
275711,260512,32,15199,[00^31]190
275744,260800,31,14944,[00^30]1a0
275776,260832,62,14944,[00^30]1b20[00^30]0
275840,242176,31,33664,[00^30]1c0
275872,242176,62,33696,[00^30]1cc0[00^30]0
275936,275904,30,32,[00^30]0
275968,260896,31,15072,[00^30]1f0
276000,275968,31,32,[00^30]1f0
276032,260928,62,15104,[00^30]20a0[00^30]0
276096,260960,31,15136,[00^30]240
276127,275711,31,416,[00^31]0
276160,260992,31,15168,[00^30]270
276191,260991,32,15200,60[00^30]270
276223,242207,32,34016,c0[00^30]290
276256,261056,31,15200,[00^30]2a0
276288,276256,31,32,[00^30]2a0
276320,224832,39,51488,[00^31]3602f482e70882ab0
276360,224872,16,51488,8502040eba5285026b44df95825a3c940
276396,224908,50,51488,87354a6ba7a1800780c0[00^40]0
276446,228094,4,48352,006df86b0
276451,228099,7,48352,8435a4e90083010
276460,254260,60,22200,94176211869ca2b568f2a7d4ee941e073a821ee1ff80b844095ea7b3[00^12]46a15b0b27311cedf172ab29e4f4766fbe7f43640
276520,228168,87,48352,ffffffffffffffffffffffffffffffffffffffffffffffffffffffffffffffff82e7088080[00^50]0
276610,244932,6,31678,82e7088084300
276619,276614,4,5,843054760
276629,271077,20,5552,e5d7c2a44ffddf6b295a15c148167daaaf5cf34f0
276656,243213,2,33443,00840
276658,249659,4,26999,d0e30db00
276663,245431,46,31232,[00^40]74f8728084300
276712,248200,26,28512,83016a1194629d74d459f072914f0b2aab9f7232fa36c1baed870
276743,248231,20,28512,0000b8447648ce45[00^12]0
276783,248271,79,28512,[00^31]0182e7088080[00^42]0
276867,267174,3,9693,02842f0
276872,274214,2,2658,00820
276876,268597,125,8279,94d1a3abf42f9e66be86cfdea8c5c2c74f041c5e1480b901045b7d7482[00^31]40[00^31]a0[00^31]400
277001,237205,3,39796,6133610
277006,256005,3,21001,3234370
277010,268376,3,8634,3235300
277013,263041,3,13972,3733310
277017,237213,5,39804,38623161380
277025,268851,3,8174,6263350
277028,218556,3,58472,3066340
277031,237218,4,39813,336233640
277035,268384,3,8651,3133610
277038,218248,3,58790,3866330
277043,219714,3,57329,6539320
277046,236968,3,40078,6465370
277053,277001,3,52,6133610
277059,235209,3,41850,3731610
277064,236881,33,40183,36[00^31]400
277097,252882,3,24215,3039380
277102,255291,3,21811,3734350
277105,268749,3,8356,3033650
277108,235230,3,41878,6366380
277111,235136,3,41975,3635310
277114,218577,4,58537,653830390
277118,277030,3,88,3433620
277121,277046,3,75,6465370
277125,252844,4,24281,633539310
277130,218146,3,58984,6265350
277134,235446,3,41688,3739650
277137,218231,3,58906,3664640
277142,256042,3,21100,3136360
277145,256039,3,21106,3336310
277148,218495,3,58653,3638320
277154,255310,3,21844,3066650
277161,276552,53,609,82e7088080[00^48]0
277219,252999,3,24220,06842f0
277222,248358,4,28864,af0800830
277229,235766,22,41463,948731d54e9d02c286767d56ac03e8037c07e01e98880
277259,235796,50,41463,b8e41114cd2a[00^31]b8[00^12]0
277329,276937,56,392,[00^31]a0[00^24]0
277393,277361,25,32,[00^24]020
277425,235962,32,41463,[00^31]140
277457,277309,32,148,0b1d908dc224767df7e38b3742663a74c69580ee[00^12]0
277489,277161,45,328,82e7088080[00^40]0
277534,268574,9,8960,013302f9012f82e7080
277544,255144,138,22400,842ef1ea4f842ef1ea59827e5494d1a3abf42f9e66be86cfdea8c5c2c74f041c5e1480b901045b7d7482[00^31]40[00^31]a0[00^31]400
277683,219614,3,58069,3264620
277688,277031,3,657,3362330
277692,255749,3,21943,3165350
277697,255408,3,22289,6438650
277702,255751,3,21951,3566640
277706,252792,3,24914,6139360
277710,268776,3,8934,3964390
277716,252918,3,24798,6163300
277720,219286,3,58434,6161620
277723,255380,3,22343,6362320
277729,256009,3,21720,3135340
277733,219304,3,58429,6665300
277736,237229,3,40507,3861650
277739,236825,3,40914,6434620
277742,252811,3,24931,6434640
277746,268338,33,9408,[00^31]40640
277780,277114,3,666,6538300
277784,235479,3,42305,3036350
277790,219281,3,58509,3965630
277800,255987,3,21813,3336650
277810,268466,3,9344,3364630
277814,215130,3,62684,3132370
277821,218207,3,59614,3635300
277825,235556,3,42269,3761300
277832,277060,3,772,3161360
277837,268723,3,9114,6132350
277842,215186,52,62656,c0[00^44]5102f84e82e7080
277894,216326,3,61568,01842e0
277897,267432,10,10465,f1ea4f842ef1ea5983010
277907,215251,107,62656,0a3b949dba31e492b7e98b8195e254ee13b6b027e4a59d80a4a7f68792766f7465[00^28]c0[00^45]0
278014,267166,8,10848,007202f86f82e7080
278023,277895,11,128,842ef1ea4f842ef1ea59830
278037,267189,24,10848,94009a0b7c38b542208936f1179151cd08e294383380b8440
278061,216372,16,61689,f2b9fdb8[00^12]0
278077,255036,98,23041,2ad69a0cf272b9941c7ddcada7b0273e9046c4b0[00^28]52bf5678c0[00^45]0
278175,271327,6,6848,3002ee82e7080
278182,267334,95,10848,842ef1ea4f842ef1ea5983010b3694cce9d3f392c135dc038b147ca73ec496f7f89d938084183ff085c0[00^47]3002ee82e7080
278277,236069,3,42208,27842e0
278280,278184,86,96,f1ea4f842ef1ea5983010b3694cce9d3f392c135dc038b147ca73ec496f7f89d938084183ff085c0[00^46]0
278366,215998,12,62368,011a02f9011682e70801842e0
278378,278280,9,98,f1ea4f842ef1ea59830
278390,216022,22,62368,948731d54e9d02c286767d56ac03e8037c07e01e98870
278418,235795,51,42623,1eb8e41114cd2a[00^31]b8[00^12]0
278489,277618,57,871,[00^31]a0[00^25]0
278552,270908,27,7644,[00^26]020
278584,235961,33,42623,[00^32]140
278617,278469,32,148,2e508411a50ad2acdebf4551f97c7785f3e610bc[00^12]0
278649,268185,38,10464,c0[00^36]010
278687,244927,8,33760,f402f901f082e7080
278696,278376,11,320,842ef1ea4f842ef1ea59830
278707,237395,223,41312,0205aa940872ec4426103482a50f26ffc32acefcec61b3c980b901c4d4dfd6bc[00^127]01[00^31]01[00^28]6522120
278931,273898,160,5033,[00^63]05[00^62]0140[00^31]410
279155,237843,75,41312,1b[00^31]c0[00^42]0
279230,254974,8,24256,007102f86e82e7080
279238,255143,12,24095,10842ef1ea4f842ef1ea59820
279252,276460,40,2792,94176211869ca2b568f2a7d4ee941e073a821ee1ff80b844095ea7b3[00^12]0
279312,279201,30,111,[00^30]0
279345,244081,53,35264,[00^46]7102f86e82e7080
279399,279239,11,160,842ef1ea4f842ef1ea59820
279413,262399,20,17014,4af15ec2a0bd43db75dd04e62faa3b8ef36b00d50
279433,279273,19,160,80b844095ea7b3[00^12]0
279452,254423,20,25029,678aa4bf4e210cf2166753e054d5b7c31cc7fa860
279472,278555,24,917,[00^23]020
279505,226573,46,52932,[00^45]030
279551,245631,3,33920,db02f90
279555,245635,4,33920,d782e7080
279560,269896,11,9664,842eebaff8842eebb002830
279574,269910,22,9664,9480e38291e06339d10aab483c65695d004dbd5c69870
279603,233258,67,46345,b903a42cc4081e[00^31]60[00^28]0
279674,270010,31,9664,[00^28]64fab40
279706,270042,153,9664,[00^31]01[00^31]20[00^31]60[00^57]0
279859,279596,7,263,61afa6c14cc30d0
279866,233521,256,46345,[00^31]02[00^31]40[00^30]0160[00^12]7f72e0d8e9abf9133a92322b8b50bd8e0f9dcfcb[00^31]80[00^62]01[00^32]600
280122,233777,256,46345,[00^12]e5d7c2a44ffddf6b295a15c148167daaaf5cf34f[00^12]4cbab02a5448605e95181489b6ec0404e721eb85[00^76]4cbab02a5448605e95181489b6ec0404e721eb85[00^31]80[00^62]01000
280378,234033,76,46345,[00^31]60[00^12]7d43aabc515c356145049227cee54b608342c0ad[00^12]0
280474,270490,100,9984,[00^31]02[00^32]c0[00^35]0
280574,255838,148,24736,013302f9012f82e70847842eebaff8842eebb002827e5494d1a3abf42f9e66be86cfdea8c5c2c74f041c5e1480b901045b7d7482[00^31]40[00^31]a0[00^31]400
280724,277018,3,3706,6231610
280727,252886,3,27841,3136650
280732,235239,3,45493,6366650
280738,252909,3,27829,3137620
280742,219656,3,61086,6363380
280746,255329,4,25417,316534610
280750,280730,4,20,313163660
280754,219258,3,61496,6362650
280759,235486,3,45273,6462340
280763,218498,3,62265,6165660
280768,252891,3,27877,6562390
280774,277102,4,3672,373435300
280778,268519,3,12259,3838300
280781,235582,3,45199,6564640
280785,219217,33,61568,65[00^31]400
280819,252805,3,28014,3935630
280822,235137,3,45685,3531620
280831,237296,3,43535,6464370
280834,268747,3,12087,6132300
280837,277682,3,3155,3832640
280842,218454,4,62388,356635330
280848,235199,3,45649,3232660
280852,219724,4,61128,333962300
280856,255332,3,25524,6136350
280862,235470,3,45392,3361300
280865,252904,3,27961,6266360
280873,218158,3,62715,3966640
280882,268530,53,12352,c0[00^43]013302f9012f82e7080
280935,270604,3,10331,3a842e0
280938,280586,136,352,ebaff8842eebb002827e5494d1a3abf42f9e66be86cfdea8c5c2c74f041c5e1480b901045b7d7482[00^31]40[00^31]a0[00^31]400
281075,268842,3,12233,6163630
281082,277016,3,4066,6438620
281085,219730,3,61355,3431630
281093,219292,3,61801,3835650
281096,218585,3,62511,3437660
281100,268758,3,12342,3636660
281104,255402,3,25702,3362360
281108,277033,3,4075,3364310
281112,236862,3,44250,3238390
281117,268764,3,12353,3331390
281120,268406,3,12714,6565330
281123,268819,3,12304,3336320
281128,277032,4,4096,623364310
281133,219299,3,61834,3837340
281137,277064,33,4073,36[00^31]400
281170,277779,3,3391,3965380
281173,256085,3,25088,6566370
281179,263075,3,18104,3330360
281182,263082,3,18100,6566650
281186,268868,3,12318,6631300
281189,235123,3,46066,3231330
281192,256102,3,25090,6364320
281195,255785,4,25410,326662370
281199,219282,3,61917,6563620
281207,235189,4,46018,636461380
281214,255764,3,25450,6238340
281217,235472,3,45745,3031300
281220,277691,4,3529,363165350
281226,219621,3,61605,3533650
281233,236977,46,44256,37c0[00^43]010
281279,278367,11,2912,1a02f9011682e70801842e0
281290,279562,9,1728,ebaff8842eebb002830
281299,278387,25,2912,085751948731d54e9d02c286767d56ac03e8037c07e01e98870
281329,235794,52,45535,961eb8e41114cd2a[00^31]b8[00^12]0
281401,281010,57,391,[00^31]a0[00^25]0
281458,246387,32,35071,18de76816d80[00^26]0
281495,235960,34,45535,50[00^32]140
281529,281381,32,148,40de6dff740be57804fd4bc50162687455462e6b[00^12]0
281561,278649,38,2912,c0[00^36]010
281599,281279,8,320,1a02f9011682e7080
281607,268935,12,12672,02842eebaff8842eebb002830
281622,281302,22,320,948731d54e9d02c286767d56ac03e8037c07e01e98870
281649,278417,52,3232,d61eb8e41114cd2a[00^31]b8[00^12]0
281721,281401,57,320,[00^31]a0[00^25]0
281784,281726,26,58,[00^26]0
281816,281496,33,320,[00^32]140
281849,281701,32,148,b6d68559c86fb291ea2543be2f0eeee01c8ade98[00^12]0
281882,279354,44,2528,[00^37]7102f86e82e7080
281927,280936,11,991,842eebaff8842eebb002820
281938,217586,42,64352,eb9294176211869ca2b568f2a7d4ee941e073a821ee1ff80b844095ea7b3[00^12]0
282000,263636,30,18364,[00^28]01c00
282032,279344,54,2688,c0[00^46]7102f86e82e7080
282086,281287,3,799,01842e0
282089,270602,8,11487,e6213a842ee621440
282100,244148,40,37952,947d43aabc515c356145049227cee54b608342c0ad80b844095ea7b3[00^12]0
282140,279575,20,2565,80e38291e06339d10aab483c65695d004dbd5c690
282160,276520,32,5640,ffffffffffffffffffffffffffffffffffffffffffffffffffffffffffffffff0
282192,282032,54,160,c0[00^46]7102f86e82e7080
282246,270599,11,11647,02842ee6213a842ee621440
282260,282100,60,160,947d43aabc515c356145049227cee54b608342c0ad80b844095ea7b3[00^12]80e38291e06339d10aab483c65695d004dbd5c690
282320,275654,25,6666,[00^24]160
282353,282193,46,160,[00^46]0
282402,269892,6,12510,82e70880842e0
282410,282251,3,159,3a842e0
282419,276628,21,5791,94e5d7c2a44ffddf6b295a15c148167daaaf5cf34f0
282446,276656,47,5790,0084d0e30db0c0[00^40]0
282493,278269,8,4224,00003002ee82e7080
282502,282406,10,96,842edede3a842edede440
282512,219376,87,63136,83010b3694cce9d3f392c135dc038b147ca73ec496f7f89d938084183ff085c0[00^46]013302f9012f82e7080
282600,282406,11,194,842edede3a842edede44820
282611,234963,128,47648,7e5494d1a3abf42f9e66be86cfdea8c5c2c74f041c5e1480b901045b7d7482[00^31]40[00^31]a0[00^31]40320
282742,268756,3,13986,3663360
282745,281096,3,1649,3437660
282748,255784,3,26964,6332660
282751,282744,3,7,3634370
282758,255391,3,27367,3435370
282761,281112,3,1649,3238390
282768,277739,3,5029,6434620
282771,218229,3,64542,6532360
282776,255646,3,27130,6432640
282783,277720,3,5063,6161620
282786,219257,4,63529,356362650
282790,256044,3,26746,3666650
282793,268753,3,14040,3264370
282796,252800,3,29996,6138610
282799,277138,3,5661,6464620
282802,277650,33,5152,[00^31]40380
282835,219706,3,63129,3463370
282841,237191,3,45650,3934630
282845,281098,3,1747,6637360
282848,255413,3,27435,6337660
282851,256014,3,26837,3539360
282856,281132,3,1724,3538370
282859,268520,3,14339,3830340
282864,255405,3,27459,3234650
282868,277007,3,5861,3437350
282872,218159,3,64713,6664370
282878,280779,3,2099,3830650
282885,237288,3,45597,3930640
282888,268413,4,14475,356466620
282895,255335,3,27560,6237660
282899,282195,51,704,[00^44]7102f86e82e7080
282950,267429,3,15521,05842e0
282953,282602,9,351,dede3a842edede44820
282985,282281,19,704,80b844095ea7b3[00^12]0
283004,270615,20,12389,f82537fb6c56a3b50092d3951f84f5f6c835b4f50
283024,282160,79,864,ffffffffffffffffffffffffffffffffffffffffffffffffffffffffffffffffc0[00^46]0
283103,282495,6,608,3002ee82e7080
283110,271334,88,11776,842d783120842d78312783010b3694cce9d3f392c135dc038b147ca73ec496f7f89d938084183ff085c0[00^46]0
283198,258974,53,24224,00ecf8ea01842aea5400829b28940872ec4426103482a50f26ffc32acefcec61b3c980b8c4f242432a[00^12]0
283251,274796,20,8455,df165cf0478ac962f563cdc7886f6654ac0fb4cf0
283271,259047,215,24224,[00^12]01e4a663fffaf1430d3a36588b2c14b72231d8b4[00^31]05[00^31]01[00^31]a0[00^32]82e7088080[00^50]0
283486,272062,54,11424,010df9010a01842aea5400829d78940872ec4426103482a50f26ffc32acefcec61b3c980b8e4f242432a[00^12]0
283540,274736,20,8804,96a6a0b06d2bd52520ca2e4d37ce44160632fb110
283560,257640,256,25920,[00^12]aec3cacef9457ff2821d9f85429ce3d90b001459[00^31]05[00^31]01[00^31]a0[00^64]82e7088080[00^49]01eff901ec80842aea540
283816,257896,225,25920,0083015f90940872ec4426103482a50f26ffc32acefcec61b3c980b901c4d4dfd6bc[00^127]01[00^31]01[00^28]6514160
284042,278931,160,5111,[00^63]05[00^62]0140[00^31]410
284216,225563,2,58653,00660
284266,239018,138,45248,1c[00^31]82e7088080[00^47]010df9010a01842aea5400829d78940872ec4426103482a50f26ffc32acefcec61b3c980b8e4f242432a[00^12]0
284404,274716,20,9688,c7fee4bb3e71e58c3a47dc710f476a55ba07f58d0
284424,283560,256,864,[00^12]aec3cacef9457ff2821d9f85429ce3d90b001459[00^31]05[00^31]01[00^31]a0[00^64]82e7088080[00^49]01eff901ec80842aea540
284680,283816,224,864,0083015f90940872ec4426103482a50f26ffc32acefcec61b3c980b901c4d4dfd6bc[00^127]01[00^31]01[00^28]65140
284906,284042,160,864,[00^63]05[00^62]0140[00^31]410
285075,243280,3,41795,d135bb0
285130,258890,85,26240,1b[00^31]82e7088080[00^48]0
285215,259359,4,25856,2eed82020
285220,274210,9,11010,842aea5400825208940
285249,259393,61,25856,8654953ff6d0008082e7088080[00^48]0
285310,257022,235,28288,01eff901ec80842aea540083015f90940872ec4426103482a50f26ffc32acefcec61b3c980b901c4d4dfd6bc[00^127]01[00^31]01[00^28]6514170
285546,284906,160,640,[00^63]05[00^62]0140[00^31]410
285770,274122,87,11648,1c[00^31]82e7088080[00^48]2ceb0
285857,240065,10,45792,56842aea5400825208940
285875,235566,3,50309,3039370
285887,239999,76,45888,865af3107a40008082e7088080[00^51]2ceb56842aea5400825208940
285967,276029,2,9938,001f0
285983,285887,76,96,865af3107a40008082e7088080[00^51]2ceb56842aea5400825208940
286078,274238,96,11840,98865af3107a40008082e7088080[00^82]0
286176,240832,20,45344,45a318273749d6eb00f5f6ca3bc7cd3de26d642a0
286196,259624,20,26572,3d391afffed2255a2dd00325c3a96a5a8e023ff80
286236,276763,20,9473,336f81cbe8c6bff59d6ed1b8bbb28c5e88c766b30
286276,277457,20,8819,0b1d908dc224767df7e38b3742663a74c69580ee0
286336,259964,20,26372,42601170d8cb28522671979bd89a708b93ac11b10
286396,278617,20,7779,2e508411a50ad2acdebf4551f97c7785f3e610bc0
286428,279701,2,6727,00640
286476,280454,20,6022,fc0c2df02b1616b05c22b3044c582c4150cfd3a90
286516,259884,20,26632,01bdbfdd901b0e8000dd0ad7ddf85ef6cf8776fa0
286536,281529,20,5007,40de6dff740be57804fd4bc50162687455462e6b0
286556,281849,20,4707,b6d68559c86fb291ea2543be2f0eeee01c8ade980
286616,223108,20,63508,b5857d19298f419f371163a20d188a185f641e940
286713,286712,3,1,7777770
286736,283251,20,3485,df165cf0478ac962f563cdc7886f6654ac0fb4cf0
286756,283540,20,3216,96a6a0b06d2bd52520ca2e4d37ce44160632fb110
286776,273579,20,13197,5aa25f6177ca1506e5e97f3310e892b1410ea3df0
286796,284404,20,2392,c7fee4bb3e71e58c3a47dc710f476a55ba07f58d0
286816,274219,20,12597,2b5a181148ea2bfc7c70773727d489faf45fee980
286836,283283,20,3553,01e4a663fffaf1430d3a36588b2c14b72231d8b40
286856,273483,20,13373,0308dbce2c3dfd9ae4f04ba21c5170924acb3bb30
286935,266601,43,20334,[00^41]02000
287008,274912,31,12096,[00^28]64fa850
287040,280507,62,6533,[00^31]c0[00^30]0
287104,271000,31,16104,[00^30]420
287135,271155,32,15980,[00^31]440
287168,287135,31,33,[00^31]0
287200,279520,31,7680,[00^30]030
287232,275232,94,12000,[00^30]06c0[00^30]0820[00^30]0
287328,287296,30,32,[00^30]0
287360,281818,31,5542,[00^30]140
287392,287360,30,32,[00^30]0
287423,287168,31,255,[00^31]0
287456,279739,31,7717,[00^30]200
287488,287456,31,32,[00^30]200
287520,276064,31,11456,[00^30]210
287552,276064,62,11488,[00^30]21e0[00^30]0
287616,224448,31,63168,[00^30]310
287648,261248,31,26400,[00^30]320
287680,287648,31,32,[00^30]320
287711,242463,32,45248,e0[00^30]330
287744,246024,31,41720,[00^30]340
287775,282368,32,5407,[00^31]350
287808,242560,63,45248,[00^30]3680[00^30]370
287872,242656,62,45216,[00^30]39e0[00^30]0
287935,287775,31,160,[00^31]0
287968,282803,31,5165,[00^30]400
288000,242784,62,45216,[00^30]40a0[00^30]0
288070,243209,5,44861,843b9aca000
288100,266315,4,21785,80b903240
288108,260679,24,27429,[00^23]130
288140,264378,61,23762,[00^31]03[00^29]0
288201,279799,33,8402,000060[00^30]0
288236,287922,13,314,[00^12]3c0
288268,285450,63,2818,[00^31]01[00^31]0
288331,264978,45,23353,60[00^30]0220[00^12]0
288376,280422,32,7954,7d43aabc515c356145049227cee54b608342c0ad[00^12]0
288408,270687,115,17721,[00^19]40[00^31]02[00^31]40[00^30]010
288523,261522,63,27001,[00^32]a0[00^30]0
288586,262590,2,25996,000f0
288588,288396,63,192,[00^31]40[00^31]0
288652,288236,13,416,[00^12]3c0
288684,288652,12,32,[00^12]0
288696,271031,21,17665,eb466342c4d449bc9f53a865d5cb90586f405215000
288717,288525,139,192,[00^30]a0[00^31]0f[00^31]40[00^31]40[00^12]0
288856,280262,32,8594,4cbab02a5448605e95181489b6ec0404e721eb85[00^12]0
288888,281941,20,6947,176211869ca2b568f2a7d4ee941e073a821ee1ff0
288908,286087,50,2821,82e7088080[00^45]0
288958,276862,5,12096,012ef9012b0
288964,276451,5,12513,8435a4e9000
288969,276873,128,12096,82bd7e94d1a3abf42f9e66be86cfdea8c5c2c74f041c5e1480b901045b7d7482[00^31]40[00^31]a0[00^31]400
289098,268415,3,20683,6662660
289102,235200,3,53902,3266660
289106,282879,3,6227,3065340
289110,255319,3,33791,3532340
289113,255748,3,33365,3831650
289117,268471,3,20646,3861350
289122,281079,4,8043,623639640
289131,277721,3,11410,6162630
289134,237293,3,51841,3630660
289137,277786,3,11351,3561330
289141,256106,3,33035,6666320
289150,277028,4,12122,306634330
289157,255388,3,33769,6566330
289160,256049,33,33111,37[00^31]400
289194,282863,3,6331,3232340
289198,282795,3,6403,3761380
289201,280872,3,8329,3439660
289207,235198,3,54009,3732320
289213,282760,3,6453,3732380
289217,236954,3,52263,3466330
289220,255679,3,33541,6266350
289225,280765,3,8460,6662300
289230,280878,3,8352,3833330
289247,252926,3,36321,3938630
289251,268869,3,20382,3130380
289254,236928,3,52326,6439330
289257,286087,53,3170,82e7088080[00^48]0
289316,289257,3,59,82e7080
289334,228374,22,60960,943335733c454805df6a77f825f266e136fb4a3333870
289366,228406,67,60960,e1fcde8e[00^31]60[00^31]0
289434,264346,63,25088,[00^31]e0[00^31]0
289498,288364,63,1134,[00^12]7d43aabc515c356145049227cee54b608342c0ad[00^31]0
289562,289537,24,25,[00^24]0
289592,268120,33,21472,[00^32]040
289662,242706,13,46956,[00^12]3b0
289694,243107,13,46587,[00^12]5e0
289726,231918,57,57808,[00^12]e28033a9bd54202d5f2487dd2c8518f48f4f07c2[00^25]0
289790,280507,63,9283,[00^31]c0[00^31]0
289853,279737,45,10116,01[00^31]20[00^12]0
289898,253015,20,36883,032b241de86a8660f1ae0691a4760b426ea246d70
289918,289886,44,32,[00^12]032b241de86a8660f1ae0691a4760b426ea246d7[00^12]0
289962,289510,51,452,7d43aabc515c356145049227cee54b608342c0ad[00^31]0
290013,290012,25,1,[00^25]0
290038,289586,38,452,de0b6b3a7640[00^32]0
290076,289464,46,612,00e0[00^31]01[00^12]0
290122,288441,19,1681,[00^18]020
290142,267573,131,22569,ac9650d8[00^31]20[00^31]02[00^31]40[00^30]010
290273,266386,32,23887,c0[00^30]010
290306,253203,124,37103,75ceafe6[00^31]20[00^31]a0[00^56]0
290430,290038,33,392,de0b6b3a7640[00^27]0
290463,289783,35,680,222888acfe4ee2[00^28]0
290498,266895,35,23603,ffffffff[00^31]0
290534,289962,21,572,7d43aabc515c356145049227cee54b608342c0ad000
290555,254836,23,35719,01f4176211869ca2b568f2a7d4ee941e073a821ee1ff000
290600,253451,89,37149,0001f4e5d7c2a44ffddf6b295a15c148167daaaf5cf34f[00^66]0
290689,253554,49,37135,4449404b7c[00^44]0
290758,232390,120,58368,[00^84]c0[00^35]0
290879,270591,3,20288,b402f90
290883,270595,4,20288,b082e7080
290888,266280,11,24608,8430558cfe8430558cfe830
290902,266294,24,24608,941d0188c4b276a09366d05d6be06af61a73bc753580b9030
290927,266319,67,24608,d3115a8a[00^31]60[00^31]0
290994,267704,32,23290,e0[00^30]010
291027,288140,44,2887,[00^31]03[00^12]0
291071,263910,52,27161,176211869ca2b568f2a7d4ee941e073a821ee1ff[00^12]cc22f6aa610d1b2a0e89ef228079cb3e1831b1d10
291124,290199,11,925,[00^10]020
291155,288140,63,3015,[00^31]03[00^31]0
291218,264121,160,27097,[00^96]02[00^31]40[00^30]010
291379,288119,13,3260,[00^12]130
291392,291136,50,256,1d56758351c9885862ada09a6a7071735c83b3[00^31]0
291442,248849,81,42593,60[00^31]c0[00^31]02[00^16]0
291523,265854,13,25669,[00^12]470
291539,264442,27,27097,0201[00^14]ffffffffffffffffffffff0
291571,285449,44,6122,[00^32]01[00^11]0
291635,264570,228,27065,[00^31]60[00^31]c0[00^31]020101[00^30]0202[00^14]7fffffffffffffffffffffffffffffff[00^32]c0[00^35]0
291863,265559,12,26304,[00^7]0296f902930
291880,276711,3,15169,9a83010
291885,265581,93,26304,9480e38291e06339d10aab483c65695d004dbd5c6987470de4df820000b902642cc4081e[00^31]60[00^23]01c70
291985,279674,31,12311,[00^28]64fab40
292017,265713,256,26304,[00^31]01[00^31]20[00^31]60[00^57]470de4df82[00^33]01[00^31]20[00^12]7f72e0d8e9abf9133a92322b8b50bd8e0f9dcfcb0
292273,265969,256,26304,[00^31]80[00^62]01[00^32]60[00^12]e5d7c2a44ffddf6b295a15c148167daaaf5cf34f[00^12]c9eee68292a3f290b4b33e58b1b1dba695665d9f[00^31]02[00^32]0
292529,266225,45,26304,82e7088080[00^40]0
292580,267524,5,25056,82e70819840
292593,291885,22,708,9480e38291e06339d10aab483c65695d004dbd5c69870
292620,254450,4,38170,8000b9010
292629,292241,63,388,[00^12]7f72e0d8e9abf9133a92322b8b50bd8e0f9dcfcb[00^31]0
292692,290273,32,2419,c0[00^30]010
292725,285387,95,7338,[00^94]010
292821,248594,89,44227,[00^31]02[00^57]0
292910,292615,7,295,1ff973cafa80000
292917,289950,56,2967,[00^12]7d43aabc515c356145049227cee54b608342c0ad[00^24]0
292981,292209,44,772,[00^31]20[00^12]0
293045,291795,74,1250,[00^32]c0[00^41]0
293119,276447,3,16672,6df86b0
293122,263558,3,29564,0e84300
293125,292586,4,539,486286830
293132,282260,40,10872,947d43aabc515c356145049227cee54b608342c0ad80b844095ea7b3[00^12]0
293172,253911,20,39261,272e156df8da513c69cb41cc7a99185d53f926bb0
293192,276520,86,16672,ffffffffffffffffffffffffffffffffffffffffffffffffffffffffffffffff82e7088080[00^49]0
293280,261376,3,31904,02f9080
293284,255492,4,37792,82e708810
293289,293123,5,166,84304862860
293294,293123,6,171,8430486286830
293303,290902,23,2401,941d0188c4b276a09366d05d6be06af61a73bc753580b90
293327,266318,68,27009,24d3115a8a[00^31]60[00^31]0
293395,290994,109,2401,e0[00^30]0160[00^31]03[00^12]176211869ca2b568f2a7d4ee941e073a821ee1ff[00^12]0
293524,281798,13,11726,[00^12]d00
293556,291155,159,2401,[00^31]03[00^127]0
293716,293364,63,352,[00^31]e0[00^30]010
293779,250594,32,43185,c0[00^30]020
293811,288031,32,5780,a0[00^30]030
293844,246234,63,47610,[00^30]0440[00^30]050
293907,289279,32,4628,[00^31]050
293941,293525,62,416,[00^11]d0e67ce5e72beba9d0986479ea4e4021120cf794[00^31]0
294003,291666,98,2337,60[00^31]c0[00^31]020101[00^30]020
294102,246107,74,47995,[00^62]04[00^11]0
294196,293972,97,224,[00^31]60[00^31]c0[00^31]02010
294293,285193,23,9100,[00^22]2e0
294325,293753,26,572,[00^25]010
294356,294132,127,224,[00^32]04[00^11]76b17077ea576c531f26cc5f4c613014b6bbb5e5[00^31]60[00^31]0
294483,267026,33,27457,a0[00^31]010
294517,290483,19,4034,[00^15]ffffffff0
294536,267892,7,26644,fffffffffffffe0
294548,294120,44,428,[00^44]0
294592,293952,116,640,d0e67ce5e72beba9d0986479ea4e4021120cf794[00^31]60[00^31]c0[00^31]020
294708,292366,16,2342,0001[00^14]0
294724,291779,16,2945,7fffffffffffffffffffffffffffffff0
294740,291763,64,2977,0202[00^14]7fffffffffffffffffffffffffffffff[00^32]0
294804,294388,128,416,04[00^11]76b17077ea576c531f26cc5f4c613014b6bbb5e5[00^31]60[00^31]a0[00^31]010
294933,294517,22,416,[00^15]ffffffffffffff0
294964,294548,192,416,[00^44]d0e67ce5e72beba9d0986479ea4e4021120cf794[00^31]60[00^31]c0[00^31]020001[00^14]7fffffffffffffffffffffffffffffff0
295157,294741,63,416,02[00^14]7fffffffffffffffffffffffffffffff[00^32]0
295220,249010,152,46210,05[00^62]60[00^31]a0[00^31]010001[00^14]ffffffffffffffff0
295372,295371,5,1,ffffffffff0
295380,291795,75,3585,[00^32]c0[00^42]0
295455,282943,7,12512,7102f86e82e7080
295463,281927,11,13536,842eebaff8842eebb002820
295474,282098,42,13376,b60f947d43aabc515c356145049227cee54b608342c0ad80b844095ea7b3[00^12]0
295516,283004,99,12512,f82537fb6c56a3b50092d3951f84f5f6c835b4f5ffffffffffffffffffffffffffffffffffffffffffffffffffffffffffffffffc0[00^46]0
295615,295455,7,160,7102f86e82e7080
295622,278695,3,16927,07842e0
295625,281929,10,13696,ebaff8842eebb00282eb0
295635,254259,41,41376,8694176211869ca2b568f2a7d4ee941e073a821ee1ff80b844095ea7b3[00^12]0
295676,279452,43,16224,678aa4bf4e210cf2166753e054d5b7c31cc7fa86[00^23]0
295719,288773,7,6946,[00^6]0f0
295729,295569,46,160,[00^46]0
295775,277887,7,17888,5102f84e82e7080
295782,282950,11,12832,05842edede3a842edede440
295793,277905,117,17888,83010a3b949dba31e492b7e98b8195e254ee13b6b027e4a59d80a4a7f68792766f7465[00^28]c0[00^46]7202f86f82e7080
295910,278277,3,17633,27842e0
295913,295785,10,128,dede3a842edede4483010
295925,295636,40,289,94176211869ca2b568f2a7d4ee941e073a821ee1ff80b844095ea7b3[00^12]0
295965,293172,52,2793,272e156df8da513c69cb41cc7a99185d53f926bbffffffffffffffffffffffffffffffffffffffffffffffffffffffffffffffff0
296018,253287,45,42731,[00^44]0e0
296068,295907,3,161,82e7080
296072,295911,11,161,842edede3a842edede44830
296086,245654,21,50432,946352a56caadc4f1e25cd6c75970fa768a3304e640
296111,245686,112,50425,90411a32[00^12]2b5f704ab7061fb4dbfc5876b024f4bdb2f5e8b6[00^31]60[00^30]01c0[00^12]0
296223,268991,64,27232,176211869ca2b568f2a7d4ee941e073a821ee1ff[00^12]eeeeeeeeeeeeeeeeeeeeeeeeeeeeeeeeeeeeeeee[00^12]0
296287,296127,32,160,2b5f704ab7061fb4dbfc5876b024f4bdb2f5e8b6[00^12]0
296339,296180,29,159,[00^29]0
296371,275621,26,20750,[00^25]150
296403,296371,26,32,[00^25]150
296435,292821,44,3614,[00^31]02[00^12]0
296479,246054,115,50425,3487ef9f9b36547e43268b8f0e2349a226c70b53[00^30]0140[00^63]0
296595,295284,62,1311,[00^31]a0[00^30]0
296659,287232,63,9427,[00^30]06c0[00^30]080
296723,250824,62,45899,[00^30]0a[00^31]0
296785,247868,128,48917,[00^97]80[00^30]0
296919,247710,126,49209,[00^12]176211869ca2b568f2a7d4ee941e073a821ee1ff[00^15]01[00^15]01[00^31]80[00^30]0
297046,290177,96,6869,20[00^31]02[00^31]40[00^30]010
297143,247838,160,49305,[00^127]80[00^31]640
297307,296919,44,388,[00^12]176211869ca2b568f2a7d4ee941e073a821ee1ff[00^12]0
297371,296339,57,1032,[00^29]9b674f[00^25]0
297428,295600,16,1828,[00^15]710
297444,297352,48,92,60570bb153edd0ea1775ec2b2ac9b65f1ab61b[00^29]0
297492,297204,99,288,[00^66]80[00^31]640
297595,297307,44,288,[00^12]176211869ca2b568f2a7d4ee941e073a821ee1ff[00^12]0
297659,297371,72,288,[00^29]9b674f[00^40]0
297731,297059,51,672,[00^19]02[00^31]0
297783,247806,72,49977,[00^31]44[00^40]0
297855,297639,49,216,5ec5b1e9b1bd5198343abb6e55fb695d2f7bb308[00^29]0
297904,247607,98,50297,[00^66]80[00^30]010
298007,297939,44,68,[00^31]80[00^12]0
298051,296127,51,1924,2b5f704ab7061fb4dbfc5876b024f4bdb2f5e8b6[00^31]0
298102,292336,77,5766,[00^31]01[00^32]60[00^12]0
298179,245830,64,52349,176211869ca2b568f2a7d4ee941e073a821ee1ff[00^12]2b5f704ab7061fb4dbfc5876b024f4bdb2f5e8b6[00^12]0
298243,248606,115,49637,[00^19]02[00^95]0
298358,297878,124,480,[00^92]80[00^30]010
298483,246650,131,51833,9f865422[00^12]e5d7c2a44ffddf6b295a15c148167daaaf5cf34f[00^15]01[00^15]01[00^31]80[00^31]0
298615,246298,89,52317,[00^12]e5d7c2a44ffddf6b295a15c148167daaaf5cf34f[00^57]0
298704,297520,70,1184,[00^38]80[00^31]0
298775,252279,35,46496,2e1a7d4d[00^31]0
298811,247202,232,51609,[00^183]80[00^31]648a6a1e85[00^12]0
299043,296255,32,2788,eeeeeeeeeeeeeeeeeeeeeeeeeeeeeeeeeeeeeeee[00^12]0
299075,247466,45,51609,353c1f0bc78fbbc245b3c93ef77b1dcc5b77d2a02710[00^23]0
299120,296428,38,2692,15f70a99de40cc[00^31]0
299158,247549,173,51609,[00^124]80[00^30]01a49f865422[00^12]0
299331,269023,35,30308,eeeeeeeeeeeeeeeeeeeeeeeeeeeeeeeeeeeeeeee[00^15]0
299366,247757,256,51609,01[00^15]01[00^31]80[00^31]44[00^127]80[00^31]64d1660f99[00^11]0
299622,248013,1,51609,000
299623,299331,32,292,eeeeeeeeeeeeeeeeeeeeeeeeeeeeeeeeeeeeeeee[00^12]0
299655,296319,49,3336,33fa83e5622d32974e09d5993f47c0ebf6fcadf5[00^29]0
299704,248095,96,51609,000001[00^56]c0[00^36]0
299800,299700,7,100,[00^6]010
299808,282592,3,17216,02f9010
299812,282402,14,17410,82e70880842edede3a842edede440
299830,253910,21,45920,94272e156df8da513c69cb41cc7a99185d53f926bb0
299857,253938,53,45919,0000b90104a8c9ed67[00^12]e5d7c2a44ffddf6b295a15c148167daaaf5cf34f[00^12]0
299910,289962,51,9948,7d43aabc515c356145049227cee54b608342c0ad[00^31]0
299962,299949,12,13,[00^12]0
299994,269299,31,30695,[00^28]64fa8a0
300026,293690,26,6336,[00^25]070
300052,299853,6,199,1afd498d00000
300058,300057,24,1,[00^24]0
300090,299731,69,359,[00^32]c0[00^36]0
300159,283103,6,17056,3002ee82e7080
300166,282502,88,17664,842edede3a842edede4483010b3694cce9d3f392c135dc038b147ca73ec496f7f89d938084183ff085c0[00^46]0
300254,295774,8,4480,005102f84e82e7080
300263,300166,6,97,842edede3a840
300304,263633,77,36671,[00^31]01c0[00^44]0
300381,295613,9,4768,00007102f86e82e7080
300396,300391,4,5,842d6bc40
300425,263594,19,36831,80b844a22cb465[00^12]0
300461,299973,2,488,00bd0
300464,300304,78,160,[00^31]01c0[00^45]0
300542,284350,54,16192,010df9010a01842aea5400829d78940872ec4426103482a50f26ffc32acefcec61b3c980b8e4f242432a[00^12]0
300596,286856,20,13740,0308dbce2c3dfd9ae4f04ba21c5170924acb3bb30
300616,271816,256,28800,[00^12]aec3cacef9457ff2821d9f85429ce3d90b001459[00^31]05[00^31]01[00^31]a0[00^64]82e7088080[00^49]010df9010a01842aea540
300872,272072,44,28800,00829d78940872ec4426103482a50f26ffc32acefcec61b3c980b8e4f242432a[00^12]0
300916,286816,20,14100,2b5a181148ea2bfc7c70773727d489faf45fee980
300936,300616,256,320,[00^12]aec3cacef9457ff2821d9f85429ce3d90b001459[00^31]05[00^31]01[00^31]a0[00^64]82e7088080[00^49]010df9010a01842aea540
301192,300872,44,320,00829d78940872ec4426103482a50f26ffc32acefcec61b3c980b8e4f242432a[00^12]0
301236,286776,20,14460,5aa25f6177ca1506e5e97f3310e892b1410ea3df0
301256,283560,256,17696,[00^12]aec3cacef9457ff2821d9f85429ce3d90b001459[00^31]05[00^31]01[00^31]a0[00^64]82e7088080[00^49]01eff901ec80842aea540
301512,283816,225,17696,0083015f90940872ec4426103482a50f26ffc32acefcec61b3c980b901c4d4dfd6bc[00^127]01[00^31]01[00^28]6514160
301738,285546,160,16192,[00^63]05[00^62]0140[00^31]410
301960,297460,34,4500,1ab61b[00^31]0
301994,272874,256,29120,82e7088080[00^47]01eff901ec80842aea540083015f90940872ec4426103482a50f26ffc32acefcec61b3c980b901c4d4dfd6bc[00^127]01[00^31]010
302250,273130,30,29120,[00^28]65140
302282,301738,160,544,[00^63]05[00^62]0140[00^31]410
302487,297687,2,4800,009b0
302506,258346,256,44160,1c[00^31]82e7088080[00^47]01eff901ec80842aea540083015f90940872ec4426103482a50f26ffc32acefcec61b3c980b901c4d4dfd6bc[00^127]010
302762,258602,63,44160,[00^31]01[00^28]6514140
302826,302282,160,544,[00^63]05[00^62]0140[00^31]410
303050,301962,97,1088,1b[00^31]82e7088080[00^47]01eff901ec80842aea540083010
303147,273675,222,29472,591c940872ec4426103482a50f26ffc32acefcec61b3c980b901c4d4dfd6bc[00^127]01[00^31]01[00^28]6522120
303370,302826,160,544,[00^63]05[00^62]0140[00^31]410
303594,239882,87,63712,1b[00^31]82e7088080[00^48]2ceb0
303681,286049,10,17632,56842aea5400825208940
303711,285983,66,17728,865af3107a40008082e7088080[00^51]2ceb0
303777,259265,10,44512,55842aea5400825208940
303807,286079,96,17728,865af3107a40008082e7088080[00^82]020
303944,289738,20,14206,e28033a9bd54202d5f2487dd2c8518f48f4f07c20
303984,292445,20,11539,c9eee68292a3f290b4b33e58b1b1dba695665d9f0
304004,293025,20,10979,35efc5479658d1144e36e55e2c10bc56c12526be0
304044,294816,20,9228,76b17077ea576c531f26cc5f4c613014b6bbb5e50
304064,274516,20,29548,9344dc76389a6f8aa2cdbf0ff21240282d3bc1e90
304124,259904,20,44220,0b652eff5070c4c2251a3309ef0f90cee17161f20
304144,299655,20,4489,33fa83e5622d32974e09d5993f47c0ebf6fcadf50
304164,299974,20,4190,bd470c8e59e1353fd2e629fcffadb491627da2200
304184,286496,20,17688,e67a538720b223affa72dd092c22f16b08a879630
304242,290880,3,13362,02f9030
304245,300597,19,3648,08dbce2c3dfd9ae4f04ba21c5170924acb3bb30
304264,300916,20,3348,2b5a181148ea2bfc7c70773727d489faf45fee980
304284,301236,20,3048,5aa25f6177ca1506e5e97f3310e892b1410ea3df0
304304,285963,20,18341,ab5dd73d001f8f545ee048916098579124baf0f20
304324,285867,20,18457,2de8c57d428d58a230393734b4894457c3c9f2720
304344,286059,20,18285,a831cc4f8964fccef9ac5435e78e3030806675980
304364,285229,20,19135,17a54fa9fb4c4e8711613ae90eb496550e8fa8240
304384,260204,20,44180,9dbad420963e53775a51ea9aad4afa3af6e5d7530
304404,260244,76,44160,f6f8b5bc021ff67a9932346447dd7e78aa674224[00^56]0
304480,246138,94,58342,[00^31]04[00^31]80[00^30]0
304575,303595,32,980,[00^31]820
304607,304575,31,32,[00^31]0
304672,287008,31,17664,[00^28]64fa850
304704,300091,62,4613,[00^31]c0[00^30]0
304767,304735,32,32,c0[00^30]440
304800,292140,31,12660,[00^30]470
304832,304704,31,128,[00^31]0
304864,261555,62,43309,[00^30]03a0[00^30]0
304927,304832,31,95,[00^31]0
304959,281817,32,23142,[00^31]140
304992,275648,31,29344,[00^30]160
305023,304991,32,32,60[00^30]160
305056,275680,31,29376,[00^30]180
305088,275712,31,29376,[00^30]190
305119,260799,32,44320,60[00^30]1a0
305152,275872,31,29280,[00^30]1c0
305183,304959,31,224,[00^31]0
305216,242496,62,62720,[00^30]33c0[00^30]0
305280,305248,31,32,[00^30]340
305312,287776,62,17536,[00^30]3540[00^30]0
305376,287808,31,17568,[00^30]360
305408,305376,31,32,[00^30]360
305440,260480,31,44960,[00^30]380
305471,305183,31,288,[00^31]0
305504,287872,31,17632,[00^30]390
305536,242688,31,62848,[00^30]3b0
305568,242720,31,62848,[00^30]3d0
305599,305471,31,128,[00^31]0
305632,303499,31,2133,[00^30]410
305664,305632,31,32,[00^30]410
305695,242815,32,62880,a0[00^30]420
305727,270999,32,34728,[00^31]420
305760,242848,31,62912,[00^30]430
305792,276320,39,29472,[00^31]3602f482e70882ab0
305832,276360,16,29472,8502040eba5285026b44df95825a3c940
305868,276396,50,29472,87354a6ba7a1800780c0[00^40]0
305924,290884,5,15040,82e70801840
305929,243210,8,62719,3b9aca00843b9aca0
305937,303144,2,2793,00830
305943,263613,20,42330,0cab6977a9c70e04458b740476b498b2140196410
305969,299858,2,6111,00b90
305977,275321,6,30656,[00^5]090
305991,241565,2,64426,00490
306021,299623,20,6398,eeeeeeeeeeeeeeeeeeeeeeeeeeeeeeeeeeeeeeee0
306137,304704,62,1433,[00^31]c0[00^30]0
306202,306188,11,14,[00^11]0
306233,304699,2,1534,00640
306236,306207,6,29,[00^6]0
306245,305989,20,256,af930049fc1658c631c1c069a12184f16db1ee810
306265,306236,6,29,[00^6]0
306271,305964,6,307,a3b5840f40000
306277,296703,19,9574,[00^18]080
306297,306265,31,32,[00^6]a3b5840f40[00^19]080
306329,306297,31,32,[00^6]a3b5840f40[00^19]080
306361,306329,31,32,[00^6]a3b5840f40[00^19]080
306393,306361,31,32,[00^6]a3b5840f40[00^19]080
306425,306393,31,32,[00^6]a3b5840f40[00^19]080
306457,306425,31,32,[00^6]a3b5840f40[00^19]080
306489,306457,31,32,[00^6]a3b5840f40[00^19]080
306521,306489,31,32,[00^6]a3b5840f40[00^19]080
306553,306521,31,32,[00^6]a3b5840f40[00^19]080
306585,306553,31,32,[00^6]a3b5840f40[00^19]080
306617,306585,31,32,[00^6]a3b5840f40[00^19]080
306649,306617,31,32,[00^6]a3b5840f40[00^19]080
306681,306649,31,32,[00^6]a3b5840f40[00^19]080
306713,306681,31,32,[00^6]a3b5840f40[00^19]080
306745,306713,30,32,[00^6]a3b5840f40[00^19]0
306776,306520,32,256,fa[00^6]a3b5840f40[00^19]080
306809,306777,31,32,[00^6]a3b5840f40[00^19]080
306841,306745,31,96,[00^6]a3b5840f40[00^19]070
306873,306841,31,32,[00^6]a3b5840f40[00^19]070
306904,306616,32,288,f8[00^6]a3b5840f40[00^19]080
306937,306905,31,32,[00^6]a3b5840f40[00^19]080
306969,306873,31,96,[00^6]a3b5840f40[00^19]070
307001,306937,31,64,[00^6]a3b5840f40[00^19]080
307033,306969,31,64,[00^6]a3b5840f40[00^19]070
307065,307001,31,64,[00^6]a3b5840f40[00^19]080
307097,307033,31,64,[00^6]a3b5840f40[00^19]070
307129,307065,31,64,[00^6]a3b5840f40[00^19]080
307161,307097,31,64,[00^6]a3b5840f40[00^19]070
307192,306392,32,800,fb[00^6]a3b5840f40[00^19]080
307225,307193,31,32,[00^6]a3b5840f40[00^19]080
307256,307248,7,8,[00^7]0
307263,307231,25,32,a3b5840f40[00^19]080
307289,307161,31,128,[00^6]a3b5840f40[00^19]070
307321,307257,31,64,[00^6]a3b5840f40[00^19]080
307353,307289,31,64,[00^6]a3b5840f40[00^19]070
307384,307096,31,288,ee[00^6]a3b5840f40[00^19]0
307417,307385,31,32,[00^6]a3b5840f40[00^19]080
307449,307417,31,32,[00^6]a3b5840f40[00^19]080
307481,307353,31,128,[00^6]a3b5840f40[00^19]070
307513,307449,31,64,[00^6]a3b5840f40[00^19]080
307545,307513,31,32,[00^6]a3b5840f40[00^19]080
307577,307481,31,96,[00^6]a3b5840f40[00^19]070
307609,307577,31,32,[00^6]a3b5840f40[00^19]070
307640,307288,31,352,f1[00^6]a3b5840f40[00^19]0
307673,307609,31,64,[00^6]a3b5840f40[00^19]070
307704,306968,32,736,f0[00^6]a3b5840f40[00^19]070
307736,306296,31,1440,f6[00^6]a3b5840f40[00^19]0
307769,307641,31,128,[00^6]a3b5840f40[00^19]080
307801,307737,31,64,[00^6]a3b5840f40[00^19]070
307833,307769,31,64,[00^6]a3b5840f40[00^19]080
307865,307801,31,64,[00^6]a3b5840f40[00^19]070
307896,306360,31,1536,f4[00^6]a3b5840f40[00^19]0
307928,307160,31,768,ed[00^6]a3b5840f40[00^19]0
307961,307929,31,32,[00^6]a3b5840f40[00^19]080
307993,307961,31,32,[00^6]a3b5840f40[00^19]080
308025,307993,31,32,[00^6]a3b5840f40[00^19]080
308057,307897,31,160,[00^6]a3b5840f40[00^19]070
308088,306744,31,1344,e8[00^6]a3b5840f40[00^19]0
308121,308057,31,64,[00^6]a3b5840f40[00^19]070
308152,307800,31,352,e7[00^6]a3b5840f40[00^19]0
308185,308153,31,32,[00^6]a3b5840f40[00^19]080
308217,308121,31,96,[00^6]a3b5840f40[00^19]070
308248,307864,32,384,e6[00^6]a3b5840f40[00^19]070
308280,307480,32,800,e5[00^6]a3b5840f40[00^19]070
308312,306680,32,1632,ec[00^6]a3b5840f40[00^19]080
308345,308313,31,32,[00^6]a3b5840f40[00^19]080
308377,308281,31,96,[00^6]a3b5840f40[00^19]070
308408,306840,32,1568,ea[00^6]a3b5840f40[00^19]070
308440,307576,31,864,e3[00^6]a3b5840f40[00^19]0
308473,308409,31,64,[00^6]a3b5840f40[00^19]070
308504,306936,31,1568,e9[00^6]a3b5840f40[00^19]0
308536,307672,31,864,e2[00^6]a3b5840f40[00^19]0
308569,308441,31,128,[00^6]a3b5840f40[00^19]080
308601,308537,31,64,[00^6]a3b5840f40[00^19]090
308633,308569,31,64,[00^6]a3b5840f40[00^19]080
308665,308601,31,64,[00^6]a3b5840f40[00^19]090
308697,308665,31,32,[00^6]a3b5840f40[00^19]090
308729,308505,31,224,[00^6]a3b5840f40[00^19]070
308760,308344,32,416,dd[00^6]a3b5840f40[00^19]080
308793,308697,31,96,[00^6]a3b5840f40[00^19]090
308825,308761,31,64,[00^6]a3b5840f40[00^19]080
308857,308729,31,128,[00^6]a3b5840f40[00^19]070
308888,308376,31,512,dc[00^6]a3b5840f40[00^19]0
308921,308825,31,96,[00^6]a3b5840f40[00^19]080
308953,308857,31,96,[00^6]a3b5840f40[00^19]070
308984,308472,31,512,db[00^6]a3b5840f40[00^19]0
309017,308921,31,96,[00^6]a3b5840f40[00^19]080
309049,309017,31,32,[00^6]a3b5840f40[00^19]080
309081,308953,31,128,[00^6]a3b5840f40[00^19]070
309113,308985,31,128,[00^6]a3b5840f40[00^19]090
309145,309081,31,64,[00^6]a3b5840f40[00^19]070
309176,307352,31,1824,e0[00^6]a3b5840f40[00^19]0
309209,309177,31,32,[00^6]a3b5840f40[00^19]080
309241,309209,31,32,[00^6]a3b5840f40[00^19]080
309273,309113,31,160,[00^6]a3b5840f40[00^19]090
309305,309145,31,160,[00^6]a3b5840f40[00^19]070
309336,307448,31,1888,de[00^6]a3b5840f40[00^19]0
309368,308120,32,1248,d9[00^6]a3b5840f40[00^19]070
309400,308184,32,1216,d8[00^6]a3b5840f40[00^19]080
309433,309369,31,64,[00^6]a3b5840f40[00^19]070
309470,303870,33,5600,[00^32]020
309541,270635,3,38906,80b9020
309549,305490,13,4059,[00^12]380
309581,304512,60,5069,[00^31]80[00^28]0
309645,303466,63,6179,[00^30]0140[00^31]0
309713,281657,32,28056,[00^31]b80
309770,279431,2,30339,00d50
309777,250823,32,58954,[00^31]0a0
309809,309745,63,64,675bfe1c26c856a231f904e6555aefcdf8dbe1a20e724ab0bf00d5cfd3b1f6a3[00^31]0
309872,304578,29,5294,[00^28]820
309936,304308,2,5628,001f0
310013,274622,2,35391,00a60
310031,303596,79,6435,[00^30]82e7088080[00^44]0
310116,276451,6,33665,8435a4e900830
310125,254422,21,55703,94678aa4bf4e210cf2166753e054d5b7c31cc7fa860
310153,299858,3,10295,00b9010
310157,270639,35,39518,5ae401dc[00^28]64fa860
310193,254491,126,55702,[00^31]40[00^31]01[00^31]20[00^30]0
310319,310318,1,1,000
310325,253947,94,56378,[00^12]e5d7c2a44ffddf6b295a15c148167daaaf5cf34f[00^12]176211869ca2b568f2a7d4ee941e073a821ee1ff[00^30]0
310421,305586,13,4835,[00^12]3d0
310434,286197,19,24237,391afffed2255a2dd00325c3a96a5a8e023ff80
310453,278100,26,32353,[00^25]520
310479,310148,6,331,878fda21e0000
310485,309474,29,1011,[00^28]020
310517,301388,106,9129,[00^60]82e7088080[00^41]0
310623,276607,6,34016,3702f582e7080
310635,310630,5,5,84308a76660
310672,309707,2,965,00840
310679,282551,48,28128,[00^39]013302f9012f82e7080
310733,310728,4,5,842f48790
310738,282610,128,28128,827e5494d1a3abf42f9e66be86cfdea8c5c2c74f041c5e1480b901045b7d7482[00^31]40[00^31]a0[00^31]400
310868,282775,3,28093,3064320
310873,277683,3,33190,3264620
310889,268469,3,42420,3862380
310898,280782,3,30116,6464610
310907,255334,4,55573,356237660
310911,280820,3,30091,3563350
310914,280752,3,30162,6366630
310918,277116,3,33802,3039340
310922,252885,3,58037,3231360
310927,256128,3,54799,6231330
310930,280786,33,30144,[00^31]40660
310963,289218,3,21745,6633620
310968,282836,4,28132,633733390
310980,280853,3,30127,3962300
310986,281198,3,29788,3765630
310997,252831,3,58166,3863620
311006,268724,3,42282,3235640
311012,280851,3,30161,3633390
311016,277719,3,33297,3461610
311019,289153,3,21866,3364350
311022,277737,3,33285,6165640
311025,268529,46,42496,35c0[00^43]010
311071,263711,3,47360,1b02f90
311075,263715,4,47360,1782e7080
311079,253701,3,57378,80842f0
311085,311080,4,5,842f1f970
311094,277229,22,33865,948731d54e9d02c286767d56ac03e8037c07e01e98880
311124,281651,37,29473,b8e41114cd2a[00^31]0
311162,311149,12,13,[00^12]0
311194,310802,56,392,[00^31]a0[00^24]0
311256,251393,27,59863,80[00^25]010
311289,281816,33,29473,[00^32]140
311322,311174,32,148,8be0e86d602cc465eef0ad96491488c18f0e4e7c[00^12]0
311354,280538,37,30816,c0[00^35]010
311391,281599,8,29792,1a02f9011682e7080
311399,311079,13,320,80842f1f97d6842f1f97e083070
311414,281622,22,29792,948731d54e9d02c286767d56ac03e8037c07e01e98870
311443,311124,37,319,b8e41114cd2a[00^31]0
311481,311468,12,13,[00^12]0
311513,310802,57,711,[00^31]a0[00^25]0
311576,275077,27,36499,[00^26]260
311608,311289,33,319,[00^32]140
311641,311493,32,148,98918521c4867539728a5b2cb6a7cf61c6116762[00^12]0
311673,268185,46,43488,c0[00^36]013302f9012f82e7080
311720,311400,10,320,842f1f97d6842f1f97e00
311730,310738,129,992,827e5494d1a3abf42f9e66be86cfdea8c5c2c74f041c5e1480b901045b7d7482[00^31]40[00^31]a0[00^31]40650
311859,255669,3,56190,3966380
311864,289222,3,22642,3538380
311868,289205,3,22663,6162370
311872,281097,3,30775,3766370
311878,252819,4,59059,356264340
311883,277105,3,34778,3033650
311886,310989,3,897,3731660
311889,310976,3,913,6531380
311892,280874,3,31018,6664300
311906,311876,3,30,3466350
311916,252828,3,59088,6465610
311921,268433,33,43488,66[00^31]400
311956,282882,3,29074,3636300
311959,255312,3,56647,6564650
311962,280735,3,31227,6632640
311968,255341,3,56627,3537390
311971,277813,4,34158,643132370
311975,282739,3,29236,3262360
311981,255663,3,56318,3033660
311985,268470,3,43515,6238610
311989,252795,3,59194,6263660
311996,255338,3,56658,6235610
312000,268866,3,43134,3762660
312004,268863,3,43141,6231620
312007,310993,3,1014,3838380
312011,256112,3,55899,3334390
312019,283059,50,28960,[00^44]3002ee82e7080
312070,311400,11,670,842f1f97d6842f1f97e0830
312081,300177,77,11904,010b3694cce9d3f392c135dc038b147ca73ec496f7f89d938084183ff085c0[00^46]0
312159,299807,3,12352,3b02f90
312163,299811,6,12352,3782e70880840
312169,312071,10,98,2f1f97d6842f1f97e0830
312200,312189,3,11,6040520
312211,312157,1,54,000
312219,312212,5,7,81526020010
312229,312219,6,10,8152602001630
312239,312212,6,27,8152602001600
312245,312211,7,34,008152602001600
312252,312245,13,7,008152602001600081526020010
312270,312253,7,17,815260200160000
312279,312270,5,9,81526020010
312306,295997,20,16309,ffffffffffffffffffffffffffffffffffffffff0
312333,310576,2,1757,00820
312335,311250,3,1085,0151810
312339,311709,2,630,00010
312344,312334,5,10,82015181600
312350,312340,3,10,0155600
312354,312344,5,10,82015181600
312360,312350,3,10,0155600
312364,312354,5,10,82015181600
312370,312360,3,10,0155600
312374,312364,5,10,82015181600
312380,312370,3,10,0155600
312384,312374,5,10,82015181600
312390,312380,3,10,0155600
312394,312384,5,10,82015181600
312400,312390,3,10,0155600
312404,312394,5,10,82015181600
312414,312333,6,81,0082015181600
312421,312410,4,11,015561010
312425,312343,6,82,2082015181600
312434,279858,2,32576,00610
312437,309807,2,2630,000a0
312442,312305,21,137,73ffffffffffffffffffffffffffffffffffffffff0
312468,312305,22,163,73ffffffffffffffffffffffffffffffffffffffff160
312501,312339,2,162,00010
312505,312275,3,230,6000800
312511,312192,4,319,604051800
312516,312198,6,318,4001604052800
312524,312279,5,245,81526020010
312538,312134,24,404,[00^24]0
312562,312327,4,235,815250600
312566,312512,11,54,40518060400160405280600
312578,312524,6,54,81526020017f0
312586,312128,30,458,[00^30]0
312616,312562,3,54,8152500
312623,312565,5,58,60405180600
312629,312571,6,58,0160405280600
312636,312578,5,58,81526020010
312642,305053,2,7589,00160
312649,312623,12,26,6040518060800160405280600
312662,312636,8,26,81526020016200160
312675,312284,21,391,7340570a0b264bca69c041d9916344178f4a08d17f0
312699,312330,3,369,6001600
312702,312193,10,509,405180610140016040520
312714,312332,4,382,600082010
312719,312270,6,449,8152602001600
312726,312716,9,10,8201548152602001600
312736,312726,9,10,8201548152602001600
312746,312736,9,10,8201548152602001600
312756,312746,9,10,8201548152602001600
312766,312756,9,10,8201548152602001600
312776,312766,9,10,8201548152602001600
312786,312776,9,10,8201548152602001600
312796,312786,9,10,8201548152602001600
312809,264829,2,47980,00900
312813,312435,4,378,6101000a0
312819,312468,22,351,73ffffffffffffffffffffffffffffffffffffffff160
312841,312819,44,22,73ffffffffffffffffffffffffffffffffffffffff1673ffffffffffffffffffffffffffffffffffffffff160
312885,312616,3,269,8152500
312890,310512,2,2378,00020
312893,312889,3,4,6200020
312898,303432,2,9466,00050
312909,312897,3,12,6200050
312913,312901,8,12,60201b60201c565b0
312957,305213,2,7744,001c0
312960,304893,2,8067,00030
312966,277308,2,35658,000b0
312969,312919,3,50,565b600
312972,275837,2,37135,001b0
312974,312923,32,51,7f360894a13ba1a3210667c828492db98dca3e2076cc3735a920a3ca505d382b0
313007,312971,3,36,60001b0
313011,312959,3,52,6200030
313016,313011,3,5,6200030
313021,306198,2,6823,000c0
313048,313016,3,32,6200030
313052,312974,36,78,7f360894a13ba1a3210667c828492db98dca3e2076cc3735a920a3ca505d382bbc60001b0
313089,296688,2,16401,00060
313092,312913,3,179,60201b0
313095,312893,3,202,6200020
313100,312916,6,184,60201c565b600
313106,297140,4,15966,000160000
313110,312435,60,675,6101000a81548173ffffffffffffffffffffffffffffffffffffffff021916908373ffffffffffffffffffffffffffffffffffffffff1602179055500
313171,304925,2,8246,00040
313174,313027,21,147,73d82f30c68369f255b32be4864deef620a3c709fb0
313196,313195,6,1,8989898989890
313203,303808,6,9395,5af3107a40000
313213,312568,3,645,8060400
313220,313170,3,50,6200040
313232,312963,4,269,919062000
313238,313103,3,135,565b600
313241,313215,3,26,4051600
313252,312709,3,543,6040520
313260,312588,28,672,[00^28]0
313289,295989,28,17300,ffffffffffffffffffffffffffffffffffffffffffffffffffffffff0
313319,312342,4,977,602082010
313325,313288,29,37,7bffffffffffffffffffffffffffffffffffffffffffffffffffffffff0
313360,312886,3,474,5250500
313363,312887,4,476,505062000
313369,313092,6,277,60201b6200020
313376,313099,6,277,1760201c565b0
313383,312909,3,474,6200050
313387,313174,21,213,73d82f30c68369f255b32be4864deef620a3c709fb0
313409,313105,3,304,6000010
313414,312801,3,613,6020010
313419,312569,3,850,6040010
313429,312653,3,776,6080010
313449,312423,3,1026,6101200
313456,295347,3,18109,0100010
313460,313214,8,246,60405160240162000
313471,313224,12,247,9998979695949392919062000
313485,313238,18,247,565b6040516020818303038152906040527f0
313507,313260,123,247,[00^28]7bffffffffffffffffffffffffffffffffffffffffffffffffffffffff19166020820180517bffffffffffffffffffffffffffffffffffffffffffffffffffffffff83818316178352505050506200068660201b620002ce1760201c565b500
313630,313629,8,1,50505050505050500
313638,313020,3,618,62000c0
313642,313103,4,539,565b60000
313650,313642,4,8,565b60000
313655,312808,33,847,60009054906101000a900473ffffffffffffffffffffffffffffffffffffffff160
313691,313652,3,39,6000800
313694,313110,60,584,6101000a81548173ffffffffffffffffffffffffffffffffffffffff021916908373ffffffffffffffffffffffffffffffffffffffff1602179055500
313754,313700,22,54,8173ffffffffffffffffffffffffffffffffffffffff0
313777,313754,23,23,8173ffffffffffffffffffffffffffffffffffffffff160
313833,313487,4,346,604051600
313837,312702,3,1135,4051800
313846,313650,4,196,565b60000
313855,313845,4,10,50565b600
313860,313612,3,248,6200060
313866,312649,5,1217,60405180600
313871,312699,4,1172,600160400
313875,312658,3,1217,5280600
313879,312662,8,1217,81526020016200160
313892,313860,3,32,6200060
313896,312913,8,983,60201b60201c565b0
313908,313844,5,64,5050565b600
313913,313859,4,54,606200060
313920,309462,2,4458,00070
313923,312901,10,1022,60201b60201c565b62000
313936,313866,3,70,6040510
313944,312588,30,1356,[00^28]81520
313974,312378,3,1596,6004010
313977,313931,3,46,6200070
313981,313480,4,501,9062000a0
313986,313485,5,501,565b6040510
313991,313839,4,152,809103900
313996,313651,4,345,5b6000800
314001,313778,22,223,73ffffffffffffffffffffffffffffffffffffffff160
314024,313988,3,36,6040510
314027,313977,3,50,6200070
314031,313232,5,799,91906200090
314037,313846,4,191,565b60000
314041,313988,4,53,604051800
314051,313907,3,144,9150500
314056,313848,3,208,6000810
314060,314027,3,33,6200070
314064,313935,4,129,576040510
314076,311394,3,2682,0116820
314079,313872,4,207,016040520
314087,314039,3,48,6000600
314094,314060,3,34,6200070
314098,313910,4,188,565b60600
314107,314105,3,2,5091500
314110,314094,3,16,6200070
314117,314110,3,7,6200070
314121,313923,8,198,60201b60201c565b0
314130,313635,3,495,5050500
314134,314129,4,5,925050500
314138,313650,5,488,565b6000800
314144,314001,22,143,73ffffffffffffffffffffffffffffffffffffffff160
314168,313851,9,317,9050919050565b60600
314179,314117,3,62,6200070
314188,309430,2,4758,00080
314191,314138,4,53,565b60000
314198,314178,4,20,156200070
314208,313881,3,327,6020010
314214,313936,43,278,6040517f08c379a0[00^28]815260040162000
314259,314031,5,228,91906200090
314265,313986,11,279,565b60405180910390fd5b0
314276,314133,7,143,9392505050565b0
314283,314255,3,28,6200080
314288,312965,3,1323,62000b0
314295,313607,3,688,5250500
314298,314281,5,17,565b6200080
314304,314287,4,17,8162000b0
314309,314292,8,17,565b82525050565b0
314318,314306,1,12,000
314319,314300,3,19,6200080
314324,313982,3,342,62000a0
314328,314298,5,30,565b6200080
314336,314305,3,31,62000b0
314343,314186,4,157,506200080
314354,314336,3,18,62000b0
314363,314051,3,312,9150500
314366,313906,6,460,92915050565b0
314372,314344,3,28,6200080
314376,314304,4,72,8162000b0
314381,314292,11,89,565b82525050565b6200080
314393,314376,4,17,8162000b0
314398,314309,13,89,565b82525050565b60006200080
314412,314323,4,89,8262000a0
314417,314387,5,30,565b6200080
314423,314334,5,89,818562000b0
314429,314340,7,89,565b93506200080
314437,314348,12,89,81856020860162000bec565b0
314449,314433,3,16,6200080
314454,313638,3,816,62000c0
314460,314361,11,99,840191505092915050565b0
314471,314406,5,65,60006200080
314480,314425,6,55,62000b0e565b0
314486,314108,4,378,915062000
314493,314454,3,39,62000c0
314497,314265,4,232,565b60400
314503,314168,7,335,9050919050565b0
314510,314488,3,22,6200090
314514,314393,4,121,8162000b0
314519,314398,12,121,565b82525050565b600062000
314535,314473,3,62,6200080
314539,314484,4,55,565b91500
314543,313850,3,693,8190500
314546,314465,8,81,92915050565b60000
314554,313566,4,988,602082010
314558,313688,3,870,9050810
314563,314193,3,370,6000830
314568,314529,3,39,6200090
314573,314534,4,39,846200080
314578,313902,11,676,565b905092915050565b600
314589,313109,3,1480,0061010
314592,314555,16,37,208201905081810360008301526200090
314611,314574,8,37,620008aa565b90500
314619,314597,4,22,818103600
314624,314602,6,22,8301526200090
314633,314611,8,22,620008aa565b90500
314641,314627,3,14,6200090
314650,314641,3,9,6200090
314656,314619,4,37,818103600
314661,314624,6,37,8301526200090
314670,314611,12,59,620008aa565b9050818103600
314683,314661,6,22,8301526200090
314692,314633,11,59,620008aa565b90506200090
314709,314692,3,17,6200080
314713,314508,5,205,565b6200090
314724,314650,6,74,62000912565b0
314730,314724,3,6,6200090
314735,312079,3,2656,e083010
314739,314709,3,30,6200080
314743,314728,4,15,565b62000
314751,314601,3,150,0083010
314754,314573,4,181,846200080
314763,313629,9,1134,5050505050505050500
314772,314549,21,223,50565b6000602082019050818103600083015262000
314796,314755,3,41,6200080
314800,314696,4,104,565b90500
314804,314170,6,634,919050565b600
314810,314589,3,221,0061010
314813,314500,5,313,40820190500
314818,314791,3,27,62000a0
314822,314786,4,36,600083010
314827,314724,8,103,62000912565b62000
314837,314622,4,215,602083010
314842,314827,9,15,62000912565b62000a0
314852,314645,4,207,604083010
314857,314842,9,15,62000912565b62000a0
314867,314659,4,208,606083010
314871,314649,7,222,8a62000912565b0
314878,314863,3,15,62000a0
314882,314681,4,201,608083010
314887,314872,9,15,62000912565b62000a0
314897,314704,4,193,60a083010
314902,314887,9,15,62000912565b62000a0
314912,314719,4,193,60c083010
314917,314902,9,15,62000912565b62000a0
314927,314734,4,193,60e083010
314931,314723,9,208,8662000912565b62000
314942,314749,5,193,61010083010
314947,314738,4,209,856200080
314951,314712,5,239,2f565b62000
314958,314590,3,368,6101200
314961,314752,6,209,8301846200080
314972,314763,10,209,505050505050505050500
314982,313845,6,1137,50565b6000810
314989,314802,9,187,9050919050565b60000
314998,314987,12,11,81519050919050565b6000810
315010,314580,10,430,905092915050565b60000
315022,313880,3,1142,5260200
315025,314814,4,211,820190500
315029,314465,10,564,92915050565b600062000
315042,314515,6,527,62000b98565b0
315048,314486,4,562,915062000
315054,314479,4,575,8362000b0
315058,315045,3,13,98565b0
315067,315055,3,12,62000b0
315072,315067,3,5,62000b0
315076,314493,3,583,62000c0
315079,314538,3,541,51565b0
315086,315027,13,59,905092915050565b600062000b0
315100,315041,4,59,8262000b0
315105,314800,11,305,565b9050919050565b60000
315116,313850,9,1266,819050919050565b600
315125,315115,1,10,000
315126,314144,21,982,73ffffffffffffffffffffffffffffffffffffffff0
315148,313687,3,1461,1690500
315151,315109,17,42,919050565b6000819050919050565b60000
315169,315143,15,26,ffffffff82169050919050565b60000
315185,315141,17,44,ffffffffffff82169050919050565b60000
315202,315101,3,101,62000b0
315206,315100,4,106,8262000b0
315211,315105,11,106,565b9050919050565b60000
315222,315207,3,15,62000b0
315226,315206,4,20,8262000b0
315231,315211,11,20,565b9050919050565b60000
315245,315065,4,180,101562000
315252,312373,5,2879,80820151810
315259,315022,3,237,5260200
315263,314815,5,448,01905062000
315271,315242,3,29,5b83810
315274,314197,4,1077,111562000
315282,310672,2,4610,00840
315284,315257,3,27,8401520
315287,313628,5,1659,5b505050500
315299,298138,30,17161,[00^28]60000
315330,313871,3,1459,6001600
315338,315328,1,10,000
315340,315293,38,47,5b7f4e487b71[00^28]600052600
315379,315332,9,47,60045260246000fd5b0
315388,314775,3,613,6000600
315391,314071,3,1320,1f19600
315397,315192,8,205,169050919050565b0
315438,312714,4,2724,600082010
315450,315348,27,102,[00^26]600
315477,315024,3,453,2082010
315481,315402,3,79,50565b0
315488,315276,3,212,62000c0
315493,305533,2,9960,00390
315496,315493,1,3,000
315499,312187,6,3312,6080604052600
315509,305789,2,9720,00430
315513,305373,2,10140,00350
315526,315513,1,13,000
315537,315526,1,11,000
315539,315528,3,11,5780630
315548,271234,2,44314,009e0
315550,315539,3,11,5780630
315559,292444,2,23115,00c90
315563,315375,2,188,00520
315568,315562,3,6,6100520
315573,269099,2,46474,00500
315576,315573,1,3,000
315580,315241,2,339,005b0
315583,301235,2,14348,005a0
315585,315575,7,10,6100f2565b005b0
315592,312497,3,3095,3480150
315596,315590,1,6,000
315598,312504,7,3094,57600080fd5b500
315606,300382,2,15224,00710
315611,314265,5,1346,565b6040510
315617,315606,1,11,000
315623,314397,3,1226,d8565b0
315626,314267,7,1359,604051809103900
315634,315591,6,43,5b34801561000
315641,315598,9,43,57600080fd5b5061000
315653,313985,3,1668,1b565b0
315656,315590,7,66,005b34801561000
315664,315641,9,23,57600080fd5b5061000
315677,315611,7,66,565b60405161000
315685,315619,21,66,91906106d8565b60405180910390f35b34801561000
315707,315664,9,43,57600080fd5b5061000
315722,315262,3,460,8101900
315726,288695,2,27031,00eb0
315728,315685,3,43,9190610
315732,315210,3,522,b2565b0
315738,315578,6,160,565b005b61000
315748,315733,4,15,565b61010
315759,315748,3,11,565b610
315766,314807,6,959,565b600061010
315773,315756,5,17,6102fd565b0
315778,313647,5,2131,905090565b0
315791,314144,22,1647,73ffffffffffffffffffffffffffffffffffffffff160
315816,315674,5,142,6101a3565b0
315821,315791,22,30,73ffffffffffffffffffffffffffffffffffffffff160
315847,313935,42,1912,576040517f08c379a0[00^28]81526004010
315896,314265,11,1631,565b60405180910390fd5b0
315910,315768,3,142,6000610
315915,315764,6,151,565b565b60000
315921,313654,36,2267,8060009054906101000a900473ffffffffffffffffffffffffffffffffffffffff1690500
315957,315780,5,177,90565b61010
315963,315786,29,177,61037a565b73ffffffffffffffffffffffffffffffffffffffff1661010
315993,315816,29,177,6101a3565b73ffffffffffffffffffffffffffffffffffffffff1614610
316024,315847,43,177,576040517f08c379a0[00^28]8152600401610
316069,315892,15,177,90610735565b60405180910390fd5b0
316084,315124,23,960,600073ffffffffffffffffffffffffffffffffffffffff0
316107,313776,24,2331,168173ffffffffffffffffffffffffffffffffffffffff160
316136,316024,44,112,576040517f08c379a0[00^28]815260040161020
316181,316069,3,112,9061070
316185,315896,12,289,565b60405180910390fd5b610
316200,315912,5,288,610382565b0
316205,313845,15,2360,50565b6000819050919050565b60600
316223,313864,20,2359,83836040518060600160405280602781526020010
316244,312431,3,3813,0901600
316247,313889,3,2358,2791390
316253,314578,10,1675,565b905092915050565b0
316263,315766,5,497,565b6000610
316270,313052,36,3218,7f360894a13ba1a3210667c828492db98dca3e2076cc3735a920a3ca505d382bbc60001b0
316308,314380,3,1928,c4565b0
316311,313105,5,3206,60000160000
316316,315924,36,392,9054906101000a900473ffffffffffffffffffffffffffffffffffffffff16905090565b0
316353,315919,3,434,6000800
316357,316353,3,4,6000800
316361,315281,3,1080,6000840
316367,316357,3,10,6000800
316371,314055,5,2316,80600081140
316381,315495,3,886,6000f30
316386,315384,6,1002,6000fd5b60000
316392,313646,203,2746,33905090565b60008060009054906101000a900473ffffffffffffffffffffffffffffffffffffffff169050816000806101000a81548173ffffffffffffffffffffffffffffffffffffffff021916908373ffffffffffffffffffffffffffffffffffffffff1602179055508173ffffffffffffffffffffffffffffffffffffffff168173ffffffffffffffffffffffffffffffffffffffff167f8be0079c531659141344cd1fd0a4f28419497f9722a3daafe3b4186f6b6457e060405160405180910390a35050565b600
316603,315958,3,645,565b610
316608,316136,43,472,576040517f08c379a0[00^28]8152600401610
316653,316181,3,472,9061070
316657,313986,41,2671,565b60405180910390fd5b6000808573ffffffffffffffffffffffffffffffffffffffff16856040510
316701,315685,4,1016,919061060
316706,314037,23,2669,565b600060405180830381855af49150503d80600081140
316732,314064,30,2668,576040519150601f19603f3d011682016040523d82523d6000602084013e0
316764,314416,3,2348,f8565b0
316767,314100,10,2667,606091505b50915091500
316780,314114,3,2666,8282860
316786,314127,52,2659,565b925050509392505050565b6000808273ffffffffffffffffffffffffffffffffffffffff163b119050919050565b606083150
316841,314183,4,2658,578290500
316848,314191,8,2657,565b6000835111150
316859,314203,52,2656,5782518084602001fd5b816040517f08c379a0[00^28]81526004010
316914,316701,4,213,919061060
316919,314265,18,2654,565b60405180910390fd5b9392505050565b0
316937,316725,3,212,6000810
316941,316843,4,98,905061050
316950,316786,3,164,565b920
316953,314547,10,2406,915050565b60006020820
316966,316855,3,111,1561050
316976,315610,3,1366,0c565b0
316979,316264,4,715,5b6000610
316988,316910,3,78,0161050
316992,315046,4,1946,565b91500
316996,316256,7,740,5092915050565b0
317010,314519,10,2491,565b82525050565b60000
317027,317001,3,26,565b610
317031,316715,3,316,0381850
317037,314429,4,2608,565b93500
317044,314437,6,2607,8185602086010
317053,314358,14,2695,565b80840191505092915050565b0
317067,317018,3,49,6000610
317072,317023,3,49,8261070
317075,314457,3,2618,80565b0
317081,317032,4,49,818561070
317085,316847,3,238,96565b0
317088,317039,4,49,935061060
317093,317044,11,49,8185602086016107d9565b0
317107,316946,3,161,8161080
317111,314458,15,2653,565b840191505092915050565b60000
317129,314477,3,2652,6026830
317132,317083,5,49,610796565b0
317137,316775,3,362,9150610
317145,313023,3,4122,22565b0
317148,314499,11,2649,604082019050919050565b0
317159,317124,4,35,600061060
317164,314837,3,2327,6020830
317167,317132,9,35,610796565b915061060
317177,317142,3,35,8261080
317181,317157,3,24,565b600
317184,315024,5,2160,20820190500
317189,317154,9,35,919050565b600061060
317199,317129,12,70,602683610796565b915061060
317212,317177,3,35,8261080
317216,317146,17,70,565b604082019050919050565b600061060
317235,316599,3,636,8461050
317239,314539,21,2700,565b915081905092915050565b60006020820190500
317263,314822,4,2441,600083010
317267,317235,3,32,8461050
317271,316950,13,321,565b92915050565b60006020820
317284,314780,11,2504,01905081810360008301520
317302,312968,3,4334,1f565b0
317305,314544,24,2761,905092915050565b600060208201905081810360008301520
317336,315231,11,2105,565b9050919050565b60000
317347,317315,16,32,602082019050818103600083015261070
317364,317332,3,32,8161060
317368,317336,27,32,565b9050919050565b6000602082019050818103600083015261070
317396,317364,3,32,8161060
317400,315105,12,2295,565b9050919050565b6000810
317412,314988,49,2424,519050919050565b600081519050919050565b600081905092915050565b600082825260208201905092915050565b60000
317464,317072,3,392,8261070
317468,317400,11,68,565b9050919050565b60000
317479,315126,32,2353,73ffffffffffffffffffffffffffffffffffffffff82169050919050565b60000
317511,315242,5,2269,5b838110150
317519,315251,15,2268,5780820151818401526020810190500
317537,315270,6,2267,565b838111150
317546,315280,14,2266,576000848401525b50505050565b0
317560,315708,5,1852,600080fd5b0
317565,315388,18,2177,6000601f19601f8301169050919050565b7f0
317615,315438,6,2177,60008201527f0
317621,315407,6,2214,6464726573730
317627,315450,34,2177,[00^26]602082015250565b0
317661,317582,10,79,7f4f776e61626c653a200
317671,315424,4,2247,63616c6c0
317675,317599,6,76,6572206973200
317684,317604,5,80,20746865200
317689,317596,5,93,6f776e65720
317694,317615,5,79,60008201520
317699,315402,83,2297,50565b7f416464726573733a2064656c65676174652063616c6c20746f206e6f6e2d636f60008201527f6e7472616374[00^26]602082015250565b610
317784,317006,6,778,816107a7565b0
317790,316727,3,1063,8114610
317795,315707,7,2088,57600080fd5b500
317804,317703,9,101,416464726573733a200
317822,317711,15,111,2064656c65676174652063616c6c200
317891,306582,4,11309,000807000
317896,317804,39,92,416464726573733a206c6f772d6c6576656c2064656c65676174652063616c6c206661696c65640
317946,317920,3,26,6174650
317961,317942,8,19,2f637265617465780
317972,317673,3,299,6c6c650
317991,255643,3,62348,3433390
318023,317935,35,88,68747470733a2f2f637265617465782e6172742f6170692f76312f637265617465782f0
318066,317984,39,82,2f4c494e45412f343339777a3067643131707578657869706a796b736f33306b7a6962676a79630
318107,312122,36,5985,[00^36]0
318147,305924,5,12223,82e70801840
318152,311721,10,6431,2f1f97d6842f1f97e0820
318164,295797,106,22367,949dba31e492b7e98b8195e254ee13b6b027e4a59d80a4a7f68792766f7465[00^28]c0[00^46]0
318270,318269,1,1,000
318275,318147,3,128,82e7080
318279,312168,11,6111,842f1f97d6842f1f97e0830
318321,276744,3,41577,00b8440
318328,303274,64,15054,[00^31]01[00^31]010
318393,253657,47,64736,[00^38]3202f082e70880842f0
318440,318153,9,287,1f97d6842f1f97e0820
318449,303784,3,14665,5208940
318479,317797,2,682,00800
318482,318226,52,256,[00^45]7902f87682e7080
318534,318150,11,384,01842f1f97d6842f1f97e00
318549,278037,21,40512,94009a0b7c38b542208936f1179151cd08e29438330
318570,299851,8,18719,87071afd498d00000
318578,278059,18,40519,b844f2b9fdb8[00^12]0
318596,267229,46,51367,c7d8489dae3d2ebef075b1db2257e2c231c9d231[00^25]070
318642,318572,6,70,1afd498d00000
318649,318489,38,160,[00^38]0
318687,318143,7,544,5002f84d82e7080
318694,276867,3,41827,02842f0
318697,318153,118,544,1f97d6842f1f97e082985e949dba31e492b7e98b8195e254ee13b6b027e4a59d80a4a7f68792766f7465[00^28]c0[00^47]0
318815,312063,6,6752,3002ee82e7080
318822,312070,88,6752,842f1f97d6842f1f97e083010b3694cce9d3f392c135dc038b147ca73ec496f7f89d938084183ff085c0[00^46]0
318910,311390,9,7520,011a02f9011682e7080
318924,318919,5,5,07842daa7e0
318930,311090,3,7840,8307650
318934,311414,22,7520,948731d54e9d02c286767d56ac03e8037c07e01e98870
318962,311123,51,7839,96b8e41114cd2a[00^31]6e[00^12]0
319033,311794,58,7239,[00^31]a0[00^26]0
319091,313203,6,5888,5af3107a40000
319097,319065,27,32,[00^26]5a0
319128,311608,33,7520,[00^32]140
319161,319013,32,148,44c175898340ff5d01af0abc06d1b6273706415d[00^12]0
319194,318778,43,416,[00^37]3002ee82e7080
319238,318920,11,318,842daa7e07842daa7e0e830
319249,271345,131,47904,010b3694cce9d3f392c135dc038b147ca73ec496f7f89d938084183ff085c0[00^46]010df9010a01842aea5400829d78940872ec4426103482a50f26ffc32acefcec61b3c980b8e4f242432a[00^12]0
319400,284424,256,34976,[00^12]aec3cacef9457ff2821d9f85429ce3d90b001459[00^31]05[00^31]01[00^31]a0[00^64]82e7088080[00^49]01eff901ec80842aea540
319656,284680,225,34976,0083015f90940872ec4426103482a50f26ffc32acefcec61b3c980b901c4d4dfd6bc[00^127]01[00^31]01[00^28]6514150
319882,303370,160,16512,[00^63]05[00^62]0140[00^31]410
320106,284266,138,35840,1c[00^31]82e7088080[00^47]010df9010a01842aea5400829d78940872ec4426103482a50f26ffc32acefcec61b3c980b8e4f242432a[00^12]0
320264,301256,256,19008,[00^12]aec3cacef9457ff2821d9f85429ce3d90b001459[00^31]05[00^31]01[00^31]a0[00^64]82e7088080[00^49]01eff901ec80842aea540
320520,301512,225,19008,0083015f90940872ec4426103482a50f26ffc32acefcec61b3c980b901c4d4dfd6bc[00^127]01[00^31]01[00^28]6514160
320746,319882,160,864,[00^63]05[00^62]0140[00^31]410
320929,320904,1,25,000
320970,301962,256,19008,1b[00^31]82e7088080[00^47]01eff901ec80842aea540083015f90940872ec4426103482a50f26ffc32acefcec61b3c980b901c4d4dfd6bc[00^127]010
321226,302218,63,19008,[00^31]01[00^28]6514170
321290,320746,160,544,[00^63]05[00^62]0140[00^31]410
321514,285770,87,35744,1c[00^31]82e7088080[00^48]2ceb0
321601,273569,10,48032,54842aea5400825208940
321631,273503,76,48128,865af3107a40008082e7088080[00^51]2ceb54842aea5400825208940
321727,321631,76,96,865af3107a40008082e7088080[00^51]2ceb54842aea5400825208940
321823,321727,64,96,865af3107a40008082e7088080[00^51]0
321887,283199,52,38688,ecf8ea01842aea5400829b28940872ec4426103482a50f26ffc32acefcec61b3c980b8c4f242432a[00^12]0
321959,259047,216,62912,[00^12]01e4a663fffaf1430d3a36588b2c14b72231d8b4[00^31]05[00^31]01[00^31]a0[00^32]82e7088080[00^51]0
322175,285215,4,36960,2eed82020
322180,321794,9,386,842aea5400825208940
322209,259393,62,62816,8654953ff6d0008082e7088080[00^49]0
322271,309471,32,12800,[00^31]020
322304,286176,20,36128,45a318273749d6eb00f5f6ca3bc7cd3de26d642a0
322324,306009,8,16315,4371b56325fe93350
322332,306041,12,16291,e91d5f87aed5403fcdbea8660
322364,310433,20,11931,3d391afffed2255a2dd00325c3a96a5a8e023ff80
322424,311322,20,11102,8be0e86d602cc465eef0ad96491488c18f0e4e7c0
322444,311641,20,10803,98918521c4867539728a5b2cb6a7cf61c61167620
322474,322312,1,162,000
322504,312676,20,9828,40570a0b264bca69c041d9916344178f4a08d17f0
322584,274456,20,48128,d2c4b0844eb23d3b89044ac92e2093de3007efa30
322604,322524,20,80,448bb85672ab7e450d22e769e327d0c1efcc43d20
322644,319161,20,3483,44c175898340ff5d01af0abc06d1b6273706415d0
322684,319380,20,3304,5e0ddd81557f909453e8da18086b320337d877f70
322724,320244,20,2480,e126a80baa3c0265c52a887bd95beeb88526097a0
322784,286896,20,35888,c65347b43019f8f453d7b486d259fd6146da334e0
322804,286876,20,35928,f269e8574583c27fe74b69b3f998a64efd8d04480
322824,286916,20,35908,40082e6f1c15d2b27b3de80cb7ad04e9ed1219000
322844,321939,20,905,46177ac663365b7c7bf0421c6aa321530a3d46d10
322864,321971,51,893,01e4a663fffaf1430d3a36588b2c14b72231d8b4[00^31]0
322915,305057,30,17858,[00^29]180
322951,289737,2,33214,00e20
322976,304672,31,18304,[00^28]64fa850
323008,306137,62,16871,[00^31]c0[00^30]0
323072,323040,31,32,[00^30]370
323103,305503,32,17600,60[00^30]390
323136,304832,126,18304,[00^31]1d[00^30]03a0[00^30]04[00^31]0
323264,296691,31,26573,[00^30]080
323295,306168,32,17127,c0[00^30]0c0
323328,275488,62,47840,[00^30]0de0[00^30]0
323392,323360,31,32,[00^30]0e0
323424,260672,31,62752,[00^30]130
323456,275648,62,47808,[00^30]16a0[00^30]0
323520,305120,31,18400,[00^30]1a0
323552,323137,61,415,[00^30]1d[00^30]0
323613,309936,2,13677,001f0
323615,287519,32,36096,c0[00^30]210
323648,323616,31,32,[00^30]210
323680,323648,30,32,[00^30]0
323711,323583,31,128,[00^31]0
323743,299930,32,23813,[00^31]280
323776,323744,31,32,[00^30]280
323807,276223,32,47584,c0[00^30]290
323840,276288,62,47552,[00^30]2aa0[00^30]0
323903,261151,32,62752,e0[00^30]2e0
323935,275039,32,48896,[00^31]2f0
323968,287616,31,36352,[00^30]310
323999,305215,32,18784,60[00^30]330
324032,305344,31,18688,[00^30]350
324064,305793,31,18271,[00^30]360
324095,322912,32,1183,[00^32]0
324137,322184,5,1953,00825208940
324170,322215,52,1955,008082e7088080[00^45]0
324222,309502,8,14720,0232f9022f8303060
324236,309516,128,14720,83048d9c94cb566e3b6934fa77258d68ea18e931fa75e1aaaa80b902046c459a28[00^12]38de71124f7a447a01d67945a51edce9ff491251[00^31]80[00^28]64fad90
324365,309645,100,14720,[00^30]0140[00^31]84704316e5[00^31]b80
324497,309777,32,14720,[00^31]0a0
324529,324465,63,64,32f4b84ae40e1e80a4ceba399be5376ad933ef63167a38304aed710890be3263[00^31]0
324592,322091,29,2501,[00^28]820
324706,270194,2,54512,006a0
324727,323101,2,1626,00370
324751,322089,79,2662,[00^30]82e7088080[00^44]0
324830,324222,8,608,0232f9022f8303060
324839,324231,233,608,843a13862f83048d9c94cb566e3b6934fa77258d68ea18e931fa75e1aaaa80b902046c459a28[00^12]38de71124f7a447a01d67945a51edce9ff491251[00^31]80[00^28]64fad9e1[00^30]0140[00^31]84704316e5[00^31]0
325088,292597,3,32491,91e0630
325105,319129,32,5976,[00^31]140
325137,325073,63,64,23ed4ee9d1eccc4b6e9daea0c7370391e0635c59b51cadd4bde1ff551096b9b6[00^31]0
325200,324753,29,447,[00^28]820
325358,324750,80,608,1c[00^30]82e7088080[00^44]0
325447,324839,6,608,843a13862f830
325477,268971,4,56506,80b903640
325485,281657,44,43828,[00^31]b8[00^12]0
325549,323201,30,2348,[00^29]040
325581,309809,32,15772,675bfe1c26c856a231f904e6555aefcdf8dbe1a20e724ab0bf00d5cfd3b1f6a30
325613,309809,63,15804,675bfe1c26c856a231f904e6555aefcdf8dbe1a20e724ab0bf00d5cfd3b1f6a3[00^31]0
325676,293779,32,31897,c0[00^30]020
325709,324877,38,832,[00^12]38de71124f7a447a01d67945a51edce9ff491251[00^6]0
325749,325515,2,234,00b80
325771,325749,1,22,000
325773,325529,49,244,45f1a95a4d3f3836523f5c83673c797f4d4d263b[00^29]0
325822,322052,34,3770,000001[00^31]0
325857,325825,63,32,[00^31]0d[00^31]0
325920,325919,56,1,[00^56]0
325985,305189,26,20796,[00^25]1c0
326013,262782,2,63231,00d10
326017,305475,28,20542,[00^27]380
326049,321135,90,4914,[00^90]0
326145,325985,26,160,[00^25]1c0
326177,293748,63,32429,[00^30]01c0[00^30]020
326240,319128,33,7112,[00^32]140
326273,286636,20,39637,c082062a92cf4a5c14045a5be15a6d536d02e43a0
326293,320400,105,5893,[00^56]82e7088080[00^44]0
326398,288958,5,37440,012ef9012b0
326404,288964,133,37440,8435a4e90082bd7e94d1a3abf42f9e66be86cfdea8c5c2c74f041c5e1480b901045b7d7482[00^31]40[00^31]a0[00^31]400
326541,310872,3,15669,6232640
326547,310996,3,15551,3338630
326550,310969,3,15581,3733390
326554,277054,3,49500,3361370
326565,282883,3,43682,3630390
326568,268780,3,57788,6535650
326580,277778,3,48802,6439650
326586,280846,3,45740,3236320
326592,277135,3,49457,3965360
326598,268843,3,57755,6363630
326601,282706,33,43895,[00^31]40320
326639,268412,3,58227,3935640
326653,289229,3,37424,3438330
326656,280781,3,45875,6564640
326659,281106,3,45553,3638330
326663,277053,3,49610,6133610
326666,268374,3,58292,3030320
326674,263039,3,63635,3239370
326678,289249,3,37429,6335310
326685,282853,3,43832,3636350
326688,310866,3,15822,6533300
326692,310919,3,15773,3934340
326696,289256,54,37440,3382e7088080[00^48]0
326750,323901,2,2849,002b0
326754,310116,6,16638,8435a4e900830
326783,316861,3,9922,5180840
326790,322217,57,4573,82e7088080[00^52]0
326847,295903,7,30944,7202f86f82e7080
326855,310630,11,16225,84308a766684308a7666830
326869,295925,40,30944,94176211869ca2b568f2a7d4ee941e073a821ee1ff80b844095ea7b3[00^12]0
326909,293304,20,33605,1d0188c4b276a09366d05d6be06af61a73bc75350
326929,295985,77,30944,ffffffffffffffffffffffffffffffffffffffffffffffffffffffffffffffffc0[00^44]0
327006,263710,12,63296,041b02f9041782e7080984300
327021,327016,5,5,84307cc7140
327030,263734,23,63296,941d0188c4b276a09366d05d6be06af61a73bc7535870e0
327059,263763,256,63296,b903e4d3115a8a[00^31]60[00^30]01[00^31]01a0[00^31]04[00^12]176211869ca2b568f2a7d4ee941e073a821ee1ff[00^12]cc22f6aa610d1b2a0e89ef228079cb3e1831b1d1[00^12]e2c67a9b15e9e7ff8a9cb0dfb8fee5609923e5dbeeeeeeeeeeeeeeeeeeeeeeeeeeeeeeeeeeeeeeeeeeeeeeeeee0
327315,264019,256,63296,eeeeeeeeeeeeee[00^31]04[00^159]02[00^31]40[00^25]0
327571,264275,164,63296,[00^5]0140[00^12]e2c67a9b15e9e7ff8a9cb0dfb8fee5609923e5db[00^31]60[00^31]e0[00^31]03[00^29]0
327738,291539,27,36199,0201[00^14]ffffffffffffffffffffff0
327770,264474,26,63296,03[00^24]0e0
327796,327053,6,743,c8250528bb4e0
327802,264506,256,63296,[00^32]01[00^11]e2c67a9b15e9e7ff8a9cb0dfb8fee5609923e5db[00^31]60[00^31]c0[00^31]020101[00^30]0202[00^14]7fffffffffffffffffffffffffffffff[00^32]0
328058,264762,36,63296,c0[00^35]0
328095,293279,3,34816,5502f90
328099,293283,5,34816,5182e708810
328105,327016,11,1089,84307cc71484307cc714830
328119,266294,189,61825,941d0188c4b276a09366d05d6be06af61a73bc753580b90324d3115a8a[00^31]60[00^31]c0[00^30]0120[00^31]02[00^12]176211869ca2b568f2a7d4ee941e073a821ee1ff0
328308,293492,44,34816,[00^12]43e8809ea748eff3204ee01f08872f063e44065f[00^12]0
328352,298243,75,30109,[00^19]02[00^55]0
328436,291283,108,37153,[00^31]02[00^31]40[00^30]0120[00^12]0
328544,295008,256,33536,d0e67ce5e72beba9d0986479ea4e4021120cf794[00^31]60[00^31]c0[00^31]020001[00^14]7fffffffffffffffffffffffffffffff0102[00^14]7fffffffffffffffffffffffffffffff[00^32]05[00^43]0
328800,295264,113,33536,[00^19]60[00^31]a0[00^31]010001[00^14]ffffffffffffffffffffffffff0
328916,299731,74,29185,[00^32]c0[00^41]0
328990,264798,9,64192,02d402f902d082e7080
328999,292583,3,36416,1984300
329005,329000,5,5,8430659a7d0
329010,264818,255,64192,83049c6494abefcff81b1f00905f5efc5871626e793e20a5dc80b902a433123926[00^29]02a16d[00^12]469358b4724ba9581282605f800922bf543c1d45[00^31]a0[00^30]0160[00^30]0220[00^31]05[00^28]0c1d0
329267,329235,31,32,[00^28]0c1d050
329299,329267,31,32,[00^28]0c1d050
329331,329299,31,32,[00^28]0c1d050
329363,329331,31,32,[00^28]0c1d050
329395,265203,224,64192,[00^31]05[00^29]02a16d[00^29]02a16d[00^29]02a16d[00^29]02a16d[00^29]02a16d[00^31]410
329683,265491,75,64192,1c[00^31]c0[00^42]0
329758,318526,160,11232,007902f87682e70801842f1f97d6842f1f97e08305337194009a0b7c38b542208936f1179151cd08e294383387071afd498d0000b844f2b9fdb8[00^12]c7d8489dae3d2ebef075b1db2257e2c231c9d231[00^25]071afd498d0000c0[00^37]0
329919,268927,3,60992,9402f90
329923,268931,4,60992,9082e7080
329927,277219,3,52708,06842f0
329930,329769,9,161,1f97d6842f1f97e0830
329943,289930,20,40013,032b241de86a8660f1ae0691a4760b426ea246d70
329963,329035,3,928,80b9020
329966,267572,132,62394,64ac9650d8[00^31]20[00^31]02[00^31]40[00^30]010
330098,270802,33,59296,a0[00^30]01240
330131,290306,124,39825,75ceafe6[00^31]20[00^31]a0[00^56]0
330255,328283,6,1972,[00^5]170
330263,328069,26,2194,[00^25]030
330291,324727,2,5564,00370
330295,299994,31,30301,[00^28]64fa8a0
330327,326720,32,3607,[00^31]2b0
330359,290557,23,39802,176211869ca2b568f2a7d4ee941e073a821ee1ff0001f40
330382,298627,100,31755,e5d7c2a44ffddf6b295a15c148167daaaf5cf34f[00^80]0
330482,290689,49,39793,4449404b7c[00^44]0
330551,291799,72,38752,[00^28]c0[00^42]020
330623,329919,8,704,9402f9029082e7080
330632,329767,12,865,842f1f97d6842f1f97e083050
330667,329963,256,704,80b90264ac9650d8[00^31]20[00^31]02[00^31]40[00^30]01a0[00^30]012475ceafe6[00^31]20[00^31]a0[00^20]0
330923,330219,40,704,[00^40]0
330967,330714,25,253,[00^24]020
330999,330295,30,704,[00^28]64fa0
331031,330327,204,704,[00^31]2b176211869ca2b568f2a7d4ee941e073a821ee1ff0001f4e5d7c2a44ffddf6b295a15c148167daaaf5cf34f[00^80]4449404b7c[00^44]0
331235,304124,20,27111,0b652eff5070c4c2251a3309ef0f90cee17161f20
331255,299735,72,31520,[00^28]c0[00^42]010
331327,311711,8,19616,3302f9012f82e7080
331336,311720,138,19616,842f1f97d6842f1f97e0827e5494d1a3abf42f9e66be86cfdea8c5c2c74f041c5e1480b901045b7d7482[00^31]40[00^31]a0[00^31]400
331475,310904,3,20571,6139370
331485,277154,3,54331,3066650
331497,311021,3,20476,3561650
331500,326574,3,4926,3539630
331516,280819,3,50697,3935630
331520,310927,3,20593,6231330
331525,331520,3,5,6231330
331533,280841,3,50692,3935660
331537,289160,33,42377,37[00^31]400
331577,311962,3,19615,6632640
331589,268488,3,63101,6430370
331594,268750,3,62844,3365650
331597,281077,3,50520,6366620
331600,310962,3,20638,6666330
331613,311994,3,19619,3233620
331619,277101,3,54518,3337340
331622,331489,3,133,3963300
331626,326586,3,5040,3236320
331629,282891,3,48738,6239640
331634,282898,52,48736,c0[00^44]7102f86e82e7080
331687,331336,11,351,842f1f97d6842f1f97e0820
331721,295657,67,36064,80b844095ea7b3[00^12]678aa4bf4e210cf2166753e054d5b7c31cc7fa86[00^28]0
331792,300496,47,31296,c0[00^45]010
331839,311071,8,20768,1b02f9011782e7080
331847,311719,11,20128,09842f1f97d6842f1f97e00
331858,318930,3,12928,8307650
331862,311094,22,20768,948731d54e9d02c286767d56ac03e8037c07e01e98880
331891,318962,51,12929,96b8e41114cd2a[00^31]6e[00^12]0
331962,331410,56,552,[00^31]a0[00^24]0
332024,275300,27,56724,[00^26]090
332057,326240,33,5817,[00^32]140
332090,331942,32,148,8305fba9ed35363d691bd30935c602aba23bbe5f[00^12]0
332122,328058,37,4064,c0[00^35]030
332160,328096,3,4064,02f9030
332164,331844,3,320,82e7080
332168,329928,12,2240,842f1f97d6842f1f97e083030
332182,292593,21,39589,9480e38291e06339d10aab483c65695d004dbd5c690
332209,310153,2,22056,00b90
332211,279604,66,52607,03a42cc4081e[00^31]60[00^28]0
332277,331787,2,490,00020
332281,291985,31,40296,[00^28]64fab40
332313,292017,153,40296,[00^31]01[00^31]20[00^31]60[00^57]0
332466,332407,2,59,00600
332468,332205,5,263,a32fed0c000
332473,279866,256,52607,[00^31]02[00^31]40[00^30]0160[00^12]7f72e0d8e9abf9133a92322b8b50bd8e0f9dcfcb[00^31]80[00^62]01[00^32]600
332729,280122,256,52607,[00^12]e5d7c2a44ffddf6b295a15c148167daaaf5cf34f[00^12]4cbab02a5448605e95181489b6ec0404e721eb85[00^76]4cbab02a5448605e95181489b6ec0404e721eb85[00^31]80[00^62]01000
332985,280378,76,52607,[00^31]60[00^12]7d43aabc515c356145049227cee54b608342c0ad[00^12]0
333081,280474,100,52607,[00^31]02[00^32]c0[00^35]0
333181,333180,2,1,00000
333186,319233,4,13953,ee82e7080
333190,331335,12,1855,0a842f1f97d6842f1f97e0820
333204,331349,22,1855,94d1a3abf42f9e66be86cfdea8c5c2c74f041c5e14800
333228,331374,67,1854,5b7d7482[00^31]40[00^31]0
333296,330932,32,2364,[00^31]110
333328,317685,3,15643,7468650
333332,333330,3,2,6570650
333339,317930,3,15409,61696c0
333345,330917,47,2428,[00^46]110
333400,333336,24,64,40646d61696c2e6169[00^15]0
333424,300336,54,33088,c0[00^46]7102f86e82e7080
333479,333191,11,288,842f1f97d6842f1f97e0820
333492,326869,40,6623,94176211869ca2b568f2a7d4ee941e073a821ee1ff80b844095ea7b3[00^12]0
333532,289930,32,43602,032b241de86a8660f1ae0691a4760b426ea246d7[00^12]0
333564,327779,17,5785,[00^16]0e0
333584,333424,54,160,c0[00^46]7102f86e82e7080
333644,333639,4,5,842f08640
333649,279249,43,54400,82eb7a94176211869ca2b568f2a7d4ee941e073a821ee1ff80b844095ea7b3[00^12]0
333692,282300,44,51392,80e38291e06339d10aab483c65695d004dbd5c69[00^24]0
333736,333735,5,1,[00^5]0
333744,300496,100,33248,c0[00^45]010df9010a01842aea5400829d78940872ec4426103482a50f26ffc32acefcec61b3c980b8e4f242432a[00^12]0
333844,322764,20,11080,6ad3babda48c8ddf611904f338f1c7dffa6f41ac0
333864,300936,256,32928,[00^12]aec3cacef9457ff2821d9f85429ce3d90b001459[00^31]05[00^31]01[00^31]a0[00^64]82e7088080[00^49]010df9010a01842aea540
334120,301192,44,32928,00829d78940872ec4426103482a50f26ffc32acefcec61b3c980b8e4f242432a[00^12]0
334164,322704,20,11460,841ea524b010979ad00ccd53d025de8ae35045a20
334184,320264,256,13920,[00^12]aec3cacef9457ff2821d9f85429ce3d90b001459[00^31]05[00^31]01[00^31]a0[00^64]82e7088080[00^49]01eff901ec80842aea540
334440,320520,224,13920,0083015f90940872ec4426103482a50f26ffc32acefcec61b3c980b901c4d4dfd6bc[00^127]01[00^31]01[00^28]65140
334666,302826,161,31840,[00^63]05[00^62]0140[00^31]41310
334890,320970,85,13920,1b[00^31]82e7088080[00^47]010
334975,334111,53,864,0df9010a01842aea5400829d78940872ec4426103482a50f26ffc32acefcec61b3c980b8e4f242432a[00^12]0
335028,322744,20,12284,6580c69cfe147097843399892720b1b83225999f0
335048,272136,256,62912,[00^12]aec3cacef9457ff2821d9f85429ce3d90b001459[00^31]05[00^31]01[00^31]a0[00^64]82e7088080[00^49]01eff901ec80842aea540
335304,272392,225,62912,0083015f90940872ec4426103482a50f26ffc32acefcec61b3c980b901c4d4dfd6bc[00^127]01[00^31]01[00^28]6514140
335530,334666,160,864,[00^63]05[00^62]0140[00^31]410
335754,320970,256,14784,1b[00^31]82e7088080[00^47]01eff901ec80842aea540083015f90940872ec4426103482a50f26ffc32acefcec61b3c980b901c4d4dfd6bc[00^127]010
336010,321226,62,14784,[00^31]01[00^28]65140
336074,335530,160,544,[00^63]05[00^62]0140[00^31]410
336270,323485,2,12785,00160
336298,303050,98,33248,1b[00^31]82e7088080[00^47]01eff901ec80842aea54008301590
336397,303149,220,33248,940872ec4426103482a50f26ffc32acefcec61b3c980b901c4d4dfd6bc[00^127]01[00^31]01[00^28]6522120
336618,336074,160,544,[00^63]05[00^62]0140[00^31]410
336789,336776,1,13,000
336842,303594,87,33248,1b[00^31]82e7088080[00^48]2ceb0
336929,321793,10,15136,54842aea5400825208940
336959,321727,66,15232,865af3107a40008082e7088080[00^51]2ceb0
337026,336930,9,96,842aea5400825208940
337055,303807,96,33248,865af3107a40008082e7088080[00^82]020
337172,322344,20,14828,b8ff877ed78ba520ece21b1de7843a8a57ca47cb0
337192,337172,20,20,b8ff877ed78ba520ece21b1de7843a8a57ca47cb0
337312,304044,20,33268,76b17077ea576c531f26cc5f4c613014b6bbb5e50
337372,330531,20,6841,b03d651170ceee35729aff792d522fd952cf94c00
337392,331235,20,6157,0b652eff5070c4c2251a3309ef0f90cee17161f20
337432,286456,20,50976,5f92a40a6d582ef8856fa27fcd9189682b54f2a70
337452,332090,20,5362,8305fba9ed35363d691bd30935c602aba23bbe5f0
337472,333061,20,4411,b40ea979dccb97b7a20e776f614fc47d041892bb0
337532,286476,20,51056,fc0c2df02b1616b05c22b3044c582c4150cfd3a90
337552,333844,20,3708,6ad3babda48c8ddf611904f338f1c7dffa6f41ac0
337572,334164,20,3408,841ea524b010979ad00ccd53d025de8ae35045a20
337592,321707,20,15885,7925d7d9311a34f9df78b4a762ec770eb934a7030
337612,335028,20,2584,6580c69cfe147097843399892720b1b83225999f0
337632,321803,20,15829,bff2a37f490fb8322cd45c88e5b810274518a83d0
337652,321611,20,16041,4547eb53b686dbc9979a042d7fc88b7117e1c1cc0
337672,322189,20,15483,49ae70817d5588690e932869fa68c81df79fafcb0
337692,304384,100,33308,9dbad420963e53775a51ea9aad4afa3af6e5d753f6f8b5bc021ff67a9932346447dd7e78aa674224[00^60]0
337824,322976,31,14848,[00^28]64fa850
337856,333114,62,4742,[00^31]c0[00^30]0
337920,337888,31,32,[00^30]360
337952,305472,31,32480,[00^30]380
337984,305183,32,32801,[00^31]1c0
338016,332128,31,5888,[00^30]030
338048,293685,62,44363,[00^30]07[00^31]0
338112,331205,31,6907,[00^30]0b0
338144,325858,31,12286,[00^30]0d0
338176,323392,31,14784,[00^30]0e0
338207,287295,32,50912,20[00^30]0e0
338240,275584,62,62656,[00^30]1140[00^30]0
338304,338272,31,32,[00^30]130
338336,275936,31,62400,[00^30]1e0
338367,323583,32,14784,[00^31]1f0
338400,276032,62,62368,[00^30]20a0[00^30]0
338464,275073,61,63391,[00^30]26[00^30]0
338525,325975,2,12550,00280
338528,337762,31,766,[00^30]290
338560,323840,31,14720,[00^30]2a0
338592,323840,94,14752,[00^30]2aa0[00^30]2be0[00^30]0
338688,323904,31,14784,[00^30]2e0
338720,319201,31,19519,[00^30]300
338751,287679,32,51072,80[00^30]320
338784,324000,31,14784,[00^30]330
338815,328396,32,10419,[00^31]340
338848,338816,31,32,[00^30]340
338880,305280,62,33600,[00^30]34e0[00^30]0
338944,332160,3,6784,02f9030
338948,328100,4,10848,82e708810
338957,334163,2,4794,00840
338959,338954,4,5,ee6b28000
338967,305942,22,33025,940cab6977a9c70e04458b740476b498b214019641860
338994,332209,3,6785,00b9030
339002,298780,95,40222,[00^30]01[00^64]0
339162,313523,13,25639,[00^12]7b0
339194,336522,62,2672,[00^31]01[00^30]0
339257,275569,14,63688,[00^13]100
339290,339041,56,249,[00^56]0
339346,337852,3,1494,64fa850
339354,339194,44,160,[00^31]01[00^12]0
339398,327302,46,12096,eeeeeeeeeeeeeeeeeeeeeeeeeeeeeeeeeeeeeeee[00^26]0
339448,290077,33,49371,e0[00^31]010
339482,323282,13,16200,[00^12]080
339495,336399,19,3096,72ec4426103482a50f26ffc32acefcec61b3c90
339514,333081,63,6433,[00^31]02[00^31]0
339577,336553,61,3024,01[00^31]01[00^28]0
339638,332373,16,7265,00000020[00^12]0
339654,306053,20,33601,7538262ae993ca117a0e481f908209137a46268e0
339674,327327,28,12347,[00^26]04000
339705,328787,64,10918,[00^32]60[00^31]0
339769,299730,70,40039,[00^33]c0[00^36]0
339877,318685,3,21192,0000500
339882,337063,52,2819,82e7088080[00^47]0
339934,325438,8,14496,0392f9038f8303050
339948,325452,129,14496,8313f7c094a658742d33ebd2ce2f0bdff73515aa797fd161d980b90364252f7b01[00^31]b8[00^12]45f1a95a4d3f3836523f5c83673c797f4d4d263b[00^29]0432380
340077,324529,32,15548,32f4b84ae40e1e80a4ceba399be5376ad933ef63167a38304aed710890be32630
340109,324529,63,15580,32f4b84ae40e1e80a4ceba399be5376ad933ef63167a38304aed710890be3263[00^31]0
340172,325676,72,14496,c0[00^30]0274[00^12]38de71124f7a447a01d67945a51edce9ff491251[00^6]a20
340245,325749,256,14496,00b8af54be5b6eec24d6bfacf1cce4eaf680a823939800b745f1a95a4d3f3836523f5c83673c797f4d4d263b[00^31]01[00^31]0d[00^31]0d[00^87]2822ebf22f2cdf6ce3[00^20]0
340501,326005,5,14496,[00^5]0
340507,340319,2,188,00010
340513,340294,27,219,[00^26]010
340545,336463,90,4082,[00^90]0
340641,340481,26,160,[00^25]940
340673,326177,96,14496,[00^30]01c0[00^30]02[00^32]140
340789,335184,105,5605,[00^56]82e7088080[00^44]0
340894,324830,8,16064,0232f9022f8303060
340903,339943,6,960,843a0bd1ce830
340909,324845,127,16064,048d9c94cb566e3b6934fa77258d68ea18e931fa75e1aaaa80b902046c459a28[00^12]38de71124f7a447a01d67945a51edce9ff491251[00^31]80[00^28]64fad90
341037,324365,100,16672,[00^30]0140[00^31]84704316e5[00^31]b80
341138,310432,2,30706,003d0
341169,324497,32,16672,[00^31]0a0
341201,341137,63,64,cc003d0b7d605e6d3d3982c3557b19319475f4bba0cd32b65e14ee6b64937a87[00^31]0
341264,340817,29,447,[00^28]820
341422,325358,80,16064,1c[00^30]82e7088080[00^44]0
341502,293118,4,48384,006df86b0
341507,276451,49,65056,8435a4e9008301635394176211869ca2b568f2a7d4ee941e073a821ee1ff80b844095ea7b3[00^12]0
341556,331740,20,9816,678aa4bf4e210cf2166753e054d5b7c31cc7fa860
341576,276520,87,65056,ffffffffffffffffffffffffffffffffffffffffffffffffffffffffffffffff82e7088080[00^50]0
341663,333631,7,8032,7102f86e82e7080
341671,326855,10,14816,84308a766684308a76660
341684,341516,40,168,94176211869ca2b568f2a7d4ee941e073a821ee1ff80b844095ea7b3[00^12]0
341724,296087,20,45637,6352a56caadc4f1e25cd6c75970fa768a3304e640
341744,297659,32,44085,[00^29]9b674f0
341777,337105,46,4672,[00^45]020
341823,338943,3,2880,5b02f90
341827,338947,4,2880,5782e7080
341831,327015,3,14816,0984300
341834,329002,10,12832,659a7d8430659a7d83040
341846,329942,21,11904,94032b241de86a8660f1ae0691a4760b426ea246d70
341867,305868,7,35999,87354a6ba7a1800
341874,291913,3,49961,00b9020
341878,330671,244,11207,ac9650d8[00^31]20[00^31]02[00^31]40[00^30]01a0[00^30]012475ceafe6[00^31]20[00^31]a0[00^12]0
342142,324037,26,18105,[00^25]350
342168,341869,6,299,4a6ba7a180000
342174,342012,29,162,[00^28]010
342206,330999,31,11207,[00^28]64fa870
342238,331031,32,11207,[00^31]2b0
342270,332741,21,9529,e5d7c2a44ffddf6b295a15c148167daaaf5cf34f000
342293,310369,50,31924,176211869ca2b568f2a7d4ee941e073a821ee1ff[00^30]0
342343,326089,51,16254,[00^50]040
342398,280510,65,61888,[00^28]c0[00^35]010
342463,278687,8,63776,f402f901f082e7080
342471,312167,12,30304,80842f1f97d6842f1f97e0830
342483,278707,222,63776,0205aa940872ec4426103482a50f26ffc32acefcec61b3c980b901c4d4dfd6bc[00^127]01[00^31]01[00^28]65220
342707,336618,160,6089,[00^63]05[00^62]0140[00^31]410
342895,311955,3,30940,3536360
342931,329683,76,13248,1c[00^31]c0[00^43]0
343010,338948,4,4062,82e708810
343015,318822,87,24193,842f1f97d6842f1f97e083010b3694cce9d3f392c135dc038b147ca73ec496f7f89d938084183ff085c0[00^45]0
343108,343010,3,98,82e7080
343112,330632,12,12480,842f1f97d6842f1f97e083050
343155,342046,62,1109,[00^31]20[00^30]0
343218,343186,32,32,20[00^30]010
343250,297110,77,46140,40[00^30]0160[00^44]0
343347,323554,29,19793,[00^28]1d0
343378,337747,46,5631,[00^45]290
343443,300305,78,43138,[00^30]01c0[00^46]0
343521,327464,62,16057,[00^49]02[00^12]0
343583,342293,32,1290,176211869ca2b568f2a7d4ee941e073a821ee1ff[00^12]0
343615,342293,50,1322,176211869ca2b568f2a7d4ee941e073a821ee1ff[00^30]0
343671,343155,61,516,[00^31]20[00^29]0
343735,343347,44,388,[00^28]1dcd65[00^13]0
343779,343615,32,164,176211869ca2b568f2a7d4ee941e073a821ee1ff[00^12]0
343831,341124,13,2707,[00^12]b80
343863,343831,12,32,[00^12]0
343895,343799,44,96,[00^12]78b05688beb478a03160cd757806d0893407bdc1[00^12]0
343939,343938,18,1,[00^18]0
343959,341915,44,2044,[00^30]02[00^13]0
344003,343327,48,676,cb28fbe3e9c0fea62e0e63ff3f232cecfe555ad4[00^28]0
344051,343987,3,64,0000020
344055,343831,44,224,[00^12]b8f275fbf7a959f4bce59999a2ef122a099e81a8[00^12]0
344099,342752,19,1347,[00^18]050
344118,299574,33,44544,80[00^31]640
344151,343895,32,256,[00^12]78b05688beb478a03160cd757806d0893407bdc10
344196,343520,63,676,[00^50]02[00^12]0
344279,344247,12,32,[00^12]0
344311,344216,31,95,[00^30]020
344347,343347,63,1000,[00^28]1dcd65[00^32]0
344410,340704,63,3706,c0[00^30]02[00^31]0
344475,293780,44,50695,[00^30]02a0[00^12]0
344538,290077,63,54461,e0[00^31]01[00^30]0
344601,342076,33,2525,0020[00^31]0
344639,340604,32,4035,[00^31]150
344671,340737,32,3934,[00^31]140
344703,344347,29,356,[00^28]1d0
344735,344703,29,32,[00^28]1d0
344767,344507,60,260,[00^12]b79a4f5828eb55c10d7abf4bfe9a9f5d11aa84e0[00^28]0
344831,342583,72,2248,[00^59]01[00^12]0
344923,344215,126,708,[00^31]02[00^12]d2f5b8525758857af3553142f59e2b35cbfa0abe[00^12]dd1a897f92c14cda3ab7023b094615a7068d01fa[00^30]0
345049,344569,33,480,0001[00^31]0
345083,344832,59,251,[00^58]010
345147,343671,93,1476,[00^31]20[00^29]03d090[00^28]1d0
345243,344507,63,736,[00^12]b79a4f5828eb55c10d7abf4bfe9a9f5d11aa84e0[00^31]0
345306,345305,13,1,[00^13]0
345319,344999,50,320,dd1a897f92c14cda3ab7023b094615a7068d01fa[00^30]0
345371,345275,44,96,[00^44]0
345415,343907,32,1508,78b05688beb478a03160cd757806d0893407bdc1[00^12]0
345467,340992,13,4475,[00^12]800
345499,343895,62,1604,[00^12]78b05688beb478a03160cd757806d0893407bdc1[00^30]0
345563,344183,63,1380,73796d62696f7369732d617070[00^50]0
345626,339745,94,5881,[00^57]c0[00^36]0
345720,281272,17,64448,[00^6]011a02f9011682e70801840
345737,331849,11,13888,2f1f97d6842f1f97e083070
345748,281620,24,64128,5e06948731d54e9d02c286767d56ac03e8037c07e01e98870
345777,281649,52,64128,d61eb8e41114cd2a[00^31]b8[00^12]0
345849,335144,57,10705,[00^31]a0[00^25]0
345912,323268,27,22644,[00^26]080
345944,311289,34,34655,[00^32]148b0
345978,345830,31,148,ca9279010efa748bf0bb539824f5f8373bb468[00^12]0
346009,311673,46,34336,c0[00^36]013302f9012f82e7080
346056,333639,11,12417,842f0864eb842f0864f5820
346067,331347,127,14720,7e5494d1a3abf42f9e66be86cfdea8c5c2c74f041c5e1480b901045b7d7482[00^31]40[00^31]a0[00^31]400
346195,289137,3,57058,3561330
346200,311968,3,34232,3537390
346208,280858,3,65350,3566310
346219,289219,3,57000,3362660
346222,311881,3,34341,3462300
346225,311007,3,35218,3564380
346230,326597,3,19633,3363630
346257,310929,33,35328,33[00^31]400
346300,310923,3,35377,3136300
346309,280879,3,65430,3333330
346316,282886,3,63430,3064350
346319,289123,3,57196,3639640
346330,310964,3,35366,3362340
346333,331623,3,14710,6330310
346339,311899,3,34440,6239310
346342,326541,3,19801,6232640
346345,281091,3,65254,3031380
346349,346311,3,38,3330610
346355,344203,44,2152,[00^43]020
346400,341824,3,4576,02f9020
346404,346052,3,352,82e7080
346408,346056,10,352,842f0864eb842f0864f50
346422,292593,22,53829,9480e38291e06339d10aab483c65695d004dbd5c69870
346451,291914,63,54537,b902642cc4081e[00^31]60[00^23]010
346522,332281,31,14241,[00^28]64fab40
346554,332313,153,14241,[00^31]01[00^31]20[00^31]60[00^57]0
346707,346444,7,263,306f9469d789fb0
346714,292177,256,54537,[00^31]01[00^31]20[00^12]7f72e0d8e9abf9133a92322b8b50bd8e0f9dcfcb[00^31]80[00^62]01[00^32]60[00^12]e5d7c2a44ffddf6b295a15c148167daaaf5cf34f0
346970,292433,12,54537,[00^12]0
347002,333081,100,13921,[00^31]02[00^32]c0[00^35]0
347103,296063,3,51040,7402f90
347107,296067,4,51040,7082e7080
347112,346408,11,704,842f0864eb842f0864f5830
347127,295516,20,51611,f82537fb6c56a3b50092d3951f84f5f6c835b4f50
347147,340933,3,6214,80b9020
347151,310157,35,36994,5ae401dc[00^28]64fa860
347186,288395,128,58791,ad[00^31]40[00^31]02[00^31]40[00^30]010
347315,310289,48,37026,[00^31]e404e45aaf[00^12]0
347363,282965,20,64398,9201f3b9dfab7c13cd659ac5695d12d605b5f1e60
347383,298615,62,48768,[00^12]e5d7c2a44ffddf6b295a15c148167daaaf5cf34f[00^30]0
347447,347219,55,228,[00^31]02[00^23]0
347511,338885,26,8626,[00^25]340
347543,345592,91,1951,[00^91]0
347634,331186,30,16448,4449404b7c[00^25]0
347664,347536,19,128,34c2c34a2a0a75[00^12]0
347703,330551,72,17152,[00^28]c0[00^42]020
347775,345727,3,2048,1a02f90
347779,311395,7,36384,1682e70880842f0
347786,347114,9,672,0864eb842f0864f5830
347798,310125,21,37673,94678aa4bf4e210cf2166753e054d5b7c31cc7fa860
347829,347151,99,678,5ae401dc[00^28]64fa86ad[00^31]40[00^31]0
347928,346585,63,1343,01[00^31]20[00^30]0
347997,346586,63,1411,[00^31]20[00^31]0
348061,348048,12,13,[00^12]0
348093,348034,26,59,[00^26]0
348119,347820,6,299,5dd9ce8e011f0
348125,336358,26,11767,[00^24]01ef0
348157,290502,32,57655,[00^31]590
348189,347395,21,794,e5d7c2a44ffddf6b295a15c148167daaaf5cf34f000
348210,290555,23,57655,01f4176211869ca2b568f2a7d4ee941e073a821ee1ff000
348233,347860,2,373,00640
348235,348189,21,46,e5d7c2a44ffddf6b295a15c148167daaaf5cf34f000
348278,345648,72,2630,[00^35]c0[00^36]0
348350,346046,9,2304,013302f9012f82e7080
348365,348360,4,5,842ef1ea0
348370,346066,128,2304,827e5494d1a3abf42f9e66be86cfdea8c5c2c74f041c5e1480b901045b7d7482[00^31]40[00^31]a0[00^31]400
348500,331594,3,16906,3365650
348520,289204,3,59316,3361620
348536,311878,3,36658,3562640
348539,348500,3,39,3365650
348548,331620,3,16928,3734390
348562,326601,33,21961,[00^31]40320
348598,326557,3,22041,3066630
348606,289240,3,59366,3666380
348614,311958,3,36656,3065640
348625,346209,3,2416,6631310
348628,331607,3,17021,3264660
348648,346232,3,2416,6334300
348659,300211,51,48448,[00^44]5102f84e82e7080
348715,341099,2,7616,00840
348717,348712,4,5,2c9593000
348721,295793,110,52928,83010a3b949dba31e492b7e98b8195e254ee13b6b027e4a59d80a4a7f68792766f7465[00^28]c0[00^46]0
348831,348703,127,128,5102f84e82e70880842c959300842c95930083010a3b949dba31e492b7e98b8195e254ee13b6b027e4a59d80a4a7f68792766f7465[00^28]c0[00^45]0
348958,334974,54,13984,010df9010a01842aea5400829d78940872ec4426103482a50f26ffc32acefcec61b3c980b8e4f242432a[00^12]0
349012,337632,20,11380,bff2a37f490fb8322cd45c88e5b810274518a83d0
349032,333864,256,15168,[00^12]aec3cacef9457ff2821d9f85429ce3d90b001459[00^31]05[00^31]01[00^31]a0[00^64]82e7088080[00^49]010df9010a01842aea540
349288,334120,44,15168,00829d78940872ec4426103482a50f26ffc32acefcec61b3c980b8e4f242432a[00^12]0
349332,337652,20,11680,4547eb53b686dbc9979a042d7fc88b7117e1c1cc0
349352,349032,256,320,[00^12]aec3cacef9457ff2821d9f85429ce3d90b001459[00^31]05[00^31]01[00^31]a0[00^64]82e7088080[00^49]010df9010a01842aea540
349608,349288,44,320,00829d78940872ec4426103482a50f26ffc32acefcec61b3c980b8e4f242432a[00^12]0
349652,337592,20,12060,7925d7d9311a34f9df78b4a762ec770eb934a7030
349672,335048,256,14624,[00^12]aec3cacef9457ff2821d9f85429ce3d90b001459[00^31]05[00^31]01[00^31]a0[00^64]82e7088080[00^49]01eff901ec80842aea540
349928,335304,225,14624,0083015f90940872ec4426103482a50f26ffc32acefcec61b3c980b901c4d4dfd6bc[00^127]01[00^31]01[00^28]6514140
350154,342707,160,7447,[00^63]05[00^62]0140[00^31]410
350366,349798,2,568,00a00
350378,335754,256,14624,1b[00^31]82e7088080[00^47]01eff901ec80842aea540083015f90940872ec4426103482a50f26ffc32acefcec61b3c980b901c4d4dfd6bc[00^127]010
350634,336010,62,14624,[00^31]01[00^28]65140
350698,350154,160,544,[00^63]05[00^62]0140[00^31]410
350883,350856,1,27,000
350922,321514,87,29408,1c[00^31]82e7088080[00^48]2ceb0
351010,337026,9,13984,842aea5400825208940
351037,345446,2,5591,00ee0
351039,321823,116,29216,865af3107a40008082e7088080[00^51]ecf8ea01842aea5400829b28940872ec4426103482a50f26ffc32acefcec61b3c980b8c4f242432a[00^12]0
351155,337672,20,13483,49ae70817d5588690e932869fa68c81df79fafcb0
351175,321959,216,29216,[00^12]01e4a663fffaf1430d3a36588b2c14b72231d8b4[00^31]05[00^31]01[00^31]a0[00^32]82e7088080[00^51]0
351391,337023,12,14368,2ceb53842aea5400825208940
351423,336959,66,14464,865af3107a40008082e7088080[00^51]2ceb0
351490,351394,9,96,842aea5400825208940
351501,317510,2,33991,005b0
351519,351423,64,96,865af3107a40008082e7088080[00^51]0
351583,322175,4,29408,2eed82020
351588,321794,10,29794,842aea540082520894bf0
351617,322209,94,29408,8654953ff6d0008082e7088080[00^80]020
351712,339174,20,12538,7b1f1661e9788eabf2ca8f0694507988dcba36380
351752,337212,20,14540,e93685f3bba03016f02bd1828badd6195988d9500
351772,322344,40,29428,b8ff877ed78ba520ece21b1de7843a8a57ca47cb3d391afffed2255a2dd00325c3a96a5a8e023ff80
351812,304144,20,47668,33fa83e5622d32974e09d5993f47c0ebf6fcadf50
351832,342122,20,9710,3b5362ceb3c417148bbec31c7927c65ff79873260
351892,345511,20,6381,78b05688beb478a03160cd757806d0893407bdc10
351912,345977,20,5935,8bca9279010efa748bf0bb539824f5f8373bb4680
351952,346982,20,4970,bacfcdc5c3987424189d5bb4a2f3f82f7647733f0
351972,347683,20,4289,f989d774bca0fe1263f023a3374762a42662cce50
351992,348073,20,3919,bc1fcfdcc84f22e7a88bcb485dd96e935f41455b0
352068,351709,1,359,000
352072,337632,40,14440,bff2a37f490fb8322cd45c88e5b810274518a83d4547eb53b686dbc9979a042d7fc88b7117e1c1cc0
352112,349652,20,2460,7925d7d9311a34f9df78b4a762ec770eb934a7030
352132,336939,20,15193,2bfd72c60941ad5f41d964700ed8a07182e115350
352152,337035,20,15117,73072614fe14c67b15e5b4a6ed9cbcb1e0a0dd1d0
352192,351155,20,1037,49ae70817d5588690e932869fa68c81df79fafcb0
352252,322864,68,29388,01e4a663fffaf1430d3a36588b2c14b72231d8b4[00^48]0
352351,299993,31,52358,20[00^28]64fa0
352384,348282,62,4102,[00^31]c0[00^30]0
352448,352416,31,32,[00^30]3a0
352480,305568,31,46912,[00^30]3d0
352512,323711,62,28801,[00^31]27[00^30]0
352576,323264,31,29312,[00^30]080
352608,323296,31,29312,[00^30]0c0
352640,340354,31,12286,[00^30]0d0
352672,338208,31,14464,[00^30]0e0
352704,288749,62,63955,[00^30]0f[00^31]0
352768,338304,31,14464,[00^30]130
352800,344640,31,8160,[00^30]150
352832,304992,62,47840,[00^30]1660[00^30]0
352895,323519,32,29376,a0[00^30]1a0
352928,352896,30,32,[00^30]0
352959,352735,31,224,[00^31]0
352992,339067,31,13925,[00^30]1c0
353024,323552,31,29472,[00^30]1d0
353056,353024,31,32,[00^30]1d0
353088,338336,31,14752,[00^30]1e0
353120,338400,94,14720,[00^30]20a0[00^30]2360[00^30]0
353216,353184,30,32,[00^30]0
353248,352513,31,735,[00^30]270
353280,340442,31,12838,[00^30]280
353311,338559,32,14752,a0[00^30]2a0
353344,353312,31,32,[00^30]2a0
353376,342239,31,11137,[00^30]2b0
353408,338624,62,14784,[00^30]2be0[00^30]0
353472,353440,31,32,[00^30]2c0
353504,338656,31,14848,[00^30]2d0
353536,352290,31,1246,[00^30]2e0
353568,346677,31,6891,[00^30]300
353600,338752,31,14848,[00^30]320
353631,305247,32,48384,c0[00^30]340
353663,305375,32,48288,e0[00^30]360
353695,337919,32,15776,20[00^30]360
353728,353696,31,32,[00^30]360
353760,323040,62,30720,[00^30]3740[00^30]0
353822,339934,8,13888,0392f9038f8303050
353830,309510,3,44320,47843a0
353833,339945,67,13888,0bd1ce8313f7c094a658742d33ebd2ce2f0bdff73515aa797fd161d980b90364252f7b01[00^31]0
353901,340013,64,13888,[00^12]45f1a95a4d3f3836523f5c83673c797f4d4d263b[00^29]0432380
353965,325137,32,28828,23ed4ee9d1eccc4b6e9daea0c7370391e0635c59b51cadd4bde1ff551096b9b60
353997,325137,63,28860,23ed4ee9d1eccc4b6e9daea0c7370391e0635c59b51cadd4bde1ff551096b9b6[00^31]0
354060,340172,45,13888,c0[00^30]0274[00^12]0
354125,354099,6,26,[00^6]0
354133,353899,2,234,006e0
354155,340267,205,13888,00b745f1a95a4d3f3836523f5c83673c797f4d4d263b[00^31]01[00^31]0d[00^31]0d[00^87]0
354369,354183,26,186,[00^25]010
354401,353795,28,606,[00^27]030
354433,354401,27,32,[00^27]0
354465,354301,59,164,[00^59]0
354524,354460,30,64,7ff33b3102[00^25]0
354561,340673,96,13888,[00^30]01c0[00^30]02[00^32]140
354665,354655,1,10,000
354677,349808,105,4869,[00^56]82e7088080[00^44]0
354782,353822,8,960,0392f9038f8303050
354790,324230,3,30560,48843a0
354796,339948,129,14848,8313f7c094a658742d33ebd2ce2f0bdff73515aa797fd161d980b90364252f7b01[00^31]b8[00^12]45f1a95a4d3f3836523f5c83673c797f4d4d263b[00^29]0432380
354925,341201,32,13724,cc003d0b7d605e6d3d3982c3557b19319475f4bba0cd32b65e14ee6b64937a870
354957,341201,63,13756,cc003d0b7d605e6d3d3982c3557b19319475f4bba0cd32b65e14ee6b64937a87[00^31]0
355020,340172,72,14848,c0[00^30]0274[00^12]38de71124f7a447a01d67945a51edce9ff491251[00^6]a20
355093,340245,256,14848,00b8af54be5b6eec24d6bfacf1cce4eaf680a823939800b745f1a95a4d3f3836523f5c83673c797f4d4d263b[00^31]01[00^31]0d[00^31]0d[00^87]2822ebf22f2cdf6ce3[00^20]0
355349,340501,5,14848,[00^5]0
355360,355292,28,68,[00^28]0
355392,350542,91,4850,[00^91]0
355488,353156,27,2332,[00^26]230
355519,350792,33,4727,[00^32]010
355552,354592,65,960,c0[00^30]02[00^32]140
355637,326293,106,29344,[00^56]82e7088080[00^44]010
355744,348352,3,7392,02f9010
355748,318916,5,36832,82e70807840
355766,299830,21,55936,94272e156df8da513c69cb41cc7a99185d53f926bb0
355794,299857,103,55937,0000b90104a8c9ed67[00^12]e5d7c2a44ffddf6b295a15c148167daaaf5cf34f[00^12]7d43aabc515c356145049227cee54b608342c0ad[00^30]0
355899,355885,12,14,[00^12]0
355931,330295,31,25636,[00^28]64fa8a0
355963,323238,25,32725,[00^24]060
355988,355789,7,199,7eab853ae200000
355995,343400,24,12595,[00^23]290
356027,348281,68,7746,[00^32]c0[00^35]0
356128,333673,65,22455,80b844095ea7b3[00^12]80e38291e06339d10aab483c65695d004dbd5c69[00^26]0
356198,351334,57,4864,0082e7088080[00^51]0
356255,341663,7,14592,7102f86e82e7080
356268,356263,5,5,8432a9f8800
356295,325638,2,30657,00d50
356297,356128,19,169,80b844095ea7b3[00^12]0
356336,356231,24,105,[00^24]0
356368,295856,54,60512,c0[00^46]7202f86f82e7080
356428,356423,5,5,84305f2ed70
356433,326865,153,29568,83011c4294176211869ca2b568f2a7d4ee941e073a821ee1ff80b844095ea7b3[00^12]1d0188c4b276a09366d05d6be06af61a73bc7535ffffffffffffffffffffffffffffffffffffffffffffffffffffffffffffffffc0[00^44]041b02f9041782e7080984300
356586,356425,9,161,5f2ed784305f2ed7830
356598,327030,22,29568,941d0188c4b276a09366d05d6be06af61a73bc7535870
356627,327059,256,29568,b903e4d3115a8a[00^31]60[00^30]01[00^31]01a0[00^31]04[00^12]176211869ca2b568f2a7d4ee941e073a821ee1ff[00^12]cc22f6aa610d1b2a0e89ef228079cb3e1831b1d1[00^12]e2c67a9b15e9e7ff8a9cb0dfb8fee5609923e5dbeeeeeeeeeeeeeeeeeeeeeeeeeeeeeeeeeeeeeeeeeeeeeeeeee0
356883,327315,256,29568,eeeeeeeeeeeeee[00^31]04[00^159]02[00^31]40[00^25]0
357139,327571,164,29568,[00^5]0140[00^12]e2c67a9b15e9e7ff8a9cb0dfb8fee5609923e5db[00^31]60[00^31]e0[00^31]03[00^29]0
357306,327738,27,29568,0201[00^14]ffffffffffffffffffffff0
357339,352742,25,4597,[00^24]0f0
357364,356621,6,743,26374c0714030
357370,327802,256,29568,[00^32]01[00^11]e2c67a9b15e9e7ff8a9cb0dfb8fee5609923e5db[00^31]60[00^31]c0[00^31]020101[00^30]0202[00^14]7fffffffffffffffffffffffffffffff[00^32]0
357626,328058,36,29568,c0[00^35]0
357664,355744,3,1920,02f9010
357668,356580,3,1088,82e7080
357672,356584,11,1088,84305f2ed784305f2ed7830
357686,310644,23,47042,9488f087ad825322d9ec3261712cf09a56e58575fc87010
357722,304562,13,53160,[00^12]480
357735,322385,19,35350,4090e5aa4fd417d71ccf24b14b39cc84c2f5ea0
357754,357631,31,123,[00^31]0
357786,357210,61,576,[00^31]e0[00^29]0
357850,357722,63,128,[00^12]484090e5aa4fd417d71ccf24b14b39cc84c2f5ea[00^31]0
357913,357631,32,282,[00^31]010
357946,355585,32,2361,[00^31]140
357978,357862,63,116,484090e5aa4fd417d71ccf24b14b39cc84c2f5ea[00^43]0
358042,356695,31,1347,0001[00^29]0
358076,348283,67,9793,[00^30]c0[00^36]0
358143,326847,10,31296,7202f86f82e7080884300
358153,356425,149,1728,5f2ed784305f2ed783011c4294176211869ca2b568f2a7d4ee941e073a821ee1ff80b844095ea7b3[00^12]1d0188c4b276a09366d05d6be06af61a73bc7535ffffffffffffffffffffffffffffffffffffffffffffffffffffffffffffffffc0[00^44]0
358344,354858,3,3486,0000b80
358352,310325,76,48027,[00^12]e5d7c2a44ffddf6b295a15c148167daaaf5cf34f[00^12]176211869ca2b568f2a7d4ee941e073a821ee1ff[00^12]0
358448,355931,31,2517,[00^28]64fa8a0
358480,352837,26,5643,[00^25]160
358506,358340,6,166,bcc41e9000000
358512,351273,30,7239,[00^29]a00
358544,355661,78,2883,[00^32]82e7088080[00^41]0
358628,358308,5,320,84305974190
358636,346422,22,12214,9480e38291e06339d10aab483c65695d004dbd5c69870
358663,355794,3,2869,0000b90
358666,346452,62,12214,02642cc4081e[00^31]60[00^23]010
358736,346522,31,12214,[00^28]64fab40
358768,346554,153,12214,[00^31]01[00^31]20[00^31]60[00^57]0
358921,358658,7,263,470de4df8200000
358928,346714,256,12214,[00^31]01[00^31]20[00^12]7f72e0d8e9abf9133a92322b8b50bd8e0f9dcfcb[00^31]80[00^62]01[00^32]60[00^12]e5d7c2a44ffddf6b295a15c148167daaaf5cf34f0
359184,346970,12,12214,[00^12]0
359196,303984,20,55212,c9eee68292a3f290b4b33e58b1b1dba695665d9f0
359216,347002,64,12214,[00^31]02[00^32]0
359280,356199,47,3081,82e7088080[00^42]0
359330,356422,3,2908,8084300
359333,358310,4,1023,597419830
359368,329809,3,29559,00b8440
359375,339162,13,20213,[00^12]7b0
359407,359087,32,320,[00^31]010
359439,356199,48,3240,82e7088080[00^43]0
359490,346404,6,13086,82e70803842f0
359499,359494,4,5,842f84850
359504,351593,4,7911,825208940
359536,318479,46,41057,0080c0[00^43]0
359582,310718,12,48864,013302f9012f82e7080e842f0
359594,331338,136,28256,1f97d6842f1f97e0827e5494d1a3abf42f9e66be86cfdea8c5c2c74f041c5e1480b901045b7d7482[00^31]40[00^31]a0[00^31]400
359731,348614,3,11117,3065640
359742,311985,3,47757,6238610
359745,331580,3,28165,3538350
359754,348543,3,11211,3232380
359758,331529,3,28229,6564310
359766,346295,3,13471,3436640
359769,348533,4,11236,363639350
359774,326642,3,33132,3433300
359786,310925,3,48861,3030620
359794,348466,33,11328,[00^31]40340
359836,326645,4,33191,633163640
359851,326684,3,33167,6636360
359858,311884,3,47974,3365370
359863,331605,3,28258,3231320
359873,311909,3,47964,6663660
359878,348608,3,11270,3833660
359890,331634,52,28256,c0[00^44]7102f86e82e7080
359943,359592,11,351,842f1f97d6842f1f97e0820
359956,295476,40,64480,947d43aabc515c356145049227cee54b608342c0ad80b844095ea7b3[00^12]0
360016,295536,79,64480,ffffffffffffffffffffffffffffffffffffffffffffffffffffffffffffffffc0[00^46]0
360099,343010,4,17089,82e708810
360104,347784,11,12320,842f0864eb842f0864f5830
360145,353537,30,6608,[00^29]2e0
360178,348786,52,11392,[00^45]5102f84e82e7080
360230,318694,3,41536,02842f0
360233,360106,9,127,0864eb842f0864f5830
360242,348850,108,11392,010a3b949dba31e492b7e98b8195e254ee13b6b027e4a59d80a4a7f68792766f7465[00^28]c0[00^45]0
360351,343103,3,17248,1402f90
360355,343107,4,17248,1082e7080
360360,360104,12,256,842f0864eb842f0864f583050
360374,347798,21,12576,94678aa4bf4e210cf2166753e054d5b7c31cc7fa860
360395,359626,3,769,80b9010
360398,347828,36,12570,e45ae401dc[00^28]64fa860
360435,347865,208,12570,[00^31]40[00^31]01[00^31]20[00^30]0124b858183f[00^31]20[00^31]80[00^12]0
360643,337432,20,23211,5f92a40a6d582ef8856fa27fcd9189682b54f2a70
360663,331760,32,28903,[00^28]029f63110
360695,360668,24,27,[00^23]020
360727,305727,32,55000,[00^31]420
360759,331701,20,29058,a219439258ca9da29e9cc4ce5596924745e12b930
360779,360429,3,350,0000640
360782,348212,23,12570,176211869ca2b568f2a7d4ee941e073a821ee1ff0000640
360805,356277,20,4528,4af15ec2a0bd43db75dd04e62faa3b8ef36b00d50
360825,345625,101,15200,[00^58]c0[00^42]0
360926,330622,9,30304,029402f9029082e7080
360936,346408,12,14528,842f0864eb842f0864f583020
360950,358636,21,2314,9480e38291e06339d10aab483c65695d004dbd5c690
360971,330667,4,30304,80b902640
360975,332213,61,28762,2cc4081e[00^31]60[00^25]0
361042,341004,31,20038,80[00^28]64fa0
361073,358766,110,2307,b47b[00^31]01[00^31]20[00^31]60[00^12]0
361183,343615,49,17568,176211869ca2b568f2a7d4ee941e073a821ee1ff[00^29]0
361232,333741,3,27491,7cf2520
361235,361075,76,160,[00^31]01[00^31]20[00^12]0
361311,297855,51,63456,5ec5b1e9b1bd5198343abb6e55fb695d2f7bb308[00^31]0
361362,359055,109,2307,80[00^62]01[00^32]60[00^12]0
361471,361183,32,288,176211869ca2b568f2a7d4ee941e073a821ee1ff[00^12]0
361503,337532,20,23971,fc0c2df02b1616b05c22b3044c582c4150cfd3a90
361523,361394,64,129,[00^31]01[00^32]0
361587,345683,44,15904,c0[00^42]010
361631,331839,8,29792,1b02f9011782e7080
361640,360936,11,704,842f0864eb842f0864f5830
361654,331862,22,29792,948731d54e9d02c286767d56ac03e8037c07e01e98880
361684,345779,50,15905,b8e41114cd2a[00^31]b8[00^12]0
361754,359666,56,2088,[00^31]a0[00^24]0
361818,361786,25,32,[00^24]110
361843,359995,2,1848,00680
361850,357946,32,3904,[00^31]140
361882,361734,32,148,63b42affdb3a5f2bd7cfac09c8e0edbd9fc31177[00^12]0
361915,360187,43,1728,[00^36]5102f84e82e7080
361958,345735,3,16223,01842f0
361961,360233,117,1728,0864eb842f0864f583010a3b949dba31e492b7e98b8195e254ee13b6b027e4a59d80a4a7f68792766f7465[00^28]c0[00^45]0
362078,342462,12,19616,01f402f901f082e70880842f0
362090,360938,10,1152,0864eb842f0864f583020
362102,336397,220,25705,940872ec4426103482a50f26ffc32acefcec61b3c980b901c4d4dfd6bc[00^127]01[00^31]01[00^28]6522120
362323,350698,160,11625,[00^63]05[00^62]0140[00^31]410
362504,362481,1,23,000
362548,361556,75,992,[00^31]c0[00^42]010
362623,359583,8,3040,3302f9012f82e7080
362632,348360,138,14272,842ef1ea4f842ef1ea59827e5494d1a3abf42f9e66be86cfdea8c5c2c74f041c5e1480b901045b7d7482[00^31]40[00^31]a0[00^31]400
362774,326546,3,36228,6233380
362779,348512,3,14267,3131340
362784,346309,3,16475,3333330
362787,326577,3,36210,6530370
362796,311992,3,50804,6531320
362804,359759,3,3045,6431380
362811,346249,3,16562,3332370
362825,346317,3,16508,6435360
362834,359698,33,3136,[00^31]40630
362871,348542,3,14329,3432320
362875,359789,4,3086,333964610
362883,362810,3,73,3533320
362892,346326,3,16566,6331320
362899,359786,3,3113,3030620
362904,311961,3,50943,6566320
362909,331626,3,31283,3236320
362916,311023,3,51893,6564350
362927,348620,3,14307,3936610
362930,359538,45,3392,c0[00^43]010
362976,362624,3,352,02f9010
362980,362628,3,352,82e7080
362984,362632,10,352,842ef1ea4f842ef1ea590
363034,362943,31,91,[00^31]0
363066,362706,55,360,[00^31]a0[00^23]0
363130,362323,63,807,[00^63]0
363194,361850,32,1344,[00^31]140
363246,357998,75,5248,[00^43]220001[00^29]0
363324,362549,67,775,[00^30]c0[00^36]0
363391,359935,7,3456,7102f86e82e7080
363399,362632,11,767,842ef1ea4f842ef1ea59820
363433,359977,19,3456,80b844095ea7b3[00^12]0
363452,347127,20,16325,f82537fb6c56a3b50092d3951f84f5f6c835b4f50
363472,358045,29,5427,[00^28]030
363504,348784,54,14720,c0[00^46]5102f84e82e7080
363558,362631,11,927,02842ef1ea4f842ef1ea590
363569,348721,117,14848,83010a3b949dba31e492b7e98b8195e254ee13b6b027e4a59d80a4a7f68792766f7465[00^28]c0[00^46]5102f84e82e7080
363686,363558,128,128,02842ef1ea4f842ef1ea5983010a3b949dba31e492b7e98b8195e254ee13b6b027e4a59d80a4a7f68792766f7465[00^28]c0[00^46]5102f84e82e7080
363814,363398,11,416,01842ef1ea4f842ef1ea590
363825,363697,110,128,83010a3b949dba31e492b7e98b8195e254ee13b6b027e4a59d80a4a7f68792766f7465[00^28]c0[00^46]0
363935,319231,6,44704,3002ee82e7080
363942,363815,12,127,842ef1ea4f842ef1ea5983010
363954,300178,84,63776,0b3694cce9d3f392c135dc038b147ca73ec496f7f89d938084183ff085c0[00^47]5102f84e82e7080
364044,364039,4,5,842d94020
364049,300273,5,63776,8303291b940
364073,360138,3,3935,0d80a40
364076,300300,82,63776,efef39a1[00^31]01c0[00^45]0
364158,349598,54,14560,010df9010a01842aea5400829d78940872ec4426103482a50f26ffc32acefcec61b3c980b8e4f242432a[00^12]0
364212,352152,20,12060,73072614fe14c67b15e5b4a6ed9cbcb1e0a0dd1d0
364232,334184,256,30048,[00^12]aec3cacef9457ff2821d9f85429ce3d90b001459[00^31]05[00^31]01[00^31]a0[00^64]82e7088080[00^49]01eff901ec80842aea540
364488,334440,225,30048,0083015f90940872ec4426103482a50f26ffc32acefcec61b3c980b901c4d4dfd6bc[00^127]01[00^31]01[00^28]6514170
364714,362323,160,2391,[00^63]05[00^62]0140[00^31]410
364938,302506,256,62432,1c[00^31]82e7088080[00^47]01eff901ec80842aea540083015f90940872ec4426103482a50f26ffc32acefcec61b3c980b901c4d4dfd6bc[00^127]010
365194,302762,62,62432,[00^31]01[00^28]65140
365258,364714,160,544,[00^63]05[00^62]0140[00^31]410
365481,320969,256,44512,971b[00^31]82e7088080[00^47]01eff901ec80842aea540083015f90940872ec4426103482a50f26ffc32acefcec61b3c980b901c4d4dfd6bc[00^127]0
365737,321225,63,44512,01[00^31]01[00^28]65140
365802,365258,160,544,[00^63]05[00^62]0140[00^31]410
366026,320106,138,45920,1c[00^31]82e7088080[00^47]010df9010a01842aea5400829d78940872ec4426103482a50f26ffc32acefcec61b3c980b8e4f242432a[00^12]0
366164,352132,20,14032,2bfd72c60941ad5f41d964700ed8a07182e115350
366184,364232,246,1952,[00^12]aec3cacef9457ff2821d9f85429ce3d90b001459[00^31]05[00^31]01[00^31]a0[00^64]82e7088080[00^49]0
366430,303774,13,62656,002ceb55842aea5400825208940
366463,303711,76,62752,865af3107a40008082e7088080[00^51]2ceb55842aea5400825208940
366559,366463,76,96,865af3107a40008082e7088080[00^51]2ceb55842aea5400825208940
366655,366559,63,96,865af3107a40008082e7088080[00^50]0
366718,336382,235,30336,01eff901ec80842aea540083015910940872ec4426103482a50f26ffc32acefcec61b3c980b901c4d4dfd6bc[00^127]01[00^31]01[00^28]6522120
366954,364714,161,2240,[00^63]05[00^62]0140[00^31]41f60
367144,315639,2,51505,00930
367178,350922,85,16256,1c[00^31]82e7088080[00^48]0
367263,357242,32,10021,[00^31]030
367296,351752,20,15544,e93685f3bba03016f02bd1828badd6195988d9500
367316,367296,20,20,e93685f3bba03016f02bd1828badd6195988d9500
367336,355911,20,11425,e815264a16e15dd1d8c9404905432a0d60fad92b0
367396,303964,20,63432,bd082e9faa7043d4cccca58d63916348ee938fe00
367416,337272,20,30144,6dc812ce5c0729b233838fbfdaa91b1c16e820950
367436,357978,20,9458,484090e5aa4fd417d71ccf24b14b39cc84c2f5ea0
367476,358428,20,9048,0de1c741d4aa4081e58022887e14835a875b14400
367496,359196,20,8300,c9eee68292a3f290b4b33e58b1b1dba695665d9f0
367516,359387,20,8129,7bd33679b19262b373d440535727ed7d6824dfaa0
367576,304064,20,63512,9344dc76389a6f8aa2cdbf0ff21240282d3bc1e90
367636,360643,20,6993,5f92a40a6d582ef8856fa27fcd9189682b54f2a70
367656,361503,20,6153,fc0c2df02b1616b05c22b3044c582c4150cfd3a90
367676,361882,20,5794,63b42affdb3a5f2bd7cfac09c8e0edbd9fc311770
367756,363226,20,4530,1fea467a892870ca6ca752aaa3ef32c76d8048550
367782,310013,2,57769,00a60
367896,364212,20,3684,73072614fe14c67b15e5b4a6ed9cbcb1e0a0dd1d0
367916,351499,20,16417,b4ec005be8a1f1460973450d1a252866709725450
367936,351403,20,16533,fa6b399edcaf993cf4668f54e690f2635ed01cbd0
367956,351019,20,16937,5288a5414b642b75acf5405aa9e7b2fcfa2f00ee0
367976,366164,20,1812,2bfd72c60941ad5f41d964700ed8a07182e115350
367996,322784,60,45212,c65347b43019f8f453d7b486d259fd6146da334ef269e8574583c27fe74b69b3f998a64efd8d044840082e6f1c15d2b27b3de80cb7ad04e9ed1219000
368056,351597,20,16459,bf71745e89f8dd304961bf1369d635d83c3109340
368076,304428,146,63648,[00^83]04[00^31]80[00^30]0
368224,368192,30,32,[00^30]0
368256,368224,30,32,[00^30]0
368320,352352,31,15968,[00^28]64fa850
368352,362548,62,5804,[00^31]c0[00^30]0
368415,338751,63,29664,80[00^30]32a0[00^30]0
368480,363258,33,5222,[00^31]22000
368513,368130,30,383,[00^29]040
368544,368512,31,32,[00^30]040
368576,366987,62,1589,[00^30]05[00^31]0
368640,338048,62,30592,[00^30]07[00^31]0
368704,338112,31,30592,[00^30]0b0
368735,352639,32,16096,60[00^30]0d0
368768,368736,30,32,[00^30]0
368800,352800,31,16000,[00^30]150
368832,322914,31,45918,[00^30]180
368864,352896,31,15968,[00^30]1a0
368896,352960,31,15936,[00^30]1b0
368928,352992,31,15936,[00^30]1c0
368960,353056,31,15904,[00^30]1d0
368992,361268,31,7724,[00^30]200
369024,354330,31,14694,[00^30]210
369056,368481,31,575,[00^30]220
369088,369056,31,32,[00^30]220
369119,353151,32,15968,a0[00^30]230
369151,368671,31,480,[00^31]0
369184,353216,31,15968,[00^30]250
369216,338464,62,30752,[00^30]26[00^31]0
369280,323712,63,45568,[00^30]27[00^31]280
369343,338527,32,30816,40[00^30]290
369376,353344,31,16032,[00^30]2a0
369408,366593,31,2815,[00^30]2c0
369439,323903,63,45536,e0[00^30]2e[00^31]0
369504,338720,62,30784,[00^30]3080[00^30]0
369568,342977,31,26591,[00^30]310
369600,369471,32,129,[00^31]300
369636,324132,10,45504,8502540be400825208940
369673,366661,54,3012,008082e7088080[00^47]0
369727,305823,8,63904,3602f482e70882ab0
369736,305832,16,63904,8502040eba5285026b44df95825a3c940
369772,305868,50,63904,87354a6ba7a1800780c0[00^40]0
369822,362622,9,7200,013302f9012f82e7080
369836,348843,2,20993,00840
369838,369833,3,5,59682f0
369842,362642,128,7200,827e5494d1a3abf42f9e66be86cfdea8c5c2c74f041c5e1480b901045b7d7482[00^31]40[00^31]a0[00^31]400
369970,331579,3,38391,6435380
369973,362792,4,7181,373664650
369978,326548,3,43430,3863370
369985,326550,3,43435,3733390
369988,348633,3,21355,6139330
369992,346205,3,23787,3934310
370003,359758,3,10245,6564310
370007,311018,3,58989,6133640
370013,331481,3,38532,3738610
370016,348596,3,21420,3539300
370034,348562,33,21472,[00^31]40320
370069,362772,4,7297,343562330
370076,326666,3,43410,3030320
370080,359847,3,10233,3631650
370085,310897,3,59188,3964640
370088,359877,3,10211,3038330
370092,362882,3,7210,6135330
370096,310998,3,59098,6362350
370099,370018,3,81,3064350
370103,346240,3,23863,3265330
370107,346198,3,23909,3931350
370114,362820,3,7294,3438310
370117,362786,3,7331,3365300
370124,331498,3,38626,6165350
370131,369683,44,448,[00^44]0
370175,356095,3,14080,6cf86a0
370187,359956,40,10231,947d43aabc515c356145049227cee54b608342c0ad80b844095ea7b3[00^12]0
370227,341724,43,28503,6352a56caadc4f1e25cd6c75970fa768a3304e64[00^23]0
370279,367210,55,3069,82e7088080[00^50]0
370334,354782,8,15552,0392f9038f8303050
370348,354796,129,15552,8313f7c094a658742d33ebd2ce2f0bdff73515aa797fd161d980b90364252f7b01[00^31]b8[00^12]45f1a95a4d3f3836523f5c83673c797f4d4d263b[00^29]0432380
370509,370477,32,32,b136f6267afc842ce309bd310fa170bee1c67d2e6b5cb0f94f0ea2e565e1370b0
370541,354989,103,15552,[00^31]c0[00^30]0274[00^12]38de71124f7a447a01d67945a51edce9ff491251[00^6]a20
370645,355093,230,15552,00b8af54be5b6eec24d6bfacf1cce4eaf680a823939800b745f1a95a4d3f3836523f5c83673c797f4d4d263b[00^31]01[00^31]0d[00^31]0d[00^87]2822eb0
370881,323109,26,47772,[00^25]390
370913,363364,28,7549,[00^27]710
370945,366799,90,4146,[00^90]0
371041,370881,26,160,[00^25]390
371073,355521,96,15552,[00^30]01c0[00^30]02[00^32]140
371189,366320,106,4869,[00^56]82e7088080[00^45]0
371295,341503,3,29792,6df86b0
371299,341507,7,29792,8435a4e90083010
371329,370208,3,1121,80b8440
371336,355835,13,15501,[00^12]7d0
371368,359407,80,11961,[00^31]0182e7088080[00^43]0
371448,371393,7,55,[00^6]010
371460,371400,3,60,82e7080
371473,358636,22,12837,9480e38291e06339d10aab483c65695d004dbd5c69870
371495,311570,7,59925,271471148780000
371502,366755,3,4747,b901c40
371509,358992,63,12517,[00^12]7f72e0d8e9abf9133a92322b8b50bd8e0f9dcfcb[00^31]0
371572,328211,32,43361,c0[00^30]010
371605,366795,95,4810,[00^94]010
371701,328340,87,43361,[00^31]02[00^55]0
371788,311568,21,60220,0000271471148780[00^13]0
371809,355847,44,15962,7d43aabc515c356145049227cee54b608342c0ad[00^24]0
371861,361267,44,10594,[00^31]20[00^12]0
371925,361555,73,10370,[00^32]c0[00^40]0
371998,328990,9,43008,02d402f902d082e7080
372008,371464,5,544,8430b2a5db0
372013,371464,6,549,8430b2a5db830
372019,329011,254,43008,049c6494abefcff81b1f00905f5efc5871626e793e20a5dc80b902a433123926[00^29]02a16d[00^12]469358b4724ba9581282605f800922bf543c1d45[00^31]a0[00^30]0160[00^30]0220[00^31]05[00^28]0c1d0
372275,372243,31,32,[00^28]0c1d040
372307,372275,31,32,[00^28]0c1d040
372339,372307,31,32,[00^28]0c1d040
372371,372339,31,32,[00^28]0c1d040
372403,329395,224,43008,[00^31]05[00^29]02a16d[00^29]02a16d[00^29]02a16d[00^29]02a16d[00^29]02a16d[00^31]410
372691,342931,75,29760,1c[00^31]c0[00^42]0
372774,372013,6,761,8430b2a5db830
372819,372115,57,704,[00^31]a0[00^25]0
372876,372805,7,71,e9ad95ffd0f3400
372915,368512,44,4403,[00^30]0440[00^12]0
372979,370689,62,2290,[00^31]01[00^30]0
373042,323615,32,49427,c0[00^30]210
373075,371702,57,1373,[00^30]02[00^26]0
373139,373075,30,64,[00^30]0
373171,344443,57,28728,[00^30]0240[00^25]0
373228,372876,7,352,e9ad95ffd0f3400
373235,373171,31,64,[00^30]020
373267,373235,31,32,[00^30]020
373299,357243,60,16056,[00^30]03[00^29]0
373359,373327,3,32,0000030
373362,353791,32,19571,40[00^30]030
373395,338016,62,35379,[00^30]0380[00^30]0
373457,371167,2,2290,00140
373479,371747,43,1732,[00^43]0
373523,371636,63,1887,[00^63]0
373586,373522,65,64,14[00^63]140
373651,373459,64,192,7e51543446f54e3ec5ae604e3713af3403a08215[00^43]140
373715,373651,127,64,7e51543446f54e3ec5ae604e3713af3403a08215[00^43]147e51543446f54e3ec5ae604e3713af3403a08215[00^43]0
373842,373841,97,1,[00^97]0
373939,371400,43,2539,82e7088080[00^38]0
373987,333478,3,40509,05842f0
373992,371303,2,2689,00830
373997,328119,189,45878,941d0188c4b276a09366d05d6be06af61a73bc753580b90324d3115a8a[00^31]60[00^31]c0[00^30]0120[00^31]02[00^12]176211869ca2b568f2a7d4ee941e073a821ee1ff0
374186,356858,63,17328,eeeeeeeeeeeeeeeeeeeeeeeeeeeeeeeeeeeeeeeeeeeeeeeeeeeeeeeeeeeeeeee[00^31]0
374250,368770,29,5480,[00^28]100
374282,357018,127,17264,[00^63]02[00^31]40[00^30]010
374410,357146,95,17264,[00^12]e2c67a9b15e9e7ff8a9cb0dfb8fee5609923e5db[00^31]60[00^31]0
374505,328627,34,45878,c0[00^31]02000
374539,357563,31,16976,02[00^14]7fffffffffffffffffffffffffffffff0
374571,328661,31,45910,01[00^14]7fffffffffffffffffffffffffffffff0
374602,328724,160,45878,[00^32]05[00^62]60[00^31]a0[00^31]010
374763,357307,23,17456,01[00^14]ffffffffffffffff0
374794,366344,84,8450,[00^32]82e7088080[00^47]0
374880,369824,3,5056,02f9010
374884,360099,4,14785,82e708810
374894,374889,4,5,842f6b9a0
374899,346066,129,28833,827e5494d1a3abf42f9e66be86cfdea8c5c2c74f041c5e1480b901045b7d7482[00^31]40[00^31]a0[00^31]40380
375029,331509,3,43520,3939630
375033,348518,3,26515,6436330
375049,346332,3,28717,3463300
375055,326694,3,48361,3437330
375061,311886,3,63175,3731660
375072,331597,3,43475,6366620
375077,326682,3,48395,3366660
375081,331515,4,43566,633935630
375085,362896,4,12189,353533300
375090,346257,33,28833,33[00^31]400
375123,370017,3,5106,3930640
375131,331629,3,43502,6239640
375143,348498,3,26645,3434330
375146,311017,3,64129,6161330
375150,362917,3,12233,6435300
375155,331612,3,43543,6232330
375160,375035,3,125,3333650
375164,348520,3,26644,3361620
375168,346329,3,28839,6333620
375174,331476,3,43698,3937390
375180,359872,3,15308,6166630
375187,362579,44,12608,c0[00^42]010
375231,312159,3,63072,3b02f90
375235,312163,7,63072,3782e70880842f0
375242,374891,8,351,6b9a70842f6b9a7a0
375250,355762,3,19488,8303320
375254,355766,21,19488,94272e156df8da513c69cb41cc7a99185d53f926bb0
375275,329802,8,45473,87071afd498d00000
375283,355796,101,19487,b90104a8c9ed67[00^12]e5d7c2a44ffddf6b295a15c148167daaaf5cf34f[00^12]7d43aabc515c356145049227cee54b608342c0ad[00^30]0
375384,370871,2,4513,00280
375386,375373,12,13,[00^12]0
375398,337352,20,38046,b6edc9cf779cb338cdfb0b1a6ed8e9f511a9d0370
375418,368320,30,7098,[00^28]64fa0
375450,329848,32,45602,[00^25]071afd498d00000
375482,353510,25,21972,[00^24]2d0
375514,371925,69,3589,[00^32]c0[00^36]0
375583,363391,7,12192,7102f86e82e7080
375591,374889,11,702,842f6b9a70842f6b9a7a820
375604,358165,40,17439,94176211869ca2b568f2a7d4ee941e073a821ee1ff80b844095ea7b3[00^12]0
375644,360119,20,15525,333d8b480bdb25ea7be4dd87eeb359988ce1b30d0
375664,375202,29,462,[00^28]010
375696,364112,47,11584,c0[00^45]010
375743,369823,8,5920,3302f9012f82e7080
375757,375752,4,5,842f5ee20
375762,359602,129,16160,827e5494d1a3abf42f9e66be86cfdea8c5c2c74f041c5e1480b901045b7d7482[00^31]40[00^31]a0[00^31]40630
375892,326650,3,49242,6261300
375901,359776,3,16125,3062640
375904,370028,3,5876,6661640
375916,331603,3,44313,6462320
375921,346303,3,29618,3233370
375930,348652,3,27278,3366340
375933,346327,3,29606,3132630
375939,375897,3,42,3830650
375944,375039,3,905,3330360
375949,370097,3,5852,6235300
375954,346258,34,29696,[00^31]4035360
375991,311887,3,64104,3166650
375996,348594,3,27402,3233350
376002,348555,3,27447,3435310
376006,326576,4,49430,636530370
376016,311000,3,65016,3564360
376023,362869,3,13154,6561340
376026,331615,3,44411,6230380
376029,312004,3,64025,6231620
376037,376035,3,2,3731370
376040,376024,3,16,6134620
376044,370007,3,6037,6133640
376050,346354,45,29696,c0[00^43]020
376096,372000,3,4096,02f9020
376100,374884,4,1216,82e708810
376105,375752,10,353,842f5ee2be842f5ee2c80
376119,360950,86,15169,9480e38291e06339d10aab483c65695d004dbd5c6980b902642cc4081e[00^31]60[00^25]0
376205,364208,5,11997,[00^4]730
376212,361043,31,15169,[00^28]64fab40
376244,361075,108,15169,[00^31]01[00^31]20[00^31]60[00^12]0
376352,360805,44,15547,4af15ec2a0bd43db75dd04e62faa3b8ef36b00d5[00^24]0
376404,376244,76,160,[00^31]01[00^31]20[00^12]0
376500,361331,140,15169,[00^31]80[00^62]01[00^32]60[00^12]0
376640,376352,32,288,4af15ec2a0bd43db75dd04e62faa3b8ef36b00d5[00^12]0
376692,333081,102,43611,[00^31]02[00^32]c0[00^37]0
376794,375226,16,1568,[00^4]013b02f9013782e70880842f0
376810,376107,9,703,5ee2be842f5ee2c8830
376819,375251,147,1568,03320b94272e156df8da513c69cb41cc7a99185d53f926bb87071afd498d0000b90104a8c9ed67[00^12]e5d7c2a44ffddf6b295a15c148167daaaf5cf34f[00^12]7d43aabc515c356145049227cee54b608342c0ad[00^31]28[00^12]0
376966,322584,20,54382,d2c4b0844eb23d3b89044ac92e2093de3007efa30
376986,375418,172,1568,[00^28]64fa89dd[00^25]071afd498d[00^26]2d92c3899390f8e6[00^32]c0[00^36]7102f86e82e7080
377159,375752,11,1407,842f5ee2be842f5ee2c8820
377170,375602,42,1568,eb9294176211869ca2b568f2a7d4ee941e073a821ee1ff80b844095ea7b3[00^12]0
377212,331740,50,45472,678aa4bf4e210cf2166753e054d5b7c31cc7fa86[00^28]029f0
377264,363888,53,13376,c0[00^46]3002ee82e7080
377322,369836,2,7486,00840
377324,377319,3,5,2f51900
377328,363952,79,13376,83010b3694cce9d3f392c135dc038b147ca73ec496f7f89d938084183ff085c0[00^47]0
377407,343007,7,34400,3102ef82e708810
377415,377318,11,97,842f519000842f519009830
377456,375696,47,1760,c0[00^45]010
377503,345727,11,31776,1a02f9011682e70801842f0
377514,377417,9,97,519000842f519009830
377526,345750,22,31776,948731d54e9d02c286767d56ac03e8037c07e01e98870
377554,345778,51,31776,1eb8e41114cd2a[00^31]b8[00^12]0
377625,375826,57,1799,[00^31]a0[00^25]0
377682,312205,7,65477,038d7ea4c680000
377689,377657,26,32,[00^25]030
377720,373746,33,3974,[00^32]140
377753,377605,32,148,1f0b08fd862e7f57330528049a9a083cd81d7eb4[00^12]0
377785,348313,46,29472,c0[00^36]013302f9012f82e7080
377832,377512,10,320,842f519000842f5190090
377842,369842,129,8000,827e5494d1a3abf42f9e66be86cfdea8c5c2c74f041c5e1480b901045b7d7482[00^31]40[00^31]a0[00^31]40640
377987,369984,3,8003,6537330
377996,369977,3,8019,3138630
378007,375940,3,2067,3065620
378011,348655,3,29356,3430660
378015,326567,3,51448,3965350
378021,346338,3,31683,3062390
378028,359788,3,18240,6233390
378033,359793,33,18240,61[00^31]400
378067,348607,3,29460,6638330
378071,331497,3,46574,3561650
378076,348546,3,29530,3534370
378080,348551,3,29529,3832360
378084,377978,3,106,6631620
378087,326571,3,51516,3462610
378093,370066,3,8027,3230310
378097,359870,3,18227,3666610
378102,375904,3,2198,6661640
378111,370101,3,8010,3562320
378114,318073,3,60041,3433390
378117,346211,3,31906,3166610
378120,359883,3,18237,3439370
378123,370092,3,8031,6135330
378127,375138,3,2989,3632390
378131,377363,51,768,[00^44]3102ef82e708810
378183,377415,12,768,842f519000842f51900983020
378218,377450,52,768,80844e71d92dc0[00^45]0
378270,318430,10,59840,003202f082e70880842f0
378280,377834,9,446,519000842f519009820
378289,369643,3,8646,5208940
378322,356210,52,22112,[00^45]7102f86e82e7080
378380,378375,4,5,842df4260
378409,377193,19,1216,80b844095ea7b3[00^12]0
378448,369346,29,9102,[00^28]290
378480,364112,100,14368,c0[00^45]010df9010a01842aea5400829d78940872ec4426103482a50f26ffc32acefcec61b3c980b8e4f242432a[00^12]0
378600,349352,256,29248,[00^12]aec3cacef9457ff2821d9f85429ce3d90b001459[00^31]05[00^31]01[00^31]a0[00^64]82e7088080[00^49]010df9010a01842aea540
378856,349608,44,29248,00829d78940872ec4426103482a50f26ffc32acefcec61b3c980b8e4f242432a[00^12]0
378920,378600,256,320,[00^12]aec3cacef9457ff2821d9f85429ce3d90b001459[00^31]05[00^31]01[00^31]a0[00^64]82e7088080[00^49]010df9010a01842aea540
379176,378856,44,320,00829d78940872ec4426103482a50f26ffc32acefcec61b3c980b8e4f242432a[00^12]0
379240,349672,256,29568,[00^12]aec3cacef9457ff2821d9f85429ce3d90b001459[00^31]05[00^31]01[00^31]a0[00^64]82e7088080[00^49]01eff901ec80842aea540
379496,349928,225,29568,0083015f90940872ec4426103482a50f26ffc32acefcec61b3c980b901c4d4dfd6bc[00^127]01[00^31]01[00^28]6514140
379722,366954,160,12768,[00^63]05[00^62]0140[00^31]410
379946,367178,85,12768,1c[00^31]82e7088080[00^48]0
380031,351103,52,28928,ecf8ea01842aea5400829b28940872ec4426103482a50f26ffc32acefcec61b3c980b8c4f242432a[00^12]0
380103,351175,215,28928,[00^12]01e4a663fffaf1430d3a36588b2c14b72231d8b4[00^31]05[00^31]01[00^31]a0[00^32]82e7088080[00^50]0
380318,350462,235,29856,01eff901ec80842aea540083015f90940872ec4426103482a50f26ffc32acefcec61b3c980b901c4d4dfd6bc[00^127]01[00^31]01[00^28]6514180
380554,379722,160,832,[00^63]05[00^62]0140[00^31]410
380778,379946,85,832,1c[00^31]82e7088080[00^48]0
380863,351583,4,29280,2eed82020
380868,366626,9,14242,842aea5400825208940
380880,380862,2,18,002e0
380897,351617,62,29280,8654953ff6d0008082e7088080[00^49]0
380962,380868,9,94,842aea5400825208940
380991,366559,66,14432,865af3107a40008082e7088080[00^51]2ceb0
381057,351009,10,30048,4f842aea5400825208940
381087,351423,76,29664,865af3107a40008082e7088080[00^51]2ceb51842aea5400825208940
381183,337055,96,44128,865af3107a40008082e7088080[00^82]020
381280,337152,20,44128,2fc617e933a52713247ce25730f6695920b3befe0
381300,322304,20,58996,45a318273749d6eb00f5f6ca3bc7cd3de26d642a0
381360,367316,20,14044,e93685f3bba03016f02bd1828badd6195988d9500
381380,351792,20,29588,3d391afffed2255a2dd00325c3a96a5a8e023ff80
381400,371905,20,9495,0d276843c56c24a05a7d910d34aeb7d283e8083b0
381440,372959,20,8481,555ce236c0220695b68341bc48c68d52210cc35b0
381500,375398,20,6102,b6edc9cf779cb338cdfb0b1a6ed8e9f511a9d0370
381560,376672,20,4888,866959f5a67c5b791a7a42d777a33e34fd0e3cc60
381580,376966,20,4614,d2c4b0844eb23d3b89044ac92e2093de3007efa30
381600,367636,20,13964,5f92a40a6d582ef8856fa27fcd9189682b54f2a70
381640,337312,20,44328,76b17077ea576c531f26cc5f4c613014b6bbb5e50
381660,377753,20,3907,1f0b08fd862e7f57330528049a9a083cd81d7eb40
381700,381640,20,60,76b17077ea576c531f26cc5f4c613014b6bbb5e50
381760,378580,20,3180,153a562df4759d36c178c9c6912b91906dc0960c0
381780,378900,20,2880,bd8eaf4e71d5f42ca363193ba1b4db4d6039158e0
381800,379220,20,2580,9cb41c350203ac108ce28bee6789014545cef4770
381840,380083,20,1757,fd2f8182ea6c5107b8166812b4ce49cd959a84a60
381880,380115,20,1765,01e4a663fffaf1430d3a36588b2c14b72231d8b40
381900,352172,20,29728,161dbc3f770dc97288eed3c864daba618a209a240
381920,352232,20,29688,50ee2a1789f78174bf7fad3a2e9b21dec8ed0eb70
381940,352212,20,29728,b268e06dd9826e7c47c4b6bbc9f16df2d3bdc9ae0
381960,381222,56,738,[00^56]0
382048,368320,31,13728,[00^28]64fa850
382080,377083,62,4997,[00^31]c0[00^30]0
382143,353215,32,28928,a0[00^30]250
382176,323744,62,58432,[00^30]2820[00^30]0
382238,338014,64,44224,001c[00^30]0380[00^30]0
382304,368608,31,13696,[00^30]060
382336,368640,31,13696,[00^30]070
382368,381986,31,382,[00^30]0b0
382399,323295,32,59104,c0[00^30]0c0
382431,352703,64,29728,60[00^30]0f[00^31]0f0
382496,382464,31,32,[00^30]0f0
382528,368768,62,13760,[00^30]1080[00^30]0
382592,382560,30,32,[00^30]0
382624,352768,62,29856,[00^30]13e0[00^30]0
382687,368799,32,13888,80[00^30]150
382719,344639,32,38080,[00^31]150
382752,352832,31,29920,[00^30]160
382784,352864,31,29920,[00^30]170
382816,368832,31,13984,[00^30]180
382848,382816,31,32,[00^30]180
382879,323487,32,59392,a0[00^30]190
382912,382209,61,703,[00^30]1c[00^30]0
382973,353117,2,29856,001e0
382976,368992,63,13984,[00^30]2040[00^30]210
383040,383008,31,32,[00^30]210
383072,369056,94,14016,[00^30]2240[00^30]22a0[00^30]0
383166,369726,9,13440,003602f482e70882ab0
383176,369736,16,13440,8502040eba5285026b44df95825a3c940
383212,369772,50,13440,87354a6ba7a1800780c0[00^40]0
383262,340894,8,42368,0232f9022f8303060
383270,325446,3,57824,45843a0
383273,370345,4,12928,6ffa3a830
383277,340909,127,42368,048d9c94cb566e3b6934fa77258d68ea18e931fa75e1aaaa80b902046c459a28[00^12]38de71124f7a447a01d67945a51edce9ff491251[00^31]80[00^28]64fad90
383405,341037,99,42368,[00^30]0140[00^31]84704316e5[00^31]0
383537,377721,32,5816,[00^31]140
383569,383505,63,64,4007749a7ddd3e3c852e34f857930b57d1771a6597e405ef508b052afe106768[00^31]0
383632,380782,29,2850,[00^28]820
383791,355663,80,28128,[00^30]82e7088080[00^44]010
383871,358303,4,25568,15f901120
383885,377526,22,6359,948731d54e9d02c286767d56ac03e8037c07e01e98870
383914,377555,50,6359,b8e41114cd2a[00^31]b8[00^12]0
383984,380199,57,3785,[00^31]a0[00^25]0
384048,384016,25,32,[00^25]0
384080,383537,32,543,[00^31]140
384112,383964,32,148,1c7e75fa010eb308d07b6c07ca4f8b830f090ddf[00^12]0
384144,383821,46,323,82e7088080[00^41]0
384190,356574,12,27616,041b02f9041782e7080984300
384202,372010,10,12192,b2a5db8430b2a5db83040
384214,327030,23,57184,941d0188c4b276a09366d05d6be06af61a73bc7535870e0
384243,356627,256,27616,b903e4d3115a8a[00^31]60[00^30]01[00^31]01a0[00^31]04[00^12]176211869ca2b568f2a7d4ee941e073a821ee1ff[00^12]cc22f6aa610d1b2a0e89ef228079cb3e1831b1d1[00^12]e2c67a9b15e9e7ff8a9cb0dfb8fee5609923e5dbeeeeeeeeeeeeeeeeeeeeeeeeeeeeeeeeeeeeeeeeeeeeeeeeee0
384499,356883,256,27616,eeeeeeeeeeeeee[00^31]04[00^159]02[00^31]40[00^25]0
384755,357139,164,27616,[00^5]0140[00^12]e2c67a9b15e9e7ff8a9cb0dfb8fee5609923e5db[00^31]60[00^31]e0[00^31]03[00^29]0
384922,357306,27,27616,0201[00^14]ffffffffffffffffffffff0
384954,327770,26,57184,03[00^24]0e0
384980,384237,6,743,147616d3c1ef0
384986,357370,256,27616,[00^32]01[00^11]e2c67a9b15e9e7ff8a9cb0dfb8fee5609923e5db[00^31]60[00^31]c0[00^31]020101[00^30]0202[00^14]7fffffffffffffffffffffffffffffff[00^32]0
385242,357626,36,27616,c0[00^35]0
385278,378366,8,6912,007102f86e82e7080
385287,384200,10,1087,8430b2a5db8430b2a5db0
385297,377169,43,8128,82eb9294176211869ca2b568f2a7d4ee941e073a821ee1ff80b844095ea7b3[00^12]0
385340,384215,20,1125,1d0188c4b276a09366d05d6be06af61a73bc75350
385360,384990,29,370,[00^28]010
385392,360304,47,25088,c0[00^45]020
385453,347126,60,38327,94f82537fb6c56a3b50092d3951f84f5f6c835b4f580b902445ae401dc[00^28]64fa860
385514,347187,176,38327,[00^31]40[00^31]02[00^31]40[00^30]0160[00^31]e404e45aaf[00^12]0
385690,384390,32,1300,176211869ca2b568f2a7d4ee941e073a821ee1ff[00^12]0
385722,347395,107,38327,e5d7c2a44ffddf6b295a15c148167daaaf5cf34f[00^30]09c4[00^31]02[00^23]0
385829,384009,7,1820,[00^6]a00
385838,382757,26,3081,[00^25]160
385870,347543,121,38327,[00^91]4449404b7c[00^25]0
385991,385863,19,128,1694943860b534[00^12]0
386030,380782,81,5248,[00^28]82e7088080[00^48]0
386115,373988,5,12127,842faf08000
386124,385722,20,402,e5d7c2a44ffddf6b295a15c148167daaaf5cf34f0
386150,382918,25,3232,[00^24]1c0
386180,367208,59,18972,000082e7088080[00^52]0
386239,377311,6,8928,3002ee82e7080
386246,376808,11,9438,842f5ee2be842f5ee2c8830
386257,377329,78,8928,010b3694cce9d3f392c135dc038b147ca73ec496f7f89d938084183ff085c0[00^47]0
386335,385279,7,1056,7102f86e82e7080
386343,377159,11,9184,842f5ee2be842f5ee2c8820
386377,371329,19,15048,80b844a22cb465[00^12]0
386413,378899,2,7514,00bd0
386416,364080,79,22336,[00^31]01c0[00^45]010
386495,355743,8,30752,3c02f9013882e7080
386503,377831,3,8672,04842f0
386506,386248,9,258,5ee2be842f5ee2c8830
386518,355766,22,30752,94272e156df8da513c69cb41cc7a99185d53f926bb880
386546,371500,4,15046,8000b9010
386550,376853,49,9697,04a8c9ed67[00^12]e5d7c2a44ffddf6b295a15c148167daaaf5cf34f[00^12]0
386599,342293,51,44306,176211869ca2b568f2a7d4ee941e073a821ee1ff[00^31]0
386651,385998,13,653,[00^12]590
386664,337513,19,49151,6758cbbf0b118da13bcf95a69eed050ab97a0d0
386683,376986,31,9697,[00^28]64fa890
386715,386470,25,245,[00^24]010
386740,386541,7,199,fc09be0ae180000
386747,370756,29,15991,[00^28]0d0
386779,385210,68,1569,[00^32]c0[00^35]0
386847,358143,7,28704,7202f86f82e7080
386855,386504,11,351,842f5ee2be842f5ee2c8830
386869,329781,21,57088,94009a0b7c38b542208936f1179151cd08e29438330
386890,386377,3,513,80b8440
386897,369394,13,17503,[00^12]2a0
386929,344347,32,42582,[00^28]1dcd65000
386961,358257,46,28704,c0[00^44]010
387007,375743,11,11264,3302f9012f82e70808842f0
387018,377834,136,9184,519000842f519009827e5494d1a3abf42f9e66be86cfdea8c5c2c74f041c5e1480b901045b7d7482[00^31]40[00^31]a0[00^31]400
387158,370126,4,17032,353364310
387162,375153,3,12009,6166620
387165,378108,3,9057,6635330
387168,370024,3,17144,3465650
387172,375931,3,11241,6634310
387178,346241,3,40937,6533310
387185,331501,3,55684,3963380
387188,348531,3,38657,6430360
387191,376022,3,11169,3065610
387195,331617,3,55578,3835330
387202,359880,3,27322,6630660
387206,375146,3,12060,6161330
387218,375858,34,11360,[00^31]4063330
387270,326572,3,60698,6261350
387274,362799,3,24475,3938640
387283,376014,3,11269,6665350
387287,362813,3,24474,3766330
387291,370025,3,17266,6565350
387303,375141,3,12162,3265340
387308,378067,3,9241,6638330
387312,331632,54,55680,3963c0[00^44]7102f86e82e7080
387366,377511,11,9855,01842f519000842f5190090
387377,385297,43,2080,82eb9294176211869ca2b568f2a7d4ee941e073a821ee1ff80b844095ea7b3[00^12]0
387440,385777,29,1663,[00^28]020
387472,360048,55,27424,c0[00^46]5202f84f82e708810
387528,377512,12,10016,842f519000842f51900983070
387569,387507,12,62,[00^12]0
387581,381700,20,5881,76b17077ea576c531f26cc5f4c613014b6bbb5e50
387601,378321,53,9280,c0[00^45]7102f86e82e7080
387655,387367,11,288,842f519000842f519009820
387668,331700,40,55968,94a219439258ca9da29e9cc4ce5596924745e12b9380b844095ea7b3[00^12]0
387728,361203,30,26525,[00^29]7c0
387760,386448,47,1312,c0[00^45]010
387808,387008,3,800,02f9010
387812,331844,6,55968,82e70809842f0
387818,387530,9,288,519000842f519009830
387851,379201,3,8650,80b8e40
387858,338079,32,49779,[00^31]070
387890,328788,97,59102,[00^31]60[00^31]a0[00^31]01000
387987,387986,29,1,[00^29]0
388018,387954,58,64,[00^31]01[00^26]0
388082,387314,52,768,c0[00^44]7102f86e82e7080
388134,386503,3,1631,04842f0
388140,388135,3,5,842f3c0
388145,387377,43,768,82eb9294176211869ca2b568f2a7d4ee941e073a821ee1ff80b844095ea7b3[00^12]0
388188,386909,48,1279,2ad69a0cf272b9941c7ddcada7b0273e9046c4b0[00^28]0
388240,356368,54,31872,c0[00^46]7202f86f82e7080
388300,388295,4,5,842dc6a60
388310,378428,20,9882,bf05db69176e47bf89a6b19f7492d50751d204520
388330,388169,3,161,80b8440
388337,380586,60,7751,[00^31]05[00^28]0
388397,378476,50,9921,29c979acc0[00^45]0
388447,348831,9,39616,5102f84e82e70880840
388459,388454,6,5,80842d6b32800
388465,348849,163,39616,83010a3b949dba31e492b7e98b8195e254ee13b6b027e4a59d80a4a7f68792766f7465[00^28]c0[00^45]010df9010a01842aea5400829d78940872ec4426103482a50f26ffc32acefcec61b3c980b8e4f242432a[00^12]0
388628,381860,20,6768,d01bf4961e06263b22484732f0cfbe169f8dad5a0
388648,379240,256,9408,[00^12]aec3cacef9457ff2821d9f85429ce3d90b001459[00^31]05[00^31]01[00^31]a0[00^64]82e7088080[00^49]01eff901ec80842aea540
388904,379496,224,9408,0083015f90940872ec4426103482a50f26ffc32acefcec61b3c980b901c4d4dfd6bc[00^127]01[00^31]01[00^28]65140
389130,380554,160,8576,[00^63]05[00^62]0140[00^31]410
389290,386547,2,2743,00b90
389354,364938,256,24416,1c[00^31]82e7088080[00^47]01eff901ec80842aea540083015f90940872ec4426103482a50f26ffc32acefcec61b3c980b901c4d4dfd6bc[00^127]010
389610,365194,63,24416,[00^31]01[00^28]6514160
389674,389130,160,544,[00^63]05[00^62]0140[00^31]410
389898,365482,256,24416,1b[00^31]82e7088080[00^47]01eff901ec80842aea540083015f90940872ec4426103482a50f26ffc32acefcec61b3c980b901c4d4dfd6bc[00^127]010
390154,365738,62,24416,[00^31]01[00^28]65140
390218,389674,160,544,[00^63]05[00^62]0140[00^31]410
390442,366026,138,24416,1c[00^31]82e7088080[00^47]010df9010a01842aea5400829d78940872ec4426103482a50f26ffc32acefcec61b3c980b8e4f242432a[00^12]0
390580,381820,20,8760,3e8576b3312fc6fd48324e177cc8f0a0d7c399e80
390600,366184,249,24416,[00^12]aec3cacef9457ff2821d9f85429ce3d90b001459[00^31]05[00^31]01[00^31]a0[00^64]82e7088080[00^50]2ceb0
390849,351393,10,39456,53842aea5400825208940
390879,336959,76,53920,865af3107a40008082e7088080[00^51]2ceb53842aea5400825208940
390975,390879,76,96,865af3107a40008082e7088080[00^51]2ceb53842aea5400825208940
391071,366655,256,24416,865af3107a40008082e7088080[00^50]01eff901ec80842aea540083015910940872ec4426103482a50f26ffc32acefcec61b3c980b901c4d4dfd6bc[00^127]01[00^21]0
391327,366911,42,24416,[00^10]01[00^28]6522120
391370,390218,160,1152,[00^63]05[00^62]0140[00^31]410
391533,384072,2,7461,004e0
391594,367178,116,24416,1c[00^31]82e7088080[00^79]0
391712,381300,20,10412,45a318273749d6eb00f5f6ca3bc7cd3de26d642a0
391732,351772,20,39960,b8ff877ed78ba520ece21b1de7843a8a57ca47cb0
391752,384112,20,7640,1c7e75fa010eb308d07b6c07ca4f8b830f090ddf0
391812,386010,20,5802,592a798547e51bbbad73c5e874f3a5e7ed2e7bfb0
391892,386663,20,5229,596758cbbf0b118da13bcf95a69eed050ab97a0d0
391912,351892,20,40020,78b05688beb478a03160cd757806d0893407bdc10
391972,387581,20,4391,76b17077ea576c531f26cc5f4c613014b6bbb5e50
391992,367656,20,24336,fc0c2df02b1616b05c22b3044c582c4150cfd3a90
392052,381740,20,10312,0a3d0705937c2e0137514f65ff1e8412426130030
392090,391720,1,370,000
392092,388628,20,3464,d01bf4961e06263b22484732f0cfbe169f8dad5a0
392112,380971,20,11141,b5b936533cc57bda2ab9a7fe2e5e9e987dd9489c0
392132,381163,20,10969,af84526a957f7442ac539ad33d15aa6f6057ae300
392152,381067,20,11085,e172923f87742d3e4901c06949bdf66a1cbd616b0
392172,390580,20,1592,3e8576b3312fc6fd48324e177cc8f0a0d7c399e80
392192,368036,20,24156,40082e6f1c15d2b27b3de80cb7ad04e9ed1219000
392212,368016,20,24196,f269e8574583c27fe74b69b3f998a64efd8d04480
392232,367996,20,24236,c65347b43019f8f453d7b486d259fd6146da334e0
392252,380877,20,11375,7fc357002e8c81d43a8f568a336c76a7b57428300
392272,391662,48,610,[00^48]0
392326,392319,1,7,000
392352,382048,31,10304,[00^28]64fa850
392384,386780,62,5604,[00^31]c0[00^30]0
392448,392416,31,32,[00^30]2d0
392480,369472,62,23008,[00^30]3020[00^30]0
392542,338365,32,54177,001e[00^30]0
392576,384507,31,8069,[00^30]040
392608,392576,31,32,[00^30]040
392640,368672,31,23968,[00^30]0a0
392672,382400,31,10272,[00^30]0c0
392703,382527,32,10176,e0[00^30]100
392736,382560,31,10176,[00^30]110
392768,382592,31,10176,[00^30]120
392800,382592,62,10208,[00^30]1280[00^30]0
392862,382686,64,10176,1480[00^30]15[00^31]0
392928,382784,31,10144,[00^30]170
392959,352863,32,40096,60[00^30]170
392992,382848,31,10144,[00^30]180
393024,352896,94,40128,[00^30]1a60[00^30]1b[00^31]0
393119,392512,32,607,[00^31]1e0
393152,393120,31,32,[00^30]1e0
393184,382976,94,10208,[00^30]2040[00^30]2180[00^30]0
393280,369152,31,24128,[00^30]240
393311,392289,32,1022,[00^31]260
393344,369312,62,24032,[00^30]2840[00^30]0
393408,369376,62,24032,[00^30]2ac0[00^30]0
393472,391009,31,2463,[00^30]2c0
393504,383136,39,10368,[00^31]3602f482e70882ab0
393544,383176,16,10368,8502040eba5285026b44df95825a3c940
393580,383212,50,10368,87354a6ba7a1800780c0[00^40]0
393630,393534,9,96,003602f482e70882ab0
393640,393544,16,96,8502040eba5285026b44df95825a3c940
393676,358657,7,35019,87470de4df82000
393683,393587,43,96,0780c0[00^40]0
393732,393634,4,98,82e708820
393738,369832,9,23906,8459682f008459682f0
393781,387890,62,5891,[00^31]60[00^30]0
393843,368574,33,25269,04a0[00^30]050
393877,384858,61,9019,[00^31]03[00^29]0
393938,384279,34,9659,000060[00^30]010
393973,391680,31,2293,[00^30]020
394005,393941,31,64,[00^30]010
394041,382642,13,11399,[00^12]130
394054,393754,19,300,9abb67a33f6ddcf00fbab5e321184f4e5c22e10
394073,394005,30,68,[00^30]0
394105,384029,13,10076,[00^12]4f0
394137,380838,26,13299,[00^25]2e0
394169,378240,32,15929,[00^31]320
394201,394073,44,128,[00^30]3fc4[00^12]0
394245,339013,84,55232,[00^19]01[00^64]0
394329,394009,95,320,[00^26]01046012ed2d[00^12]139abb67a33f6ddcf00fbab5e321184f4e5c22e1[00^30]3f0
394425,376954,13,17471,[00^12]d20
394457,394137,26,320,[00^25]2e0
394489,394169,63,320,[00^31]32[00^30]3f0
394553,394233,191,320,[00^31]01[00^90]01046012ed2d[00^12]139abb67a33f6ddcf00fbab5e321184f4e5c22e1[00^30]3f0
394745,333832,13,60913,[00^12]6a0
394776,380837,27,13939,[00^26]2e0
394808,394168,64,640,40[00^31]32[00^30]3f0
394873,394553,122,320,[00^31]01[00^90]0
394995,393907,27,1088,0003[00^25]0
395029,394997,26,32,[00^25]2e0
395061,395029,27,32,[00^25]2eaf0
395093,391498,32,3595,[00^31]410
395189,372691,73,22498,1c[00^31]c0[00^40]0
395262,383262,8,12000,0232f9022f8303060
395270,339942,3,55328,46843a0
395276,383276,128,12000,83048d9c94cb566e3b6934fa77258d68ea18e931fa75e1aaaa80b902046c459a28[00^12]38de71124f7a447a01d67945a51edce9ff491251[00^31]80[00^28]64fad90
395405,341037,100,54368,[00^30]0140[00^31]84704316e5[00^31]b80
395537,343071,33,52466,[00^31]0a140
395570,395506,62,64,443f92ad1d65930b6131fc3161a7dae90179580ac8b10df705479935ebce1b[00^31]0
395632,391598,29,4034,[00^28]820
395790,341422,80,54368,1c[00^30]82e7088080[00^44]0
395870,370334,8,25536,0392f9038f8303050
395879,395271,6,608,843a4c0868830
395885,370349,63,25536,13f7c094a658742d33ebd2ce2f0bdff73515aa797fd161d980b90364252f7b01[00^31]0
395949,370413,64,25536,[00^12]45f1a95a4d3f3836523f5c83673c797f4d4d263b[00^29]0432380
396013,383569,32,12444,4007749a7ddd3e3c852e34f857930b57d1771a6597e405ef508b052afe1067680
396045,383569,63,12476,4007749a7ddd3e3c852e34f857930b57d1771a6597e405ef508b052afe106768[00^31]0
396108,354060,71,42048,c0[00^30]0274[00^12]4d73adb72bc3dd368966edd0f0b2148401a178e2[00^6]0
396181,395947,2,234,006f0
396203,370667,205,25536,00b745f1a95a4d3f3836523f5c83673c797f4d4d263b[00^31]01[00^31]0d[00^31]0d[00^87]0
396417,395845,26,572,[00^25]030
396449,382307,28,14142,[00^27]060
396480,376771,29,19709,[00^27]013b0
396513,394617,59,1896,[00^58]010
396572,396508,30,64,3b71e36fae[00^25]0
396609,371073,96,25536,[00^30]01c0[00^30]02[00^32]140
396705,348073,46,48632,bc1fcfdcc84f22e7a88bcb485dd96e935f41455b[00^26]0
396751,391596,80,5155,[00^30]82e7088080[00^45]0
396835,371299,6,25536,8435a4e900830
396845,371348,20,25497,7d5ba536ab244aaa1ea42ab88428847f25e3e6760
396872,396345,63,527,[00^63]0
396935,360466,63,36469,40[00^31]01[00^30]0
397000,391626,55,5374,82e7088080[00^50]0
397058,347107,4,49951,7082e7080
397064,386246,12,10818,842f5ee2be842f5ee2c883010
397076,341514,42,55562,635394176211869ca2b568f2a7d4ee941e073a821ee1ff80b844095ea7b3[00^12]0
397118,375644,20,21474,333d8b480bdb25ea7be4dd87eeb359988ce1b30d0
397138,360016,77,37122,ffffffffffffffffffffffffffffffffffffffffffffffffffffffffffffffffc0[00^44]0
397215,386239,6,10976,3002ee82e7080
397222,386246,88,10976,842f5ee2be842f5ee2c883010b3694cce9d3f392c135dc038b147ca73ec496f7f89d938084183ff085c0[00^46]0
397311,332159,3,65152,da02f90
397315,332163,4,65152,d682e7080
397325,397320,4,5,842f48790
397334,347798,22,49536,94678aa4bf4e210cf2166753e054d5b7c31cc7fa86860
397361,386547,3,10814,00b9010
397365,385478,35,11887,5ae401dc[00^28]64fa860
397401,360435,126,36966,[00^31]40[00^31]01[00^31]20[00^30]0
397527,385672,18,11855,00e404e45aaf[00^12]0
397545,386567,83,10978,e5d7c2a44ffddf6b295a15c148167daaaf5cf34f[00^12]176211869ca2b568f2a7d4ee941e073a821ee1ff[00^31]0
397629,371054,13,26575,[00^12]390
397661,392452,27,5209,[00^26]2d0
397688,397357,5,331,79883d20000
397693,397435,30,258,[00^29]010
397725,345623,98,52102,[00^60]c0[00^37]0
397823,388447,7,9376,5102f84e82e7080
397830,386114,3,11716,15842f0
397833,397322,9,511,48795e842f487968830
397842,388466,109,9376,010a3b949dba31e492b7e98b8195e254ee13b6b027e4a59d80a4a7f68792766f7465[00^28]c0[00^45]010
397951,361631,8,36320,1b02f9011782e7080
397959,346055,3,51904,14842f0
397962,397833,9,129,48795e842f487968830
397974,361654,22,36320,948731d54e9d02c286767d56ac03e8037c07e01e98880
398004,383914,37,14090,b8e41114cd2a[00^31]0
398042,386099,13,11943,[00^12]4b0
398074,390696,56,7378,[00^31]a0[00^24]0
398137,393317,26,4820,[00^25]260
398169,396672,33,1497,[00^32]140
398202,398054,32,148,4b1ffd7efe51b48fc19945fe78a1bb7a5260b897[00^12]0
398235,397914,36,321,[00^36]0
398274,378177,4,20097,ef82e7080
398279,397320,12,959,842f48795e842f48796883030
398294,387708,20,10586,bc7f67fa9c72f9fccf917cbcee2a50deb031462a0
398314,380064,3,18250,80b8c40
398317,344635,35,53682,8f6bdeaa[00^31]0
398353,396874,61,1479,[00^61]0
398417,398385,30,32,[00^29]7c0
398449,361491,60,36958,[00^12]fc0c2df02b1616b05c22b3044c582c4150cfd3a9[00^28]0
398509,397397,3,1112,64fa860
398514,390994,46,7520,[00^45]2c0
398562,357668,5,40894,82e7080b840
398567,398280,11,287,2f48795e842f48796883030
398578,362996,3,35582,5757940
398581,367756,20,30825,1fea467a892870ca6ca752aaa3ef32c76d8048550
398604,356204,58,42400,[00^51]7102f86e82e7080
398663,388135,11,10528,842f3ca5f9842f3ca603820
398676,397078,40,1598,94176211869ca2b568f2a7d4ee941e073a821ee1ff80b844095ea7b3[00^12]0
398736,360016,78,38720,ffffffffffffffffffffffffffffffffffffffffffffffffffffffffffffffffc0[00^45]0
398815,371999,3,26816,d402f90
398819,372003,4,26816,d082e7080
398824,398663,10,161,842f3ca5f9842f3ca6030
398838,360374,24,38464,94678aa4bf4e210cf2166753e054d5b7c31cc7fa8680b9010
398862,397364,181,1498,a45ae401dc[00^28]64fa867d[00^31]40[00^31]01[00^31]20[00^31]e404e45aaf[00^12]0
399043,397577,32,1466,176211869ca2b568f2a7d4ee941e073a821ee1ff[00^12]0
399075,360759,22,38316,a219439258ca9da29e9cc4ce5596924745e12b9300000
399097,397599,42,1498,[00^29]64[00^12]0
399139,360643,50,38496,5f92a40a6d582ef8856fa27fcd9189682b54f2a7[00^28]029f0
399191,399159,29,32,[00^28]020
399223,345623,103,53600,[00^60]c0[00^42]0
399326,398654,8,672,007102f86e82e7080
399335,398663,11,672,842f3ca5f9842f3ca603820
399349,347363,20,51986,9201f3b9dfab7c13cd659ac5695d12d605b5f1e60
399369,363433,62,35936,80b844095ea7b3[00^12]f82537fb6c56a3b50092d3951f84f5f6c835b4f5[00^23]0
399431,347502,9,51929,04af60188dc3f016c20
399440,398768,47,672,c0[00^45]010
399488,398816,3,672,02f9010
399492,341667,5,57825,82e70817840
399497,398825,10,672,2f3ca5f9842f3ca603830
399510,385453,21,14057,94f82537fb6c56a3b50092d3951f84f5f6c835b4f50
399537,376849,4,22688,0000b9010
399541,397364,213,2177,a45ae401dc[00^28]64fa867d[00^31]40[00^31]01[00^31]20[00^31]e404e45aaf[00^12]e5d7c2a44ffddf6b295a15c148167daaaf5cf34f[00^12]0
399754,376902,51,22852,7d43aabc515c356145049227cee54b608342c0ad[00^31]0
399806,399793,12,13,[00^12]0
399818,367576,20,32242,9344dc76389a6f8aa2cdbf0ff21240282d3bc1e90
399838,399780,25,58,[00^25]0
399863,399532,7,331,6a94d74f4300000
399870,381255,25,18615,[00^23]02a80
399902,399223,96,679,[00^60]c0[00^35]0
399998,387006,9,12992,013302f9012f82e7080
400007,361639,3,38368,07842f0
400010,359594,136,40416,1f97d6842f1f97e0827e5494d1a3abf42f9e66be86cfdea8c5c2c74f041c5e1480b901045b7d7482[00^31]40[00^31]a0[00^31]400
400146,362886,3,37260,6438610
400163,375903,3,24260,6466610
400172,348625,3,51547,6631310
400175,359839,3,40336,6461310
400178,375155,3,25023,6232330
400184,348502,3,51682,6532640
400191,359735,3,40456,6539340
400209,378033,33,22176,61[00^31]400
400246,387269,3,12977,3862610
400249,348549,3,51700,3439380
400252,378069,3,22183,3362350
400256,370022,3,30234,6132340
400269,362914,3,37355,3536650
400274,400171,3,103,6266310
400278,387254,3,13024,6235310
400288,362879,3,37409,3663390
400291,376016,3,24275,3564360
400296,400279,4,17,353137300
400306,348658,52,51648,c0[00^44]5102f84e82e7080
400364,400359,4,5,842dd21b0
400369,364049,110,36320,8303291b947e23def33dee73a4db90c4dab6591c8ff1b3180d80a4efef39a1[00^31]01c0[00^45]010
400479,399999,8,480,3302f9012f82e7080
400488,388295,10,12193,842dc6a61e842dc6a6260
400498,400018,128,480,827e5494d1a3abf42f9e66be86cfdea8c5c2c74f041c5e1480b901045b7d7482[00^31]40[00^31]a0[00^31]400
400628,362924,3,37704,3735640
400636,362818,3,37818,6338340
400642,378122,3,22520,3761350
400652,400627,3,25,3137350
400656,346346,4,54310,313862330
400660,375038,3,25622,6333300
400663,362823,3,37840,3531640
400675,346319,3,54356,3639640
400685,376043,4,24642,656133640
400690,400594,32,96,[00^31]400
400723,362802,3,37921,6261640
400726,400250,3,476,3938330
400730,375173,3,25557,3939370
400737,359836,3,40901,6331630
400748,362922,3,37826,3130370
400754,378123,3,22631,6135330
400759,400264,3,495,3663300
400768,346250,3,54518,3237650
400772,387155,3,13617,3638320
400777,378100,3,22677,3532660
400780,400727,3,53,3833610
400786,362930,45,37856,c0[00^43]010
400831,390527,53,10304,0df9010a01842aea5400829d78940872ec4426103482a50f26ffc32acefcec61b3c980b8e4f242432a[00^12]0
400884,392152,20,8732,e172923f87742d3e4901c06949bdf66a1cbd616b0
400904,378920,256,21984,[00^12]aec3cacef9457ff2821d9f85429ce3d90b001459[00^31]05[00^31]01[00^31]a0[00^64]82e7088080[00^49]010df9010a01842aea540
401160,379176,44,21984,00829d78940872ec4426103482a50f26ffc32acefcec61b3c980b8e4f242432a[00^12]0
401204,392132,20,9072,af84526a957f7442ac539ad33d15aa6f6057ae300
401224,400904,256,320,[00^12]aec3cacef9457ff2821d9f85429ce3d90b001459[00^31]05[00^31]01[00^31]a0[00^64]82e7088080[00^49]010df9010a01842aea540
401480,401160,44,320,00829d78940872ec4426103482a50f26ffc32acefcec61b3c980b8e4f242432a[00^12]0
401524,392112,20,9412,b5b936533cc57bda2ab9a7fe2e5e9e987dd9489c0
401544,379240,256,22304,[00^12]aec3cacef9457ff2821d9f85429ce3d90b001459[00^31]05[00^31]01[00^31]a0[00^64]82e7088080[00^49]01eff901ec80842aea540
401800,379496,225,22304,0083015f90940872ec4426103482a50f26ffc32acefcec61b3c980b901c4d4dfd6bc[00^127]01[00^31]01[00^28]6514140
402026,391370,160,10656,[00^63]05[00^62]0140[00^31]410
402250,389898,256,12352,1b[00^31]82e7088080[00^47]01eff901ec80842aea540083015f90940872ec4426103482a50f26ffc32acefcec61b3c980b901c4d4dfd6bc[00^127]010
402506,390154,63,12352,[00^31]01[00^28]6514170
402570,402026,160,544,[00^63]05[00^62]0140[00^31]410
402732,402728,1,4,000
402794,402250,256,544,1b[00^31]82e7088080[00^47]01eff901ec80842aea540083015f90940872ec4426103482a50f26ffc32acefcec61b3c980b901c4d4dfd6bc[00^127]010
403050,402506,62,544,[00^31]01[00^28]65140
403114,402570,160,544,[00^63]05[00^62]0140[00^31]410
403338,402794,84,544,1b[00^31]82e7088080[00^47]0
403422,391038,13,12384,002ceb53842aea5400825208940
403455,390975,66,12480,865af3107a40008082e7088080[00^51]2ceb0
403522,403426,9,96,842aea5400825208940
403551,351039,75,52512,865af3107a40008082e7088080[00^51]ecf8ea01842aea5400829b0
403627,380043,40,23584,940872ec4426103482a50f26ffc32acefcec61b3c980b8c4f242432a[00^12]0
403667,392252,32,11415,7fc357002e8c81d43a8f568a336c76a7b5742830[00^12]0
403699,351187,204,52512,01e4a663fffaf1430d3a36588b2c14b72231d8b4[00^31]05[00^31]01[00^31]a0[00^32]82e7088080[00^51]0
403903,380863,4,23040,2eed82020
403908,403522,9,386,842aea5400825208940
403937,351617,94,52320,8654953ff6d0008082e7088080[00^80]020
404032,391712,20,12320,45a318273749d6eb00f5f6ca3bc7cd3de26d642a0
404052,404032,20,20,45a318273749d6eb00f5f6ca3bc7cd3de26d642a0
404092,391732,20,12360,b8ff877ed78ba520ece21b1de7843a8a57ca47cb0
404112,381360,40,22752,e93685f3bba03016f02bd1828badd6195988d9503d391afffed2255a2dd00325c3a96a5a8e023ff80
404152,367596,20,36556,5ba5e30b05aa61cc6114292c1abaf9929d5919650
404192,397641,20,6551,3953edc69bfad109c8b6a94070adb327cbe40f070
404232,398202,20,6030,4b1ffd7efe51b48fc19945fe78a1bb7a5260b8970
404252,398461,20,5791,fc0c2df02b1616b05c22b3044c582c4150cfd3a90
404272,398581,20,5691,1fea467a892870ca6ca752aaa3ef32c76d8048550
404312,399139,20,5173,5f92a40a6d582ef8856fa27fcd9189682b54f2a70
404332,351972,20,52360,f989d774bca0fe1263f023a3374762a42662cce50
404352,399818,20,4534,9344dc76389a6f8aa2cdbf0ff21240282d3bc1e90
404432,400884,20,3548,e172923f87742d3e4901c06949bdf66a1cbd616b0
404452,401204,20,3248,af84526a957f7442ac539ad33d15aa6f6057ae300
404472,380971,21,23501,b5b936533cc57bda2ab9a7fe2e5e9e987dd9489c860
404493,390860,19,13633,bd5a2f0f0fd82bcaa58d4972f759c6f59eb4190
404512,390955,20,13557,41ce91d0d223b281f43713139de7bddaff44525a0
404532,391051,20,13481,c764a565c1f8f0e27a499dced1c56548046c0b1b0
404592,403667,20,925,7fc357002e8c81d43a8f568a336c76a7b57428300
404612,352252,60,52360,01e4a663fffaf1430d3a36588b2c14b72231d8b4[00^40]0
404704,392352,31,12352,[00^28]64fa850
404736,399931,62,4805,[00^31]c0[00^30]0
404800,404768,31,32,[00^30]450
404832,404800,30,32,[00^30]0
404864,404736,31,128,[00^31]0
404896,382272,62,22624,[00^30]03e0[00^30]0
404958,368542,64,36416,0440[00^30]04a0[00^30]0
405023,392927,32,12096,40[00^30]170
405055,399642,32,5413,[00^31]200
405088,393216,62,11872,[00^30]2180[00^30]0
405152,393440,62,11712,[00^30]2b20[00^30]0
405216,339809,31,65407,[00^30]2f0
405248,369568,62,35680,[00^30]3140[00^30]0
405311,353599,32,51712,a0[00^30]320
405344,405312,31,32,[00^30]320
405376,359457,31,45919,[00^30]330
405408,353632,62,51776,[00^30]34e0[00^30]0
405472,405440,31,32,[00^30]350
405504,393601,31,11903,[00^30]360
405536,353760,31,51776,[00^30]370
405568,405536,30,32,[00^30]0
405599,405055,31,544,[00^31]0
405632,352448,31,53184,[00^30]3a0
405664,405632,30,32,[00^30]0
405695,405599,31,96,[00^31]0
405728,394841,31,10887,[00^30]3f0
405760,403243,31,2517,[00^30]410
405792,405760,31,32,[00^30]410
405824,360728,31,45096,[00^30]420
405856,405824,31,32,[00^30]420
405887,383135,40,22752,a0[00^31]3602f482e70882ab0
405928,393640,16,12288,8502040eba5285026b44df95825a3c940
405964,393580,51,12384,87354a6ba7a1800780c0[00^41]0
406015,397215,6,8800,3002ee82e7080
406022,369832,10,36190,8459682f008459682f080
406032,397232,78,8800,83010b3694cce9d3f392c135dc038b147ca73ec496f7f89d938084183ff085c0[00^46]0
406126,370227,20,35899,6352a56caadc4f1e25cd6c75970fa768a3304e640
406154,405170,13,984,[00^12]2b0
406186,393909,63,12277,[00^31]60[00^30]010
406250,399742,44,6508,[00^12]7d43aabc515c356145049227cee54b608342c0ad[00^12]0
406294,384486,32,21808,eeeeeeeeeeeeeeeeeeeeeeeeeeeeeeeeeeeeeeee[00^12]0
406326,406166,32,160,2b5f704ab7061fb4dbfc5876b024f4bdb2f5e8b6[00^12]0
406358,381340,20,25018,4ff7308017c6c7ccfce40c2e08efce91259d639f0
406378,370247,32,36131,[00^23]08d95803f08658e05e0
406410,406224,25,186,[00^24]010
406442,406410,25,32,[00^24]010
406474,385774,44,20700,[00^31]02[00^12]0
406538,403210,63,3328,[00^30]0140[00^31]0
406601,403145,64,3456,[00^32]05[00^31]0
406666,352544,62,54122,[00^30]04e0[00^30]0
406730,371005,31,35725,[00^30]080
406762,396968,31,9794,[00^30]0a0
406793,384569,128,22224,[00^128]0
406921,382271,32,24650,80[00^30]030
406958,399742,47,7216,[00^12]7d43aabc515c356145049227cee54b608342c0ad[00^15]0
407006,403767,47,3239,[00^15]01[00^31]0
407053,406921,32,132,80[00^30]030
407085,341913,96,65172,20[00^31]02[00^31]40[00^30]010
407182,406794,158,388,[00^127]80[00^30]0
407340,404731,2,2609,00640
407346,406958,44,388,[00^12]7d43aabc515c356145049227cee54b608342c0ad[00^12]0
407410,406378,56,1032,[00^23]08d95803f08658e05e[00^24]0
407466,399311,17,8155,[00^16]710
407483,407391,42,92,60570bb153edd0ea1775ec2b2ac9b65f1ab61b[00^23]0
407525,407237,105,288,[00^72]80[00^31]640
407634,407346,44,288,[00^12]7d43aabc515c356145049227cee54b608342c0ad[00^12]0
407678,371521,43,36157,7f72e0d8e9abf9133a92322b8b50bd8e0f9dcfcb[00^23]0
407721,407433,49,288,08d95803f08658e05e[00^40]0
407770,407098,51,672,[00^19]02[00^31]0
407822,407790,63,32,[00^31]44[00^31]0
407885,371512,60,36373,[00^9]7f72e0d8e9abf9133a92322b8b50bd8e0f9dcfcb[00^31]0
407945,407533,95,412,[00^64]80[00^30]0
408046,407978,44,68,[00^31]80[00^12]0
408090,406166,51,1924,2b5f704ab7061fb4dbfc5876b024f4bdb2f5e8b6[00^31]0
408141,376563,77,31578,[00^31]01[00^32]60[00^12]0
408218,407646,32,572,7d43aabc515c356145049227cee54b608342c0ad[00^12]0
408250,408090,51,160,2b5f704ab7061fb4dbfc5876b024f4bdb2f5e8b6[00^31]0
408302,384538,159,23764,[00^159]0
408461,407981,60,480,[00^28]80[00^30]010
408526,385710,47,22816,[00^12]e5d7c2a44ffddf6b295a15c148167daaaf5cf34f[00^15]0
408573,407005,79,1568,01[00^15]01[00^31]80[00^30]0
408652,384536,14,24116,0004[00^12]0
408666,385722,50,22944,e5d7c2a44ffddf6b295a15c148167daaaf5cf34f[00^30]0
408716,407532,97,1184,[00^65]80[00^31]0
408814,386146,28,22668,2e1a7d4d[00^24]0
408842,394897,99,13945,[00^7]01[00^91]0
408941,407505,125,1436,[00^92]80[00^31]640
409070,406282,44,2788,[00^12]eeeeeeeeeeeeeeeeeeeeeeeeeeeeeeeeeeeeeeee[00^12]0
409136,406444,61,2692,[00^22]015eea94ff9a1f90[00^31]0
409197,408365,156,832,[00^124]80[00^30]010
409354,408522,16,832,9f865422[00^12]0
409370,384486,35,24884,eeeeeeeeeeeeeeeeeeeeeeeeeeeeeeeeeeeeeeee[00^15]0
409405,408573,80,832,01[00^15]01[00^31]80[00^31]0
409486,408906,160,580,[00^127]80[00^31]640
409650,409358,44,292,[00^12]eeeeeeeeeeeeeeeeeeeeeeeeeeeeeeeeeeeeeeee[00^12]0
409694,406358,43,3336,4ff7308017c6c7ccfce40c2e08efce91259d639f[00^23]0
409737,408841,65,896,[00^8]01[00^56]0
409802,403945,52,5857,82e7088080[00^47]0
409854,395870,8,13984,0392f9038f8303050
409868,370348,129,39520,8313f7c094a658742d33ebd2ce2f0bdff73515aa797fd161d980b90364252f7b01[00^31]b8[00^12]45f1a95a4d3f3836523f5c83673c797f4d4d263b[00^29]0432380
409997,395569,32,14428,14443f92ad1d65930b6131fc3161a7dae90179580ac8b10df705479935ebce1b0
410029,395569,63,14460,14443f92ad1d65930b6131fc3161a7dae90179580ac8b10df705479935ebce1b[00^31]0
410092,370572,72,39520,c0[00^30]0274[00^12]38de71124f7a447a01d67945a51edce9ff491251[00^6]a20
410165,370645,197,39520,00b8af54be5b6eec24d6bfacf1cce4eaf680a823939800b745f1a95a4d3f3836523f5c83673c797f4d4d263b[00^31]01[00^31]0d[00^31]0d[00^57]0
410369,355297,57,55072,[00^23]2822ebf22f2cdf6ce3[00^25]0
410426,387419,2,23007,006d0
410432,410333,29,99,[00^29]0
410464,409521,92,943,[00^92]0
410560,371268,28,39292,[00^27]6d0
410592,355520,97,55072,[00^31]01c0[00^30]02[00^32]140
410704,379219,2,31485,009c0
410709,409746,105,963,[00^56]82e7088080[00^44]0
410820,364035,5,46785,82e7081f840
410825,356264,9,54561,32a9f8808432a9f8800
410839,356316,20,54523,6131b5fae19ea4f9d964eac0408e4408b66337b50
410867,399642,44,11225,[00^31]20[00^12]0
410931,410493,63,438,[00^63]0
410994,368575,63,42419,a0[00^30]05[00^31]0
411058,404959,32,6099,40[00^30]040
411091,399642,63,11449,[00^31]20[00^31]0
411155,399063,44,12092,[00^12]a219439258ca9da29e9cc4ce5596924745e12b93[00^12]0
411199,376640,32,34559,4af15ec2a0bd43db75dd04e62faa3b8ef36b00d5[00^12]0
411231,367376,20,43855,0fe7561bc2a17115c5ad8284f29995c07c54e9730
411251,386683,31,24568,[00^28]64fa890
411283,404896,62,6387,[00^30]03e0[00^30]0
411345,399640,65,11705,0001[00^31]20[00^31]0
411410,407117,64,4293,02[00^31]40[00^30]010
411475,387218,33,24257,[00^31]40630
411511,411383,59,128,[00^27]02[00^31]0
411571,410899,44,672,[00^12]d1b47490209ccb7a806e8a45d9479490c040abf4[00^12]0
411635,411155,44,480,[00^12]a219439258ca9da29e9cc4ce5596924745e12b93[00^12]0
411679,397577,49,14102,176211869ca2b568f2a7d4ee941e073a821ee1ff[00^29]0
411731,409518,95,2213,[00^95]0
411826,411506,109,320,4063407a49[00^27]02[00^31]e0[00^12]d1b47490209ccb7a806e8a45d9479490c040abf4[00^12]0
411955,411667,44,288,[00^12]176211869ca2b568f2a7d4ee941e073a821ee1ff[00^12]0
411999,360805,49,51194,4af15ec2a0bd43db75dd04e62faa3b8ef36b00d5[00^29]0
412051,411731,95,320,[00^95]0
412147,406100,11,6047,[00^10]0e0
412163,356352,10,55811,[00^8]e2390
412179,411155,76,1024,[00^12]a219439258ca9da29e9cc4ce5596924745e12b93[00^12]4af15ec2a0bd43db75dd04e62faa3b8ef36b00d5[00^12]0
412255,407162,50,5093,[00^18]0160[00^30]0
412306,372146,32,40160,a0[00^30]010
412339,411380,44,959,[00^30]02[00^13]0
412383,411231,48,1152,0fe7561bc2a17115c5ad8284f29995c07c54e973[00^28]0
412431,411727,28,704,00f8e335[00^24]0
412467,403968,63,8499,[00^62]020
412531,411315,44,1216,[00^31]01[00^12]0
412575,410911,51,1664,d1b47490209ccb7a806e8a45d9479490c040abf4[00^31]0
412627,411699,127,928,[00^29]f8e335[00^95]0
412754,412595,32,159,[00^31]010
412821,412795,3,26,223a220
412829,370076,3,42753,3030320
412836,412807,9,29,222c22416d6f756e740
412848,412818,11,30,555344223a2231362e33360
412865,362777,3,50088,3837310
412871,412836,3,35,222c220
412882,412851,3,31,223a220
412885,412871,3,14,222c220
412919,412850,5,69,44223a22310
412924,412885,3,39,222c220
412935,412794,4,141,65223a220
412993,375177,3,37816,3466310
413139,377984,3,35155,6538320
413184,376004,3,37180,3137630
413267,400207,3,13060,3634610
413286,399270,57,14016,[00^13]c0[00^43]0
413343,388287,7,25056,7202f86f82e7080
413356,413351,3,5,8430a30
413365,403627,23,9738,940872ec4426103482a50f26ffc32acefcec61b3c980b80
413388,386379,17,27009,44a22cb465[00^12]0
413425,400400,77,13025,[00^31]01c0[00^44]0
413508,413347,3,161,82e7080
413512,413351,11,161,8430a322fd8430a3230b830
413527,413405,20,122,0cab6977a9c70e04458b740476b498b2140196410
413553,399538,2,14015,00b90
413561,403105,6,10456,[00^5]650
413605,409662,20,3943,eeeeeeeeeeeeeeeeeeeeeeeeeeeeeeeeeeeeeeee0
413636,413565,1,71,000
413661,413501,2,160,00070
413705,413661,1,44,000
413721,410061,62,3660,[00^31]c0[00^30]0
413786,408194,12,5592,[00^11]600
413817,405373,2,8444,00320
413820,413791,6,29,[00^6]0
413829,413573,20,256,2275fe0244d75b42dfcf1774f50c7bd83f6e163d0
413849,413820,6,29,[00^6]0
413855,413548,6,307,5adbc80358000
413861,405100,19,8761,[00^18]210
413881,413849,30,32,[00^6]5adbc80358[00^19]0
413913,413881,31,32,[00^6]5adbc80358[00^19]1c0
413945,413849,31,96,[00^6]5adbc80358[00^19]210
413977,413945,31,32,[00^6]5adbc80358[00^19]210
414009,413913,31,96,[00^6]5adbc80358[00^19]1c0
414041,413977,31,64,[00^6]5adbc80358[00^19]210
414073,414009,31,64,[00^6]5adbc80358[00^19]1c0
414105,414041,31,64,[00^6]5adbc80358[00^19]210
414137,414073,31,64,[00^6]5adbc80358[00^19]1c0
414169,414137,31,32,[00^6]5adbc80358[00^19]1c0
414201,414169,31,32,[00^6]5adbc80358[00^19]1c0
414233,414105,31,128,[00^6]5adbc80358[00^19]210
414265,414233,31,32,[00^6]5adbc80358[00^19]210
414297,414265,31,32,[00^6]5adbc80358[00^19]210
414329,414201,31,128,[00^6]5adbc80358[00^19]1c0
414361,414297,31,64,[00^6]5adbc80358[00^19]210
414393,414361,31,32,[00^6]5adbc80358[00^19]210
414425,414393,31,32,[00^6]5adbc80358[00^19]210
414457,414329,31,128,[00^6]5adbc80358[00^19]1c0
414489,414425,31,64,[00^6]5adbc80358[00^19]210
414521,414489,31,32,[00^6]5adbc80358[00^19]210
414553,414457,31,96,[00^6]5adbc80358[00^19]1c0
414585,414521,31,64,[00^6]5adbc80358[00^19]210
414617,414553,31,64,[00^6]5adbc80358[00^19]1c0
414649,414585,31,64,[00^6]5adbc80358[00^19]210
414681,414617,31,64,[00^6]5adbc80358[00^19]1c0
414713,414649,31,64,[00^6]5adbc80358[00^19]210
414745,414713,31,32,[00^6]5adbc80358[00^19]210
414777,414681,31,96,[00^6]5adbc80358[00^19]1c0
414809,414777,31,32,[00^6]5adbc80358[00^19]1c0
414841,414809,30,32,[00^6]5adbc80358[00^19]0
414873,414841,31,32,[00^6]5adbc80358[00^19]150
414905,414745,31,160,[00^6]5adbc80358[00^19]210
414937,414809,31,128,[00^6]5adbc80358[00^19]1c0
414969,414905,31,64,[00^6]5adbc80358[00^19]210
415001,414937,31,64,[00^6]5adbc80358[00^19]1c0
415033,414969,31,64,[00^6]5adbc80358[00^19]210
415065,415001,31,64,[00^6]5adbc80358[00^19]1c0
415097,415033,31,64,[00^6]5adbc80358[00^19]210
415129,415065,31,64,[00^6]5adbc80358[00^19]1c0
415161,415097,31,64,[00^6]5adbc80358[00^19]210
415193,415129,31,64,[00^6]5adbc80358[00^19]1c0
415225,415161,31,64,[00^6]5adbc80358[00^19]210
415257,415193,31,64,[00^6]5adbc80358[00^19]1c0
415289,415225,31,64,[00^6]5adbc80358[00^19]210
415321,415289,31,32,[00^6]5adbc80358[00^19]210
415353,415321,31,32,[00^6]5adbc80358[00^19]210
415385,414873,31,512,[00^6]5adbc80358[00^19]150
415416,414008,31,1408,71[00^6]5adbc80358[00^19]0
415454,412753,33,2701,[00^32]010
415488,400480,3,15008,02f9010
415492,413508,3,1984,82e7080
415496,385444,5,30052,8430a211870
415501,385444,6,30057,8430a21187830
415507,357683,24,57824,0695a69488f087ad825322d9ec3261712cf09a56e58575fc0
415538,357715,19,57823,b9018451905636[00^12]0
415577,415455,31,122,[00^31]0
415609,357786,63,57823,[00^31]e0[00^29]24a10
415673,415545,63,128,[00^12]182f8723b57ea3caf8b31c38bf5538987506e5ad[00^31]0
415736,357913,65,57823,[00^31]0120[00^31]140
415801,415685,63,116,182f8723b57ea3caf8b31c38bf5538987506e5ad[00^43]0
415864,358041,102,57823,220001[00^29]030d40[00^30]c0[00^36]0
415972,359490,5,56482,82e70803840
415981,415976,5,5,843094b1ac0
415990,373997,256,41993,941d0188c4b276a09366d05d6be06af61a73bc753580b90324d3115a8a[00^31]60[00^31]c0[00^30]0120[00^31]02[00^12]176211869ca2b568f2a7d4ee941e073a821ee1ffeeeeeeeeeeeeeeeeeeeeeeeeeeeeeeeeeeeeeeeeeeeeeeeeeeeeeeeeeeeeeeee[00^31]020000000
416246,374253,25,41993,[00^25]0
416271,416241,2,30,00020
416275,374282,256,41993,[00^63]02[00^31]40[00^30]0120[00^12]e2c67a9b15e9e7ff8a9cb0dfb8fee5609923e5db[00^31]60[00^31]c0[00^31]020
416531,374538,248,41993,0002[00^14]7fffffffffffffffffffffffffffffff0101[00^14]7fffffffffffffffffffffffffffffff[00^32]05[00^62]60[00^31]a0[00^31]010101[00^14]ffffffffffffffff0
416787,399251,76,17536,[00^32]c0[00^43]0
416863,358143,10,58720,7202f86f82e7080884300
416873,415978,9,895,94b1ac843094b1ac830
416882,358162,141,58720,011c4294176211869ca2b568f2a7d4ee941e073a821ee1ff80b844095ea7b3[00^12]1d0188c4b276a09366d05d6be06af61a73bc7535ffffffffffffffffffffffffffffffffffffffffffffffffffffffffffffffffc0[00^44]010
417023,399487,8,17536,db02f901d782e7080
417037,417032,4,5,842f9bf50
417046,398838,21,18208,94678aa4bf4e210cf2166753e054d5b7c31cc7fa860
417073,386546,4,30527,8000b9010
417077,397364,256,19713,a45ae401dc[00^28]64fa867d[00^31]40[00^31]01[00^31]20[00^31]e404e45aaf[00^12]e5d7c2a44ffddf6b295a15c148167daaaf5cf34f[00^12]176211869ca2b568f2a7d4ee941e073a821ee1ff[00^23]0
417333,397620,21,19713,[00^8]64[00^12]0
417374,392997,26,24377,[00^25]180
417400,417069,6,331,de76816d80000
417406,417405,29,1,[00^29]0
417438,399223,97,18215,[00^60]c0[00^36]0
417535,363935,8,53600,3002ee82e70804840
417543,397832,11,19711,2f48795e842f48796883010
417554,363954,84,53600,0b3694cce9d3f392c135dc038b147ca73ec496f7f89d938084183ff085c0[00^47]5102f84e82e7080
417638,387366,3,30272,01842f0
417641,397833,117,19808,48795e842f48796883010a3b949dba31e492b7e98b8195e254ee13b6b027e4a59d80a4a7f68792766f7465[00^28]c0[00^45]0
417758,417757,1,1,000
417763,417635,3,128,82e7080
417767,398566,12,19201,842f48795e842f48796883030
417809,410165,2,7644,00b80
417816,417342,13,474,[00^12]780
417831,390440,3,27391,77591c0
417848,417114,63,734,[00^31]40[00^31]0
417911,417711,40,200,00c0[00^38]0
417951,416863,7,1088,7202f86f82e7080
417958,373987,3,43971,05842f0
417961,399498,9,18463,3ca5f9842f3ca603830
417973,416885,40,1088,94176211869ca2b568f2a7d4ee941e073a821ee1ff80b844095ea7b3[00^12]0
418033,405025,30,13008,[00^29]170
418065,416977,46,1088,c0[00^44]010
418111,376799,8,41312,3b02f9013782e7080
418119,417638,3,481,01842f0
418122,398826,10,19296,3ca5f9842f3ca60383030
418134,376822,22,41312,94272e156df8da513c69cb41cc7a99185d53f926bb870
418156,377682,7,40474,038d7ea4c680000
418163,376851,115,41312,b90104a8c9ed67[00^12]e5d7c2a44ffddf6b295a15c148167daaaf5cf34f[00^12]7d43aabc515c356145049227cee54b608342c0ad[00^31]28[00^12]0
418298,411251,31,7047,[00^28]64fa890
418330,377657,56,40673,[00^25]038d7ea4c680[00^25]0
418394,417880,69,514,[00^32]c0[00^36]0
418467,415492,5,2975,82e7080d840
418472,400009,10,18463,2f1f97d6842f1f97e0820
418484,386123,51,32361,94e5d7c2a44ffddf6b295a15c148167daaaf5cf34f80a42e1a7d4d[00^24]0
418535,363064,2,55471,00660
418544,386192,53,32352,[00^47]3002ee82e7080
418598,418471,10,127,842f1f97d6842f1f97e00
418608,417552,86,1056,83010b3694cce9d3f392c135dc038b147ca73ec496f7f89d938084183ff085c0[00^47]5102f84e82e7080
418695,418598,11,97,842f1f97d6842f1f97e0830
418709,360118,55,58591,94333d8b480bdb25ea7be4dd87eeb359988ce1b30d80a4a0712d68[00^28]0
418768,400432,55,18336,c0[00^45]013302f9012f82e7080
418823,417541,3,1282,04842f0
418826,400010,137,18816,1f97d6842f1f97e0827e5494d1a3abf42f9e66be86cfdea8c5c2c74f041c5e1480b901045b7d7482[00^31]40[00^31]a0[00^31]40640
418963,378067,63,40896,6638336235616564313534373538323631663162346261656661323031663666613532666164376232663533356232343339316661343937613533643632390
419026,377938,96,41088,[00^31]40643065376635393866316261626665383265373362333763346131386333396661343666623065626134306637396535353864306239326531396233396630610
419122,359538,53,59584,c0[00^43]013302f9012f82e7080
419176,400359,10,18817,842dd21be1842dd21be90
419186,418834,128,352,827e5494d1a3abf42f9e66be86cfdea8c5c2c74f041c5e1480b901045b7d7482[00^31]40[00^31]a0[00^31]400
419314,375951,3,43363,3063300
419319,359733,3,59586,6438650
419328,375145,3,44183,3361610
419334,375913,3,43421,3864370
419343,375055,3,44288,3437330
419349,375895,3,43454,6365380
419353,375900,3,43453,3630620
419357,418999,4,358,616437620
419361,418993,3,368,3666610
419364,375038,4,44326,633330360
419369,400626,3,18743,6531370
419372,362811,3,56561,3332370
419377,419025,33,352,39[00^31]400
419412,359762,3,59650,6436340
419417,369990,3,49427,3333390
419426,419085,3,341,3863330
419434,387181,3,32253,3536370
419437,375051,3,44386,3036320
419441,419328,3,113,3361610
419448,419062,3,386,6635390
419451,375935,3,43516,6336650
419454,400758,3,18696,3336630
419458,400253,3,19205,6235390
419464,400670,3,18794,6535650
419474,400306,52,19168,c0[00^44]5102f84e82e7080
419531,406026,2,13505,00840
419533,419528,4,5,2c9593000
419537,388465,163,31072,83010a3b949dba31e492b7e98b8195e254ee13b6b027e4a59d80a4a7f68792766f7465[00^28]c0[00^45]010df9010a01842aea5400829d78940872ec4426103482a50f26ffc32acefcec61b3c980b8e4f242432a[00^12]0
419700,404532,20,15168,c764a565c1f8f0e27a499dced1c56548046c0b1b0
419720,401224,256,18496,[00^12]aec3cacef9457ff2821d9f85429ce3d90b001459[00^31]05[00^31]01[00^31]a0[00^64]82e7088080[00^49]010df9010a01842aea540
419976,401480,44,18496,00829d78940872ec4426103482a50f26ffc32acefcec61b3c980b8e4f242432a[00^12]0
420020,404492,20,15528,86bd5a2f0f0fd82bcaa58d4972f759c6f59eb4190
420040,419720,256,320,[00^12]aec3cacef9457ff2821d9f85429ce3d90b001459[00^31]05[00^31]01[00^31]a0[00^64]82e7088080[00^49]010df9010a01842aea540
420296,419976,44,320,00829d78940872ec4426103482a50f26ffc32acefcec61b3c980b8e4f242432a[00^12]0
420340,404512,20,15828,41ce91d0d223b281f43713139de7bddaff44525a0
420360,401544,256,18816,[00^12]aec3cacef9457ff2821d9f85429ce3d90b001459[00^31]05[00^31]01[00^31]a0[00^64]82e7088080[00^49]01eff901ec80842aea540
420616,401800,224,18816,0083015f90940872ec4426103482a50f26ffc32acefcec61b3c980b901c4d4dfd6bc[00^127]01[00^31]01[00^28]65140
420842,403114,160,17728,[00^63]05[00^62]0140[00^31]410
421066,402794,256,18272,1b[00^31]82e7088080[00^47]01eff901ec80842aea540083015f90940872ec4426103482a50f26ffc32acefcec61b3c980b901c4d4dfd6bc[00^127]010
421322,403050,62,18272,[00^31]01[00^28]65140
421385,406569,96,14816,40[00^63]05[00^31]0
421481,420937,65,544,[00^31]0140[00^31]410
421610,391594,85,30016,1c[00^31]82e7088080[00^48]0
421695,403519,12,18176,2ceb52842aea5400825208940
421727,403455,66,18272,865af3107a40008082e7088080[00^51]2ceb0
421794,421698,9,96,842aea5400825208940
421823,421727,66,96,865af3107a40008082e7088080[00^51]2ceb0
421890,421794,9,96,842aea5400825208940
421919,391071,256,30848,865af3107a40008082e7088080[00^50]01eff901ec80842aea540083015910940872ec4426103482a50f26ffc32acefcec61b3c980b901c4d4dfd6bc[00^127]01[00^21]0
422175,391327,42,30848,[00^10]01[00^28]6522120
422218,421386,160,832,[00^63]05[00^62]0140[00^31]410
422380,422376,1,4,000
422442,391594,117,30848,1c[00^31]82e7088080[00^79]020
422560,404052,20,18508,45a318273749d6eb00f5f6ca3bc7cd3de26d642a0
422600,381340,40,41260,4ff7308017c6c7ccfce40c2e08efce91259d639fe93685f3bba03016f02bd1828badd6195988d9500
422640,412383,20,10257,0fe7561bc2a17115c5ad8284f29995c07c54e9730
422680,413593,8,9087,89a4bc58946383490
422688,413625,12,9063,219fac69d0c1df27204d68000
422700,415801,20,6899,182f8723b57ea3caf8b31c38bf5538987506e5ad0
422720,391792,20,30928,6232e78d54c4845c977fc9e11d7e61c5316d12d10
422760,417354,20,5406,78ff533a3a52c7154947b663ac943304640de1140
422820,417828,20,4992,783c0777591caf4191181ed09c7d1ea2de73843e0
422860,418278,20,4582,b5857d19298f419f371163a20d188a185f641e940
422920,381520,20,41400,d15b3ac5c7b448b371537ea8a8ac6e95f298774e0
423000,391051,21,31949,c764a565c1f8f0e27a499dced1c56548046c0b1b860
423021,404493,39,18528,bd5a2f0f0fd82bcaa58d4972f759c6f59eb41941ce91d0d223b281f43713139de7bddaff44525a0
423060,403531,20,19529,5e0ddd81557f909453e8da18086b320337d877f70
423080,403435,20,19645,e126a80baa3c0265c52a887bd95beeb88526097a0
423100,381940,20,41160,b268e06dd9826e7c47c4b6bbc9f16df2d3bdc9ae0
423120,381900,40,41220,161dbc3f770dc97288eed3c864daba618a209a2450ee2a1789f78174bf7fad3a2e9b21dec8ed0eb70
423160,403917,20,19243,46177ac663365b7c7bf0421c6aa321530a3d46d10
423180,368076,146,55104,[00^83]04[00^31]80[00^30]0
423328,423296,30,32,[00^30]0
423360,423328,30,32,[00^30]0
423391,412156,2,11235,000e0
423424,404704,31,18720,[00^28]64fa850
423456,418395,62,5061,[00^31]c0[00^30]0
423519,378144,32,45375,[00^31]310
423552,405376,31,18176,[00^30]330
423584,392512,95,31072,[00^31]1e[00^30]03c0[00^30]040
423680,406730,31,16950,[00^30]080
423711,395537,32,28174,[00^31]0a0
423744,392672,31,31072,[00^30]0c0
423776,406080,31,17696,[00^30]0e0
423808,410526,31,13282,[00^30]0f0
423840,404992,31,18848,[00^30]130
423872,405024,31,18848,[00^30]170
423904,392960,94,30944,[00^30]17c0[00^30]1860[00^30]0
423999,423711,31,288,[00^31]0
424030,393054,33,30976,1a60[00^30]1b0
424064,393120,63,30944,[00^30]1e60[00^30]1e0
424128,417179,31,6949,[00^30]200
424159,373042,32,51117,c0[00^30]210
424192,368481,61,55711,[00^30]22[00^30]0
424253,396407,2,27846,00230
424256,424224,31,32,[00^30]230
424287,382111,32,42176,c0[00^30]250
424319,393311,32,31008,[00^31]260
424352,418235,31,6117,[00^30]280
424383,393407,32,30976,60[00^30]2a0
424416,405152,31,19264,[00^30]2b0
424447,392415,32,32032,c0[00^30]2d0
424479,369439,32,55040,e0[00^30]2e0
424512,405216,31,19296,[00^30]2f0
424544,424512,31,32,[00^30]2f0
424576,424319,31,257,[00^31]0
424644,416951,26,7693,ffffffffffffffffffffffffffffffffffffffffffffffffffff0
424676,422474,58,2202,82e7088080[00^53]0
424734,409854,8,14880,0392f9038f8303050
424748,409868,129,14880,8313f7c094a658742d33ebd2ce2f0bdff73515aa797fd161d980b90364252f7b01[00^31]b8[00^12]45f1a95a4d3f3836523f5c83673c797f4d4d263b[00^29]0432380
424909,424877,32,32,fa6b94d13d796b9cc0277fafd7b4a9b5b7af6e93e3fe0261479d160811e0679d0
424941,410061,103,14880,[00^31]c0[00^30]0274[00^12]38de71124f7a447a01d67945a51edce9ff491251[00^6]a20
425045,410165,197,14880,00b8af54be5b6eec24d6bfacf1cce4eaf680a823939800b745f1a95a4d3f3836523f5c83673c797f4d4d263b[00^31]01[00^31]0d[00^31]0d[00^57]0
425249,370849,56,54400,[00^23]2822ebf0831ec2d106[00^24]0
425312,424035,28,1277,[00^27]1b0
425344,384607,91,40737,[00^90]020
425440,423781,26,1659,[00^25]0e0
425468,392077,3,33391,cc44fd0
425471,422312,33,3159,[00^32]010
425504,410624,65,14880,c0[00^30]02[00^32]140
425589,420496,105,5093,[00^56]82e7088080[00^44]0
425694,395262,8,30432,0232f9022f8303060
425703,424743,6,960,843aaa10e7830
425709,395277,127,30432,048d9c94cb566e3b6934fa77258d68ea18e931fa75e1aaaa80b902046c459a28[00^12]38de71124f7a447a01d67945a51edce9ff491251[00^31]80[00^28]64fad90
425837,383405,100,42432,[00^30]0140[00^31]84704316e5[00^31]6f0
425969,425537,32,432,[00^31]140
426001,425937,63,64,1dbda51b0449d5cda96c24837aab2d91a102c7563609a90d90f30538a2a5e7c4[00^31]0
426064,425617,29,447,[00^28]820
426168,426091,1,77,000
426222,383790,80,42432,1b[00^30]82e7088080[00^44]0
426302,425694,8,608,0232f9022f8303060
426311,425703,233,608,843aaa10e783048d9c94cb566e3b6934fa77258d68ea18e931fa75e1aaaa80b902046c459a28[00^12]38de71124f7a447a01d67945a51edce9ff491251[00^31]80[00^28]64fad975[00^30]0140[00^31]84704316e5[00^31]0
426577,423711,32,2866,[00^31]0a0
426609,426545,63,64,722d5e373a90a672edfaa51091ca7c88e3e99d2f16145d78a3e6286640be7b63[00^31]0
426672,426225,29,447,[00^28]820
426830,395790,80,31040,1c[00^30]82e7088080[00^44]0
426916,396835,6,30081,8435a4e900830
426946,419210,4,7736,80b901040
426954,422253,29,4701,[00^28]050
426985,426956,26,29,[00^26]0
427018,420456,44,6562,[00^31]a0[00^12]0
427082,418298,31,8784,[00^28]64fa890
427114,416307,44,10807,[00^31]02[00^12]0
427158,363413,20,63745,eb466342c4d449bc9f53a865d5cb90586f4052150
427178,418170,32,9008,[00^12]e5d7c2a44ffddf6b295a15c148167daaaf5cf34f0
427210,421098,53,6112,82e7088080[00^47]010
427263,383871,4,43392,15f901120
427277,383885,22,43392,948731d54e9d02c286767d56ac03e8037c07e01e98870
427305,377554,51,49751,1eb8e41114cd2a[00^31]b8[00^12]0
427376,420456,57,6920,[00^31]a0[00^25]0
427433,399863,30,27570,6a94d74f43[00^25]0
427463,427431,3,32,00006a0
427471,425536,33,1935,[00^32]140
427504,427356,32,148,45ddf217e45b6098c7f82e0de475ac4c737a20d8[00^12]0
427536,384144,58,43392,82e7088080[00^41]041b02f9041782e7080984300
427597,427592,5,5,8430fb4b0b0
427606,384214,22,43392,941d0188c4b276a09366d05d6be06af61a73bc7535870
427635,384243,256,43392,b903e4d3115a8a[00^31]60[00^30]01[00^31]01a0[00^31]04[00^12]176211869ca2b568f2a7d4ee941e073a821ee1ff[00^12]cc22f6aa610d1b2a0e89ef228079cb3e1831b1d1[00^12]e2c67a9b15e9e7ff8a9cb0dfb8fee5609923e5dbeeeeeeeeeeeeeeeeeeeeeeeeeeeeeeeeeeeeeeeeeeeeeeeeee0
427891,384499,256,43392,eeeeeeeeeeeeee[00^31]04[00^159]02[00^31]40[00^25]0
428147,384755,164,43392,[00^5]0140[00^12]e2c67a9b15e9e7ff8a9cb0dfb8fee5609923e5db[00^31]60[00^31]e0[00^31]03[00^29]0
428314,384922,27,43392,0201[00^14]ffffffffffffffffffffff0
428347,425160,25,3187,[00^24]0d0
428372,427629,6,743,644d8d92df230
428378,384986,256,43392,[00^32]01[00^11]e2c67a9b15e9e7ff8a9cb0dfb8fee5609923e5db[00^31]60[00^31]c0[00^31]020101[00^30]0202[00^14]7fffffffffffffffffffffffffffffff[00^32]0
428634,385242,36,43392,c0[00^35]0
428670,415966,9,12704,035402f9035082e7080
428680,427592,11,1088,8430fb4b0b8430fb4b0b830
428694,415990,256,12704,941d0188c4b276a09366d05d6be06af61a73bc753580b90324d3115a8a[00^31]60[00^31]c0[00^30]0120[00^31]02[00^12]176211869ca2b568f2a7d4ee941e073a821ee1ffeeeeeeeeeeeeeeeeeeeeeeeeeeeeeeeeeeeeeeeeeeeeeeeeeeeeeeeeeeeeeeee[00^31]020000000
428950,416246,25,12704,[00^25]0
428979,416275,256,12704,[00^63]02[00^31]40[00^30]0120[00^12]e2c67a9b15e9e7ff8a9cb0dfb8fee5609923e5db[00^31]60[00^31]c0[00^31]020
429235,416531,249,12704,0002[00^14]7fffffffffffffffffffffffffffffff0101[00^14]7fffffffffffffffffffffffffffffff[00^32]05[00^62]60[00^31]a0[00^31]010101[00^14]ffffffffffffffffff0
429491,416787,83,12704,[00^32]c0[00^43]7202f86f82e7080
429579,397226,3,32353,be842f0
429587,418213,2,11374,007d0
429589,386869,24,42720,94009a0b7c38b542208936f1179151cd08e294383380b8440
429617,419688,13,9929,[00^12]c70
429649,413477,26,16172,[00^25]070
429682,388242,52,41440,[00^45]7202f86f82e7080
429734,429574,103,160,02842f8e89be842f8e89c88305007d94009a0b7c38b542208936f1179151cd08e294383380b844830cbbbd[00^12]c7d8489dae3d2ebef075b1db2257e2c231c9d231[00^25]0712ef0
429841,387601,53,42240,c0[00^45]7102f86e82e7080
429894,398565,3,31329,0b842f0
429897,429737,8,160,8e89be842f8e89c80
429905,388145,43,41760,82eb9294176211869ca2b568f2a7d4ee941e073a821ee1ff80b844095ea7b3[00^12]0
429948,410839,20,19109,6131b5fae19ea4f9d964eac0408e4408b66337b50
429968,429206,29,762,[00^28]020
430000,386448,55,43552,c0[00^45]013c02f9013882e7080
430055,429734,3,321,02842f0
430060,387654,3,42406,66842f0
430070,386518,196,43552,94272e156df8da513c69cb41cc7a99185d53f926bb8801fc09be0ae18000b90104a8c9ed67[00^12]e5d7c2a44ffddf6b295a15c148167daaaf5cf34f[00^12]176211869ca2b568f2a7d4ee941e073a821ee1ff[00^31]28[00^12]596758cbbf0b118da13bcf95a69eed050ab97a0d[00^28]64fa890
430267,386715,61,43552,[00^24]01fc09be0ae180[00^29]0d0
430331,429491,67,840,[00^32]c0[00^34]0
430398,399998,12,30400,013302f9012f82e70807842f0
430410,430058,8,352,8de966842f8de96f0
430418,375762,129,54656,827e5494d1a3abf42f9e66be86cfdea8c5c2c74f041c5e1480b901045b7d7482[00^31]40[00^31]a0[00^31]40630
430550,419008,3,11542,6232340
430556,419374,3,11182,3763610
430560,412993,3,17567,3466310
430571,387164,3,43407,6266350
430575,370030,3,60545,6432380
430583,400153,3,30430,6132610
430591,375989,3,54602,3064310
430594,375994,3,54600,3232320
430598,400752,3,29846,6365610
430610,400594,33,30016,[00^31]40650
430647,430546,3,101,6361650
430652,387293,3,43359,3530630
430656,419319,4,11337,643865630
430667,375048,3,55619,6534630
430671,419362,3,11309,6661630
430674,430671,3,3,6661630
430678,387282,3,43396,3866650
430681,370078,3,60603,3261360
430685,375942,3,54743,6237330
430691,418979,3,11712,3166310
430694,400195,3,30499,3330380
430699,419318,3,11381,3764380
430706,376050,45,54656,c0[00^43]020
430752,376096,3,54656,02f9020
430755,397058,4,33697,7082e7080
430759,417958,3,12801,05842f0
430762,430058,10,704,8de966842f8de96f83030
430774,398838,23,31936,94678aa4bf4e210cf2166753e054d5b7c31cc7fa8680b90
430797,385476,37,45321,02445ae401dc[00^28]64fa860
430835,385514,256,45321,[00^31]40[00^31]02[00^31]40[00^30]0160[00^31]e404e45aaf[00^12]176211869ca2b568f2a7d4ee941e073a821ee1ff[00^12]e5d7c2a44ffddf6b295a15c148167daaaf5cf34f[00^28]0
431091,385770,2,45321,00000
431093,417340,14,13753,0064[00^12]0
431107,430879,49,228,[00^19]02[00^29]0
431159,431101,26,58,[00^25]020
431191,385870,121,45321,[00^91]4449404b7c[00^25]0
431312,431184,19,128,021eebfe3ae442[00^12]0
431331,422680,20,8651,89a4bc5894638349219fac69d0c1df27204d68000
431351,429495,72,1856,[00^28]c0[00^43]0
431423,377311,9,54112,3002ee82e70827842f0
431432,430762,9,670,8de966842f8de96f830
431441,397233,78,34208,010b3694cce9d3f392c135dc038b147ca73ec496f7f89d938084183ff085c0[00^46]010
431519,417023,8,14496,db02f901d782e7080
431528,430760,12,768,842f8de966842f8de96f83030
431542,417046,67,14496,94678aa4bf4e210cf2166753e054d5b7c31cc7fa868718de76816d8000b901a45ae401dc[00^28]64fa860
431609,387217,33,44392,35[00^31]400
431642,417146,194,14496,[00^31]01[00^31]20[00^31]e404e45aaf[00^12]e5d7c2a44ffddf6b295a15c148167daaaf5cf34f[00^12]176211869ca2b568f2a7d4ee941e073a821ee1ff[00^30]0
431838,417342,94,14496,[00^12]78ff533a3a52c7154947b663ac943304640de114[00^25]18de76816d80[00^30]ae0
431934,417438,97,14496,[00^60]c0[00^36]0
432031,429727,7,2304,7202f86f82e7080
432038,430407,11,1631,07842f8de966842f8de96f0
432061,432030,1,31,000
432074,413386,19,18688,80b844a22cb465[00^12]0
432093,387831,20,44262,1841752a0bcbde29ec3820fca5b0ec4ff4b3b4430
432113,400400,78,31713,[00^31]01c0[00^45]0
432191,429727,10,2464,7202f86f82e70802842f0
432201,432041,9,160,8de966842f8de96f830
432210,429746,140,2464,05007d94009a0b7c38b542208936f1179151cd08e294383380b844830cbbbd[00^12]c7d8489dae3d2ebef075b1db2257e2c231c9d231[00^25]0712efb9d63753c0[00^44]0
432350,430398,9,1952,013302f9012f82e7080
432365,432360,4,5,842e16010
432370,418834,129,13536,827e5494d1a3abf42f9e66be86cfdea8c5c2c74f041c5e1480b901045b7d7482[00^31]40[00^31]a0[00^31]40640
432501,419331,3,13170,6233330
432509,400246,4,32263,386261340
432513,419317,3,13196,6337640
432518,419430,3,13088,3136630
432523,419111,3,13412,3932650
432535,419067,3,13468,3162610
432545,419088,3,13457,3966610
432549,375162,3,57387,6535330
432552,419107,3,13445,3864300
432556,419061,3,13495,3766350
432561,430609,33,1952,38[00^31]400
432599,430690,3,1909,3831660
432606,430579,3,2027,3639340
432609,419435,3,13174,3637300
432624,400732,3,31892,3732320
432633,375131,3,57502,6239640
432636,432518,3,118,3136630
432639,430560,4,2079,346631340
432649,419078,3,13571,6233370
432654,432619,3,35,6238390
432659,378227,52,54432,[00^44]3202f082e70880840
432715,432710,4,5,842e15660
432720,421895,4,10825,825208940
432753,432305,46,448,c0[00^44]010
432799,420287,53,12512,0df9010a01842aea5400829d78940872ec4426103482a50f26ffc32acefcec61b3c980b8e4f242432a[00^12]0
432872,420040,256,12832,[00^12]aec3cacef9457ff2821d9f85429ce3d90b001459[00^31]05[00^31]01[00^31]a0[00^64]82e7088080[00^49]010df9010a01842aea540
433128,420296,44,12832,00829d78940872ec4426103482a50f26ffc32acefcec61b3c980b8e4f242432a[00^12]0
433192,401544,256,31648,[00^12]aec3cacef9457ff2821d9f85429ce3d90b001459[00^31]05[00^31]01[00^31]a0[00^64]82e7088080[00^49]01eff901ec80842aea540
433448,401800,225,31648,0083015f90940872ec4426103482a50f26ffc32acefcec61b3c980b901c4d4dfd6bc[00^127]01[00^31]01[00^28]6514140
433674,422218,160,11456,[00^63]05[00^62]0140[00^31]410
433849,433832,1,17,000
433898,389354,256,44544,1c[00^31]82e7088080[00^47]01eff901ec80842aea540083015f90940872ec4426103482a50f26ffc32acefcec61b3c980b901c4d4dfd6bc[00^127]010
434154,389610,63,44544,[00^31]01[00^28]6514160
434218,433674,160,544,[00^63]05[00^62]0140[00^31]410
434442,390442,138,44000,1c[00^31]82e7088080[00^47]010df9010a01842aea5400829d78940872ec4426103482a50f26ffc32acefcec61b3c980b8e4f242432a[00^12]0
434600,433192,256,1408,[00^12]aec3cacef9457ff2821d9f85429ce3d90b001459[00^31]05[00^31]01[00^31]a0[00^64]82e7088080[00^49]01eff901ec80842aea540
434856,433448,224,1408,0083015f90940872ec4426103482a50f26ffc32acefcec61b3c980b901c4d4dfd6bc[00^127]01[00^31]01[00^28]65140
435082,434218,160,864,[00^63]05[00^62]0140[00^31]410
435306,421610,87,13696,1c[00^31]82e7088080[00^48]2ceb0
435393,381153,10,54240,51842aea5400825208940
435406,429886,2,5520,00710
435423,403551,75,31872,865af3107a40008082e7088080[00^51]ecf8ea01842aea5400829b0
435498,380042,41,55456,28940872ec4426103482a50f26ffc32acefcec61b3c980b8c4f242432a[00^12]0
435559,403687,216,31872,[00^12]01e4a663fffaf1430d3a36588b2c14b72231d8b4[00^31]05[00^31]01[00^31]a0[00^32]82e7088080[00^51]0
435775,421887,12,13888,2ceb50842aea5400825208940
435807,435423,64,384,865af3107a40008082e7088080[00^51]0
435871,403903,4,31968,2eed82020
435876,435778,9,98,842aea5400825208940
435905,403937,95,31968,8654953ff6d0008082e7088080[00^80]02580
436020,422620,20,13400,e93685f3bba03016f02bd1828badd6195988d9500
436040,404092,20,31948,b8ff877ed78ba520ece21b1de7843a8a57ca47cb0
436060,436040,20,20,b8ff877ed78ba520ece21b1de7843a8a57ca47cb0
436080,427062,20,9018,fb52e6f695e64088939c0665fd711c929bedc5790
436100,427504,20,8596,45ddf217e45b6098c7f82e0de475ac4c737a20d80
436200,422880,20,13320,8e07475701065b2a7dfdd8ffa03823d83bfbb3610
436220,430215,20,6005,596758cbbf0b118da13bcf95a69eed050ab97a0d0
436260,431331,20,4929,89a4bc5894638349219fac69d0c1df27204d68000
436300,431850,20,4450,78ff533a3a52c7154947b663ac943304640de1140
436320,392012,20,44308,d42aa370fcd06c683b7154ffa799a8e00ac0121e0
436382,429947,2,6435,00610
436400,432852,20,3548,ccce7918b489b838b820713305ad05aafd3c04200
436420,433172,20,3248,ac4cf2a362e636080733e9b65d3989c42daf97e40
436451,432297,2,4154,00070
436480,434580,20,1900,6a97863f0ae8314798c87b7f21126ac79487082c0
436507,388627,2,47880,00d00
436520,404552,20,31968,9dbad420963e53775a51ea9aad4afa3af6e5d7530
436540,435539,20,1001,878a7994197676f430b684c9bc27942a430cb2010
436560,404572,20,31988,f6f8b5bc021ff67a9932346447dd7e78aa6742240
436580,404612,60,31968,01e4a663fffaf1430d3a36588b2c14b72231d8b4[00^40]0
436672,423424,31,13248,[00^28]64fa850
436704,431963,62,4741,[00^31]c0[00^30]0
436768,405632,31,31136,[00^30]3a0
436799,436704,31,95,[00^31]0
436832,382208,94,54624,[00^31]1c[00^30]0380[00^30]0
436928,425154,31,11774,[00^30]0d0
436959,423871,32,13088,a0[00^30]170
436992,393056,62,43936,[00^30]1b[00^31]0
437056,424192,31,12864,[00^30]220
437088,424256,31,12832,[00^30]230
437120,424288,31,12832,[00^30]250
437152,437120,31,32,[00^30]250
437184,371760,31,65424,[00^30]270
437216,437184,31,32,[00^30]270
437248,393344,62,43904,[00^30]2840[00^30]0
437311,437023,31,288,[00^31]0
437344,424416,31,12928,[00^30]2b0
437375,437311,31,64,[00^31]0
437408,435745,31,1663,[00^30]2c0
437439,437375,31,64,[00^31]0
437472,437440,31,32,[00^30]2d0
437504,424544,31,12960,[00^30]2f0
437535,431392,32,6143,[00^31]300
437568,432673,31,4895,[00^30]320
437600,423296,31,14304,[00^30]340
437632,405472,62,32160,[00^30]35c0[00^30]0
437696,437664,30,32,[00^30]0
437728,437696,31,32,[00^30]380
437760,437535,31,225,[00^31]0
437840,437787,4,53,[00^4]0
437846,431849,2,5997,00780
437864,398445,2,39419,007c0
437888,426407,6,11481,[00^5]800
437895,435869,3,2026,00002e0
437900,407482,20,30418,7160570bb153edd0ea1775ec2b2ac9b65f1ab61b0
437923,437889,4,34,[00^4]0
437949,437900,22,49,7160570bb153edd0ea1775ec2b2ac9b65f1ab61b07300
437972,399814,5,38158,[00^4]930
437998,427158,20,10840,eb466342c4d449bc9f53a865d5cb90586f4052150
438018,435913,60,2105,82e7088080[00^55]0
438079,393727,3,44352,d602f90
438083,393731,6,44352,d282e70882040
438090,393738,11,44352,8459682f008459682f0e830
438104,393752,23,44352,94139abb67a33f6ddcf00fbab5e321184f4e5c22e180b90
438128,393776,67,44352,a4b5ed6a06[00^31]60[00^30]0
438197,438048,31,149,[00^30]080
438229,406602,94,31627,[00^31]05[00^31]a0[00^30]0
438325,407054,62,31271,[00^30]0320[00^30]0
438389,438230,31,159,[00^30]050
438420,438292,32,128,a0[00^30]010
438452,394676,68,43776,046012ed2d[00^12]139abb67a33f6ddcf00fbab5e321184f4e5c22e1[00^30]3f0
438521,436723,13,1798,[00^12]c00
438553,394137,27,44416,[00^25]2eea0
438584,432671,33,5913,[00^32]320
438617,438489,44,128,[00^30]3fbe[00^12]0
438661,394565,179,44096,[00^19]01[00^90]01046012ed2d[00^12]139abb67a33f6ddcf00fbab5e321184f4e5c22e1[00^30]3f0
438841,438827,12,14,[00^12]0
438873,438553,27,320,[00^25]2eea0
438904,394808,64,44096,40[00^31]32[00^30]3f0
438969,438649,191,320,[00^31]01[00^90]01046012ed2d[00^12]139abb67a33f6ddcf00fbab5e321184f4e5c22e1[00^30]3f0
439161,400872,13,38289,[00^12]e10
439193,439134,25,59,[00^25]0
439224,378143,33,61081,[00^32]310
439257,439129,44,128,[00^30]3f84[00^12]0
439301,438981,178,320,[00^19]01[00^90]01046012ed2d[00^12]139abb67a33f6ddcf00fbab5e321184f4e5c22e1[00^30]0
439481,439467,12,14,[00^12]0
439507,439492,1,15,000
439513,438202,26,1311,[00^25]080
439544,438584,63,960,[00^32]32[00^30]0
439608,386415,33,53193,d1[00^31]010
439641,439001,159,640,[00^90]01046012ed2d[00^12]139abb67a33f6ddcf00fbab5e321184f4e5c22e1[00^30]3f0
439801,435986,13,3815,[00^12]020
439833,439774,25,59,[00^25]0
439864,431391,33,8473,[00^32]300
439897,439769,44,128,[00^30]3f6f[00^12]0
439941,408830,111,31111,[00^19]01[00^91]0
440053,394997,27,45056,[00^25]2eae0
440085,440053,27,32,[00^25]2eae0
440117,439193,26,924,[00^25]740
440149,438053,27,2096,[00^25]08d60
440180,440026,26,154,[00^26]0
440212,440020,32,192,[00^32]0
440309,395189,73,45120,1c[00^31]c0[00^40]0
440397,406125,21,34272,946352a56caadc4f1e25cd6c75970fa768a3304e640
440425,431569,3,8856,8000b90
440430,406150,112,34280,90411a32[00^12]2b5f704ab7061fb4dbfc5876b024f4bdb2f5e8b6[00^31]60[00^30]01c0[00^12]0
440542,428895,32,11647,eeeeeeeeeeeeeeeeeeeeeeeeeeeeeeeeeeeeeeee[00^12]0
440574,408218,64,32356,7d43aabc515c356145049227cee54b608342c0ad[00^12]2b5f704ab7061fb4dbfc5876b024f4bdb2f5e8b6[00^12]0
440638,409694,44,30944,4ff7308017c6c7ccfce40c2e08efce91259d639f[00^24]0
440682,440419,8,263,015fb7f9b8c380000
440690,440151,24,539,[00^23]080
440722,407698,76,33024,[00^23]08d95803f08658e05e[00^44]0
440798,406518,115,34280,3487ef9f9b36547e43268b8f0e2349a226c70b53[00^30]0140[00^63]0
440913,423263,63,17650,04[00^31]80[00^30]0
440977,411058,63,29919,40[00^30]0440[00^30]0
441042,408654,88,32388,[00^12]e5d7c2a44ffddf6b295a15c148167daaaf5cf34f[00^56]0
441130,440682,31,448,015fb7f9b8c380[00^24]0
441161,408613,41,32548,[00^8]80[00^31]040
441206,409166,186,32040,[00^155]80[00^30]0
441394,408522,131,32872,9f865422[00^12]e5d7c2a44ffddf6b295a15c148167daaaf5cf34f[00^15]01[00^15]01[00^31]80[00^31]0
441525,409485,159,32040,44[00^127]80[00^30]0
441690,387569,13,54121,[00^12]760
441722,434954,76,6768,[00^63]01[00^12]0
441798,440446,51,1352,2b5f704ab7061fb4dbfc5876b024f4bdb2f5e8b6[00^31]0
441850,441818,31,32,[00^31]0
441902,441410,21,492,e5d7c2a44ffddf6b295a15c148167daaaf5cf34f000
441925,418214,51,23711,7d43aabc515c356145049227cee54b608342c0ad[00^31]0
441976,408880,202,33096,[00^153]80[00^31]648a6a1e85[00^12]0
442178,441925,32,253,7d43aabc515c356145049227cee54b608342c0ad[00^12]0
442210,409114,43,33096,353c1f0bc78fbbc245b3c93ef77b1dcc5b77d2a02710[00^21]0
442253,407721,68,34532,08d95803f08658e05e[00^59]0
442321,409225,145,33096,[00^96]80[00^30]01a49f865422[00^12]0
442466,406970,114,35496,7d43aabc515c356145049227cee54b608342c0ad[00^15]01[00^15]01[00^31]80[00^30]0
442580,409484,178,33096,0044[00^127]80[00^31]64d1660f99[00^12]0
442758,442466,32,292,7d43aabc515c356145049227cee54b608342c0ad[00^12]0
442790,409694,152,33096,4ff7308017c6c7ccfce40c2e08efce91259d639f[00^31]01[00^56]82e7088080[00^39]0
442954,434856,2,8098,00830
442980,428715,3,14265,80b9030
442988,442917,25,71,[00^25]0
443020,442810,63,210,[00^31]01[00^31]0
443084,441362,31,1722,[00^30]020
443116,431838,13,11278,[00^12]780
443129,437848,19,5281,9836543fac61864bbbe61f88a4e48ede007cdf0
443148,443020,44,128,[00^31]01[00^12]0
443192,441054,51,2138,e5d7c2a44ffddf6b295a15c148167daaaf5cf34f[00^31]0
443244,430867,95,12377,[00^31]02[00^31]40[00^30]010
443339,410962,63,32377,[00^32]a0[00^30]0
443402,382461,33,60941,000f[00^31]0
443436,443404,44,32,[00^31]40[00^12]0
443480,437929,20,5551,3cd14d1efe5fc8323a9cab33f8e6b1b4306f24250
443500,427146,44,16354,[00^12]eb466342c4d449bc9f53a865d5cb90586f405215[00^12]0
443544,440322,51,3222,[00^19]c0[00^31]0
443596,443404,63,192,[00^31]40[00^31]0
443660,443647,12,13,[00^12]0
443692,443148,44,544,[00^31]01[00^12]0
443736,431786,20,11950,176211869ca2b568f2a7d4ee941e073a821ee1ff0
443756,438018,50,5738,82e7088080[00^45]0
443806,424734,8,19072,0392f9038f8303050
443820,395884,129,47936,8313f7c094a658742d33ebd2ce2f0bdff73515aa797fd161d980b90364252f7b01[00^31]6f[00^12]45f1a95a4d3f3836523f5c83673c797f4d4d263b[00^29]0432380
443949,426001,32,17948,1dbda51b0449d5cda96c24837aab2d91a102c7563609a90d90f30538a2a5e7c40
443981,426001,63,17980,1dbda51b0449d5cda96c24837aab2d91a102c7563609a90d90f30538a2a5e7c4[00^31]0
444044,396108,72,47936,c0[00^30]0274[00^12]4d73adb72bc3dd368966edd0f0b2148401a178e2[00^6]8a0
444117,396181,231,47936,006f701a95707a0290ac8b90b3719e8ee5b21036088300b745f1a95a4d3f3836523f5c83673c797f4d4d263b[00^31]01[00^31]0d[00^31]0d[00^87]23dc4efe0
444353,392710,25,51643,[00^24]100
444385,424164,27,20221,[00^26]210
444416,441014,27,3402,[00^26]050
444449,439995,58,4454,[00^57]050
444507,444443,30,64,e009d2cb9028[00^24]0
444545,425473,96,19072,[00^30]01c0[00^30]02[00^32]140
444661,434736,105,9925,[00^56]82e7088080[00^44]0
444766,443806,8,960,0392f9038f8303050
444775,443815,69,960,843a9a553d8313f7c094a658742d33ebd2ce2f0bdff73515aa797fd161d980b90364252f7b01[00^31]0
444844,424812,65,20032,b8[00^12]45f1a95a4d3f3836523f5c83673c797f4d4d263b[00^29]0432380
444909,426609,32,18300,722d5e373a90a672edfaa51091ca7c88e3e99d2f16145d78a3e6286640be7b630
444941,426609,63,18332,722d5e373a90a672edfaa51091ca7c88e3e99d2f16145d78a3e6286640be7b63[00^31]0
445004,424972,72,20032,c0[00^30]0274[00^12]38de71124f7a447a01d67945a51edce9ff491251[00^6]a20
445077,425045,197,20032,00b8af54be5b6eec24d6bfacf1cce4eaf680a823939800b745f1a95a4d3f3836523f5c83673c797f4d4d263b[00^31]01[00^31]0d[00^31]0d[00^57]0
445274,437248,31,8026,[00^30]280
445305,425273,32,20032,22ebf0831ec2d106[00^24]0
445344,443376,28,1968,[00^27]0f0
445376,439641,91,5735,[00^90]010
445472,438170,26,7302,[00^25]070
445503,425471,98,20032,[00^32]01c0[00^30]02[00^32]140
445621,434736,106,10885,[00^56]82e7088080[00^45]0
445731,426916,6,18815,8435a4e900830
445737,397075,43,48662,01635394176211869ca2b568f2a7d4ee941e073a821ee1ff80b844095ea7b3[00^12]0
445800,416945,32,28855,ffffffffffffffffffffffffffffffffffffffffffffffffffffffffffffffff0
445832,434792,55,11040,82e7088080[00^49]010
445888,432352,3,13536,02f9010
445891,432705,6,13186,f082e70880840
445901,445896,4,5,8430e30e0
445906,421993,3,23913,8301590
445909,403626,23,42283,1c940872ec4426103482a50f26ffc32acefcec61b3c9800
445932,434883,196,11049,b901c4d4dfd6bc[00^127]01[00^31]01[00^28]650
446131,435082,160,11049,[00^63]05[00^62]0140[00^31]410
446355,410060,63,36295,1b[00^31]c0[00^30]0
446418,416850,23,29568,[00^13]7202f86f82e7080884300
446444,446439,5,5,8430e30e160
446449,416881,142,29568,83011c4294176211869ca2b568f2a7d4ee941e073a821ee1ff80b844095ea7b3[00^12]1d0188c4b276a09366d05d6be06af61a73bc7535ffffffffffffffffffffffffffffffffffffffffffffffffffffffffffffffffc0[00^44]010
446591,419167,10,27424,3302f9012f82e70809840
446601,430409,137,16192,2f8de966842f8de96f827e5494d1a3abf42f9e66be86cfdea8c5c2c74f041c5e1480b901045b7d7482[00^31]40[00^31]a0[00^31]400
446741,412863,3,33878,3733380
446749,419460,3,27289,3933320
446755,430651,3,16104,3835300
446759,400161,4,46598,633164660
446763,430586,3,16177,3464320
446766,412831,3,33935,3236320
446769,400270,3,46499,3665300
446772,419351,3,27421,3836360
446776,387264,3,59512,3838340
446797,432643,4,14154,326162370
446802,430610,33,16192,[00^31]40650
446841,400641,3,46200,3637610
446844,412832,3,34012,3632370
446856,430601,3,16255,3830390
446865,419335,3,27530,6437340
446882,446763,3,119,3464320
446886,412830,4,34056,303236320
446898,432658,51,14240,c0[00^44]3202f082e7080
446949,418119,3,28830,01842f0
446952,446602,9,350,8de966842f8de96f820
446961,435882,3,11079,5208940
446984,418155,8,28829,87038d7ea4c680000
446993,429841,53,17152,c0[00^45]7102f86e82e7080
447047,446950,11,97,842f8de966842f8de96f820
447060,446453,40,607,94176211869ca2b568f2a7d4ee941e073a821ee1ff80b844095ea7b3[00^12]0
447120,431708,30,15412,[00^29]e40
447152,417712,54,29440,c0[00^46]9902f89682e7080
447207,431528,12,15679,842f8de966842f8de96f83030
447242,417802,148,29440,8702738d24e52000b8643a1b1d57[00^12]783c0777591caf4191181ed09c7d1ea2de73843e[00^31]40[00^32]c0[00^37]0
447390,387006,12,60384,013302f9012f82e70808842f0
447405,447400,4,5,842f6b9a0
447410,400498,129,46912,827e5494d1a3abf42f9e66be86cfdea8c5c2c74f041c5e1480b901045b7d7482[00^31]40[00^31]a0[00^31]40650
447539,446835,63,704,6262656433373637613632376234633537343531363830396636333833666437343033326433653734366463326634346432393032363231366239393361630
447602,446706,96,896,[00^31]40613136373338633332326239333262333538353034633164663464323236323665303836366538383430313636643862363331633238656463623732616237300
447699,447155,44,544,[00^44]0
447747,432195,6,15552,82e70802842f0
447753,447402,8,351,6b9a70842f6b9a7a0
447765,432213,21,15552,94009a0b7c38b542208936f1179151cd08e29438330
447793,444842,3,2951,0000b80
447801,432241,56,15560,[00^12]c7d8489dae3d2ebef075b1db2257e2c231c9d231[00^24]0
447857,447787,8,70,141f6f514c5100000
447865,397785,45,50080,c0[00^37]5102f84e82e7080
447910,447750,12,160,02842f6b9a70842f6b9a7a830
447922,417650,109,30272,010a3b949dba31e492b7e98b8195e254ee13b6b027e4a59d80a4a7f68792766f7465[00^28]c0[00^46]0
448031,419519,9,28512,5102f84e82e70880840
448040,447912,118,128,2f6b9a70842f6b9a7a83010a3b949dba31e492b7e98b8195e254ee13b6b027e4a59d80a4a7f68792766f7465[00^28]c0[00^45]0
448160,447392,3,768,02f9010
448164,397059,4,51105,82e708810
448169,447400,139,769,842f6b9a70842f6b9a7a827e5494d1a3abf42f9e66be86cfdea8c5c2c74f041c5e1480b901045b7d7482[00^31]40[00^31]a0[00^31]40650
448310,400686,3,47624,6133640
448317,400186,3,48131,6435320
448324,387162,3,61162,6166620
448327,419005,3,29322,3533350
448332,447668,3,664,3836360
448335,400687,3,47648,3364630
448339,430594,3,17745,3232320
448345,387178,3,61167,6533310
448348,400635,3,47713,3763380
448352,419089,3,29263,6661340
448357,400189,3,48168,3863650
448371,448275,32,96,[00^31]400
448406,387177,3,61229,6565330
448417,430689,3,17728,3838310
448421,430596,3,17825,3263630
448427,400146,3,48281,6438610
448430,387287,3,61143,3766330
448436,448361,3,75,3130620
448441,400296,3,48145,3531370
448444,448441,3,3,3531370
448457,448308,3,149,6534610
448463,419316,3,29147,3063370
448468,448115,43,353,[00^43]0
448513,398274,4,50239,ef82e7080
448523,448518,4,5,842df4260
448528,446960,4,1568,825208940
448532,422980,20,25552,7d832a5c829ab7c90c2adcc1a03b8f5da6fd21ce0
448558,446991,48,1567,0080c0[00^45]0
448606,434526,54,14080,010df9010a01842aea5400829d78940872ec4426103482a50f26ffc32acefcec61b3c980b8e4f242432a[00^12]0
448660,436460,20,12200,9811f46913fa9c7cc7fa4a715fab6391604cdf6d0
448680,432872,256,15808,[00^12]aec3cacef9457ff2821d9f85429ce3d90b001459[00^31]05[00^31]01[00^31]a0[00^64]82e7088080[00^49]010df9010a01842aea540
448936,433128,44,15808,00829d78940872ec4426103482a50f26ffc32acefcec61b3c980b8e4f242432a[00^12]0
448980,436440,20,12540,be80dc299453ee338d31700007f2c3a5575294af0
449000,420360,256,28640,[00^12]aec3cacef9457ff2821d9f85429ce3d90b001459[00^31]05[00^31]01[00^31]a0[00^64]82e7088080[00^49]01eff901ec80842aea540
449256,420616,225,28640,0083015f90940872ec4426103482a50f26ffc32acefcec61b3c980b901c4d4dfd6bc[00^127]01[00^31]01[00^28]6514180
449482,446131,160,3351,[00^63]05[00^62]0140[00^31]410
449661,449640,1,21,000
449706,421066,256,28640,1b[00^31]82e7088080[00^47]01eff901ec80842aea540083015f90940872ec4426103482a50f26ffc32acefcec61b3c980b901c4d4dfd6bc[00^127]010
449962,421322,63,28640,[00^31]01[00^28]6514140
450026,449482,160,544,[00^63]05[00^62]0140[00^31]410
450250,434442,138,15808,1c[00^31]82e7088080[00^47]010df9010a01842aea5400829d78940872ec4426103482a50f26ffc32acefcec61b3c980b8e4f242432a[00^12]0
450388,436500,20,13888,d78aaa02e1032c00d0ff0ca05d3c595bbb9683f10
450408,449000,256,1408,[00^12]aec3cacef9457ff2821d9f85429ce3d90b001459[00^31]05[00^31]01[00^31]a0[00^64]82e7088080[00^49]01eff901ec80842aea540
450664,449256,3,1408,0083010
450667,445908,220,4759,591c940872ec4426103482a50f26ffc32acefcec61b3c980b901c4d4dfd6bc[00^127]01[00^31]01[00^28]650
450890,450026,160,864,[00^63]05[00^62]0140[00^31]410
451114,435306,87,15808,1c[00^31]82e7088080[00^48]2ceb0
451202,435876,9,15326,842aea5400825208940
451231,421823,76,29408,865af3107a40008082e7088080[00^51]2ceb50842aea5400825208940
451327,421727,76,29600,865af3107a40008082e7088080[00^51]2ceb4e842aea5400825208940
451422,451230,65,192,7c865af3107a40008082e7088080[00^51]0
451487,391679,33,59808,[00^31]02300
451540,404072,20,47468,5343d6e6fbdaeb372879e73a80d8e99ccd5f40580
451560,442790,20,8770,4ff7308017c6c7ccfce40c2e08efce91259d639f0
451600,436020,20,15580,e93685f3bba03016f02bd1828badd6195988d9500
451620,404112,40,47508,e93685f3bba03016f02bd1828badd6195988d9503d391afffed2255a2dd00325c3a96a5a8e023ff80
451733,400747,3,50986,6331300
451740,422840,20,28900,b03d651170ceee35729aff792d522fd952cf94c00
451760,447268,20,4492,783c0777591caf4191181ed09c7d1ea2de73843e0
451800,392032,20,59768,42601170d8cb28522671979bd89a708b93ac11b10
451900,448660,20,3240,9811f46913fa9c7cc7fa4a715fab6391604cdf6d0
451920,448980,20,2940,be80dc299453ee338d31700007f2c3a5575294af0
451940,435787,20,16153,bbad135fe6a6e1861c021e7ec049f4cc29f42ef30
451960,435403,20,16557,ea940f0071a4f68cce1123016e9b300fc507ab640
451980,450388,20,1592,d78aaa02e1032c00d0ff0ca05d3c595bbb9683f10
452000,435885,20,16115,508bc166cf62497e1bb0a79fc4ad27704a854d080
452020,423120,20,28900,161dbc3f770dc97288eed3c864daba618a209a240
452040,423100,20,28940,b268e06dd9826e7c47c4b6bbc9f16df2d3bdc9ae0
452060,423140,20,28920,50ee2a1789f78174bf7fad3a2e9b21dec8ed0eb70
452080,451470,49,610,[00^48]020
452160,436672,31,15488,[00^28]64fa850
452192,447321,62,4871,[00^31]c0[00^30]0
452256,452224,31,32,[00^30]400
452288,452256,30,32,[00^30]0
452320,415833,33,36487,[00^31]22000
452353,440979,61,11374,[00^29]0440[00^30]0
452416,440352,31,12064,[00^30]090
452447,452320,31,127,[00^31]0
452479,423743,32,28736,60[00^30]0c0
452511,443372,63,9139,[00^31]0f[00^31]0
452576,392736,31,59840,[00^30]110
452608,423840,31,28768,[00^30]130
452639,392831,32,59808,80[00^30]140
452671,423903,32,28768,20[00^30]170
452704,423936,31,28768,[00^30]180
452736,423968,31,28768,[00^30]190
452768,393088,31,59680,[00^30]1d0
452800,404865,61,47935,[00^30]1f[00^30]0
452861,393213,33,59648,002040[00^30]0
452895,444313,32,8582,[00^31]230
452928,408783,31,44145,[00^30]240
452960,437152,31,15808,[00^30]250
452992,437216,31,15776,[00^30]270
453023,452895,31,128,[00^31]0
453055,424543,32,28512,60[00^30]2f0
453088,437536,62,15552,[00^30]3040[00^30]0
453152,437632,31,15520,[00^30]350
453183,453023,31,160,[00^31]0
453216,436736,31,16480,[00^30]390
453248,453216,30,32,[00^30]0
453280,439577,31,13703,[00^30]3c0
453312,405696,31,47616,[00^30]3d0
453344,453312,30,32,[00^30]0
453376,453344,31,32,[00^30]3e0
453408,453376,31,32,[00^30]3e0
453439,412338,32,41101,e0[00^30]020
453471,426303,7,27168,32f9022f8303060
453484,426316,128,27168,83048d9c94cb566e3b6934fa77258d68ea18e931fa75e1aaaa80b902046c459a28[00^12]38de71124f7a447a01d67945a51edce9ff491251[00^31]80[00^28]64fad90
453613,426445,99,27168,[00^30]0140[00^31]84704316e5[00^31]0
453745,445569,32,8176,[00^31]140
453777,453713,63,64,52ae8c96c918a92b4b4ce1705adc181af67521eef0cc0279330ecd24beb30999[00^31]0
453840,451118,29,2722,[00^28]820
453998,426222,88,27776,1b[00^30]82e7088080[00^44]0232f9022f8303060
454087,453479,233,608,843a89d9c383048d9c94cb566e3b6934fa77258d68ea18e931fa75e1aaaa80b902046c459a28[00^12]38de71124f7a447a01d67945a51edce9ff491251[00^31]80[00^28]64fad98d[00^30]0140[00^31]84704316e5[00^31]0
454324,454319,1,5,000
454353,453745,32,608,[00^31]140
454385,454321,63,64,a055ce0046344793b1af50d3f13189ed8f271e5aea51a4a05aa091776bd7d3f6[00^31]0
454448,454001,29,447,[00^28]820
454606,453998,88,608,1b[00^30]82e7088080[00^44]0232f9022f8303060
454694,395878,3,58816,43843a0
454697,454089,232,608,89d9c383048d9c94cb566e3b6934fa77258d68ea18e931fa75e1aaaa80b902046c459a28[00^12]38de71124f7a447a01d67945a51edce9ff491251[00^31]80[00^28]64fad98d[00^30]0140[00^31]84704316e5[00^31]6f0
454961,454353,32,608,[00^31]140
454993,454929,63,64,0bf37cc324a2bf2882ec9c824207fa9d9fccd8d6fc61562c44e2e8fb3c0c2e61[00^31]0
455056,454609,29,447,[00^28]820
455206,452605,2,2601,00110
455214,426830,80,28384,1c[00^30]82e7088080[00^44]0
455294,445726,4,9568,006df86b0
455308,447060,40,8248,94176211869ca2b568f2a7d4ee941e073a821ee1ff80b844095ea7b3[00^12]0
455363,444088,2,11275,004d0
455368,452420,27,2948,[00^26]090
455399,450599,55,4800,0082e7088080[00^49]0
455460,445731,6,9729,8435a4e900830
455470,445780,20,9690,e222fbe074a436145b255442d919e4e3a6c6a4800
455505,411347,126,44158,[00^31]20[00^31]02[00^31]40[00^30]0
455632,397691,32,57941,20[00^30]010
455669,430999,95,24670,[00^12]176211869ca2b568f2a7d4ee941e073a821ee1ff[00^12]e5d7c2a44ffddf6b295a15c148167daaaf5cf34f[00^31]0
455765,444737,30,11028,[00^29]030
455797,455765,30,32,[00^29]030
455829,455765,31,64,[00^29]030f0
455861,455797,31,64,[00^29]031b0
455893,455603,29,290,[00^28]020
455925,447718,26,8207,[00^25]7a0
455951,455492,6,459,9a2c39520eeb0
455957,455893,29,64,[00^28]020
455989,455925,26,64,[00^25]7a0
456021,453330,13,2691,[00^12]3d0
456034,451641,19,4393,391afffed2255a2dd00325c3a96a5a8e023ff80
456053,430235,31,25818,[00^28]64fa890
456085,440854,60,15231,[00^59]040
456149,455217,74,932,[00^28]82e7088080[00^41]0
456226,446945,4,9281,f082e7080
456237,456232,4,5,8432aff40
456246,398293,59,57953,94bc7f67fa9c72f9fccf917cbcee2a50deb031462a80b8c48f6bdeaa[00^31]0
456306,450826,56,5480,[00^31]01[00^24]0
456369,456307,30,62,[00^30]0
456402,452530,13,3872,[00^12]0f0
456434,431578,31,24856,[00^28]64fa860
456466,419122,45,37344,c0[00^43]010
456515,445895,3,10620,8084300
456561,398010,44,58551,[00^31]6e[00^12]0
456605,450516,42,6089,[00^19]a0[00^22]0
456656,451454,64,5202,[00^64]0
456721,454961,32,1760,[00^31]140
456773,415821,75,40952,[00^43]220001[00^29]0
456851,455215,75,1636,[00^30]82e7088080[00^40]0
456928,448160,3,8768,02f9010
456932,415972,6,40960,82e7080384300
456941,456936,5,5,8430c835780
456987,450929,25,6058,[00^24]050
457019,456999,12,20,[00^12]0
457051,440530,44,16521,[00^12]eeeeeeeeeeeeeeeeeeeeeeeeeeeeeeeeeeeeeeee[00^12]0
457095,455713,44,1382,e5d7c2a44ffddf6b295a15c148167daaaf5cf34f[00^24]0
457147,457115,56,32,[00^24]09668a88f15e9c1d[00^24]0
457203,443877,20,13326,[00^7]6f[00^12]0
457223,457063,32,160,eeeeeeeeeeeeeeeeeeeeeeeeeeeeeeeeeeeeeeee[00^12]0
457256,452396,19,4860,[00^18]060
457275,457147,25,128,[00^24]090
457307,447320,68,9987,[00^32]c0[00^35]0
457375,455295,3,2080,6df86b0
457378,418823,3,38555,04842f0
457383,445735,45,11648,008301635394176211869ca2b568f2a7d4ee941e073a821ee1ff80b844095ea7b3[00^12]0
457428,446493,52,10935,1d0188c4b276a09366d05d6be06af61a73bc7535ffffffffffffffffffffffffffffffffffffffffffffffffffffffffffffffff0
457480,455400,54,2080,82e7088080[00^49]0
457539,397959,3,59580,14842f0
457542,457381,4,161,af0800830
457549,428694,21,28855,941d0188c4b276a09366d05d6be06af61a73bc75350
457577,399537,3,58040,0000b90
457580,428717,146,28863,0324d3115a8a[00^31]60[00^31]c0[00^30]0120[00^31]02[00^12]0
457726,457095,20,631,e5d7c2a44ffddf6b295a15c148167daaaf5cf34f0
457746,416179,93,41567,eeeeeeeeeeeeeeeeeeeeeeeeeeeeeeeeeeeeeeeeeeeeeeeeeeeeeeeeeeeeeeee[00^31]02[00^29]0
457839,428023,130,29816,[00^66]02[00^31]40[00^30]010
457971,452979,12,4992,[00^11]250
458002,429139,97,28863,[00^31]60[00^31]c0[00^31]02000
458099,407879,16,50220,[00^15]7f0
458115,429252,16,28863,ffffffffffffffffffffffffffffff010
458131,436840,24,21291,[00^23]1c0
458155,457572,7,583,7310237d8d00000
458162,429299,160,28863,[00^32]05[00^62]60[00^31]a0[00^31]010
458322,456817,16,1505,0001[00^14]0
458338,458122,8,216,ffffffffffffffff0
458353,450567,78,7786,[00^33]82e7088080[00^40]0
458431,447039,7,11392,7102f86e82e7080
458438,446949,12,11489,01842f8de966842f8de96f820
458452,455308,86,3144,94176211869ca2b568f2a7d4ee941e073a821ee1ff80b844095ea7b3[00^12]80e38291e06339d10aab483c65695d004dbd5c69[00^26]0
458538,456411,4,2127,0000000f0
458544,418768,55,39776,c0[00^45]013302f9012f82e7080
458605,458600,4,5,842f831d0
458610,448179,128,10431,827e5494d1a3abf42f9e66be86cfdea8c5c2c74f041c5e1480b901045b7d7482[00^31]40[00^31]a0[00^31]400
458738,447665,3,11073,3665300
458742,400298,3,58444,3730650
458747,448368,3,10379,6530360
458750,448449,3,10301,3862620
458754,419117,3,39637,3339660
458759,430590,3,28169,3730640
458763,400187,4,58576,353238630
458770,430643,3,28127,3530360
458777,430574,3,28203,6364320
458782,447587,3,11195,6432390
458785,430649,3,28136,6564380
458795,400273,3,58522,3462660
458799,419363,3,39436,6163330
458802,448371,33,10431,[00^31]40340
458841,447559,3,11282,3638300
458847,430588,3,28259,3264370
458860,400765,3,58095,6135370
458864,432549,3,26315,6535330
458873,447593,3,11280,3231360
458876,419100,3,39776,3066370
458879,419373,3,39506,3237630
458884,448462,3,10422,6130630
458888,430557,3,28331,6361620
458899,457491,44,1408,[00^43]030
458943,431519,3,27424,db02f90
458947,431523,4,27424,d782e7080
458952,458600,10,352,842f831d3f842f831d490
458967,458492,20,475,80e38291e06339d10aab483c65695d004dbd5c690
458993,440425,3,18568,8000b90
459002,458226,61,776,[00^31]60[00^29]0
459066,456434,30,2632,[00^28]64fa0
459098,431642,95,27456,[00^31]01[00^31]20[00^31]0
459194,458200,57,994,[00^57]0
459251,458988,7,263,11c37937e080000
459258,430867,108,28391,[00^31]02[00^31]40[00^30]0160[00^12]0
459366,407894,51,51472,7f72e0d8e9abf9133a92322b8b50bd8e0f9dcfcb[00^31]0
459418,408110,108,51308,[00^62]01[00^32]60[00^12]0
459526,457095,32,2431,e5d7c2a44ffddf6b295a15c148167daaaf5cf34f[00^12]0
459578,457829,76,1749,[00^76]0
459654,459558,51,96,8b1251076f23ffa2a2a6459583c587c1cdbb2c6e[00^31]0
459705,459417,109,288,80[00^62]01[00^32]60[00^12]0
459814,442758,32,17056,7d43aabc515c356145049227cee54b608342c0ad[00^12]0
459846,398461,48,61385,fc0c2df02b1616b05c22b3044c582c4150cfd3a9[00^28]0
459894,457806,36,2088,00000002[00^32]0
459930,399962,45,59968,c0[00^35]013302f9012f82e7080
459976,458600,138,1376,842f831d3f842f831d49827e5494d1a3abf42f9e66be86cfdea8c5c2c74f041c5e1480b901045b7d7482[00^31]40[00^31]a0[00^31]400
460119,448413,3,11706,3135300
460132,430583,3,29549,6132610
460138,419439,3,40699,3236330
460146,447566,3,12580,3833660
460156,419434,3,40722,3536370
460162,419068,3,41094,6261620
460169,432618,3,27551,6562380
460173,458765,3,1408,3863380
460178,460082,32,96,[00^31]400
460211,447583,3,12628,3266340
460218,448445,3,11773,3137630
460222,448350,3,11872,3838660
460231,430644,3,29587,3036330
460235,400750,4,59485,373263650
460245,419016,3,41229,3439370
460248,400656,3,59592,3138620
460258,430665,3,29593,6434650
460262,400739,4,59523,633934350
460268,432642,3,27626,3432610
460274,456466,45,3808,c0[00^43]010
460320,459968,3,352,02f9010
460324,448035,6,12289,82e70880842f0
460330,458954,9,1376,831d3f842f831d49830
460342,427277,22,33065,948731d54e9d02c286767d56ac03e8037c07e01e98870
460371,427306,37,33065,b8e41114cd2a[00^31]0
460409,460396,12,13,[00^12]0
460441,460050,57,391,[00^31]a0[00^25]0
460503,448484,28,12019,[00^27]310
460535,427470,34,33065,a0[00^32]140
460569,460421,32,148,abe67191995ea92a923325d0c96f6e32a8a529e8[00^12]0
460602,457869,37,2733,[00^36]020
460640,430752,3,29888,02f9020
460644,418820,6,41824,82e70804842f0
460650,460330,10,320,831d3f842f831d4983070
460663,447100,20,13563,685cea02c4a8ba4d6279e882bdd90129c1267cd00
460685,460637,1,48,000
460694,455501,130,5193,ac9650d8[00^31]20[00^31]02[00^31]40[00^30]0
460826,408490,32,52336,[00^30]01640
460862,455669,94,5193,[00^12]176211869ca2b568f2a7d4ee941e073a821ee1ff[00^12]e5d7c2a44ffddf6b295a15c148167daaaf5cf34f[00^30]0
460958,415867,31,45091,[00^29]030d0
460990,460958,30,32,[00^29]030
461022,447120,32,13902,[00^29]e4e1c00
461054,460704,27,350,[00^25]20000
461081,460686,5,395,a9682739b50
461086,461022,29,64,[00^29]0
461118,452805,26,8313,[00^25]1f0
461150,461131,12,19,[00^12]0
461162,451740,20,9422,b03d651170ceee35729aff792d522fd952cf94c00
461182,456434,31,4748,[00^28]64fa860
461214,456085,60,5129,[00^59]040
461278,431966,72,29312,[00^28]c0[00^36]7202f86f82e7080
461350,447750,13,13600,02842f6b9a70842f6b9a7a83050
461363,429747,140,31616,007d94009a0b7c38b542208936f1179151cd08e294383380b844830cbbbd[00^12]c7d8489dae3d2ebef075b1db2257e2c231c9d231[00^25]0712efb9d63753c0[00^45]0
461507,447396,14,14111,82e70808842f6b9a70842f6b9a7a0
461526,432093,20,29433,1841752a0bcbde29ec3820fca5b0ec4ff4b3b4430
461553,460698,63,855,[00^31]20[00^31]0
461617,461586,30,31,[00^30]0
461649,446545,46,15104,c0[00^44]010
461695,397951,8,63744,1b02f9011782e7080
461703,461350,12,353,02842f6b9a70842f6b9a7a830
461718,397974,22,63744,948731d54e9d02c286767d56ac03e8037c07e01e98880
461743,453181,2,8562,00350
461746,427304,52,34442,161eb8e41114cd2a[00^31]b8[00^12]0
461818,460441,56,1377,[00^31]a0[00^24]0
461880,461247,27,633,[00^26]040
461912,461661,33,251,[00^33]0
461946,461798,32,148,110b41bba1853d2a571f73badf0ac552d9a57c7c[00^12]0
461978,459930,48,2048,c0[00^35]013302f9012f82e7080e842f0
462026,448171,136,13855,6b9a70842f6b9a7a827e5494d1a3abf42f9e66be86cfdea8c5c2c74f041c5e1480b901045b7d7482[00^31]40[00^31]a0[00^31]400
462171,460261,3,1910,6563390
462175,447554,3,14621,3537340
462193,458863,3,3330,6265350
462201,419349,3,42852,6365380
462205,448341,3,13864,3233610
462208,458865,3,3343,3533350
462211,460234,3,1977,6537320
462217,462208,3,9,3533350
462220,432558,3,29662,3538370
462225,446801,33,15424,30[00^31]400
462259,448426,3,13833,3364380
462262,430566,3,31696,6331350
462280,400206,3,62074,3436340
462292,460124,3,2168,3837330
462296,462293,3,3,3733660
462308,460124,4,2184,383733350
462314,430653,3,31661,3063660
462322,397170,51,65152,c0[00^44]3002ee82e7080
462373,458599,3,3774,4a842f0
462376,448041,10,14335,6b9a70842f6b9a7a83010
462386,431442,76,30944,0b3694cce9d3f392c135dc038b147ca73ec496f7f89d938084183ff085c0[00^46]0
462463,428671,3,33792,5402f90
462467,428675,4,33792,5082e7080
462477,462472,4,5,842e0aef0
462486,410838,23,51648,946131b5fae19ea4f9d964eac0408e4408b66337b580b90
462511,410863,162,51648,e21fd0e9[00^31]20[00^12]d1b47490209ccb7a806e8a45d9479490c040abf4[00^63]a0[00^30]0
462674,410994,32,51680,a0[00^30]050
462706,453439,32,9267,e0[00^30]020
462739,411091,76,51648,[00^31]20[00^31]c0[00^12]0
462815,460874,32,1941,176211869ca2b568f2a7d4ee941e073a821ee1ff[00^12]0
462847,457758,32,5089,eeeeeeeeeeeeeeeeeeeeeeeeeeeeeeeeeeeeeeee[00^12]0
462879,436200,20,26679,8e07475701065b2a7dfdd8ffa03823d83bfbb3610
462899,456053,31,6846,[00^28]64fa890
462931,443084,44,19847,[00^30]0280[00^12]0
462975,459110,83,3865,[00^19]01[00^31]20[00^31]0
463058,462994,64,64,01[00^31]20[00^31]0
463122,411826,109,51296,4063407a49[00^27]02[00^31]e0[00^12]d1b47490209ccb7a806e8a45d9479490c040abf4[00^12]0
463251,460862,92,2389,[00^12]176211869ca2b568f2a7d4ee941e073a821ee1ff[00^12]e5d7c2a44ffddf6b295a15c148167daaaf5cf34f[00^28]0
463347,412051,106,51296,[00^95]20[00^10]0
463453,462704,2,749,00050
463459,463445,9,14,[00^9]0
463475,462803,76,672,[00^12]176211869ca2b568f2a7d4ee941e073a821ee1ff[00^12]eeeeeeeeeeeeeeeeeeeeeeeeeeeeeeeeeeeeeeee[00^12]0
463551,412255,128,51296,[00^18]0160[00^30]01a0[00^30]01e0[00^30]02[00^13]0
463679,462879,48,800,8e07475701065b2a7dfdd8ffa03823d83bfbb361[00^28]0
463727,463343,29,384,0280de80[00^25]0
463763,412467,188,51296,[00^62]0220[00^31]01[00^12]d1b47490209ccb7a806e8a45d9479490c040abf4[00^31]01[00^28]0
463951,463343,99,608,0280de80[00^95]0
464050,463891,32,159,[00^31]010
464083,412787,37,51296,7b22536f75726365223a226b7962657273776170222c22416d6f756e74496e555344223a220
464127,464126,10,1,393939393939393939390
464138,412836,18,51302,222c22416d6f756e744f7574555344223a220
464162,458878,3,5284,3732370
464166,400766,3,63400,3537320
464171,462279,3,1892,3134360
464174,412871,68,51303,222c22526566657272616c223a22222c22466c616773223a332c22496e74656772697479496e666f223a7b224b65794944223a2231222c225369676e6174757265223a220
464262,419359,3,44903,3762360
464584,413281,11,51303,3d3d227d7d[00^6]0
464595,448467,50,16128,c0[00^43]3102ef82e7080
464646,462472,10,2174,842e0aef7a842e0aef810
464656,451399,4,13257,825208940
464680,448552,54,16128,862e625ce2300080c0[00^45]0
464736,458944,3,5792,02f9030
464740,430756,5,33984,82e70805840
464745,448519,9,16226,2df426d1842df426d80
464758,427606,23,37152,941d0188c4b276a09366d05d6be06af61a73bc7535870d0
464787,416012,256,48775,b90324d3115a8a[00^31]60[00^31]c0[00^30]0120[00^31]02[00^12]176211869ca2b568f2a7d4ee941e073a821ee1ffeeeeeeeeeeeeeeeeeeeeeeeeeeeeeeeeeeeeeeeeeeeeeeeeeeeeeeeeeeeeeeee[00^31]02[00^25]0
465043,416268,4,48775,[00^4]0
465047,457839,131,7208,[00^66]02[00^31]40[00^30]01200
465178,429107,129,36071,[00^12]e2c67a9b15e9e7ff8a9cb0dfb8fee5609923e5db[00^31]60[00^31]c0[00^31]02000
465307,429268,31,36039,01[00^14]7fffffffffffffffffffffffffffffff0
465339,428571,63,36768,02[00^14]7fffffffffffffffffffffffffffffff[00^32]0
465402,458194,152,7208,05[00^62]60[00^31]a0[00^31]010001[00^14]ffffffffffffffff0
465554,465553,5,1,ffffffffff0
465562,459898,69,5664,[00^32]c0[00^35]010
465631,450335,53,15296,0df9010a01842aea5400829d78940872ec4426103482a50f26ffc32acefcec61b3c980b8e4f242432a[00^12]0
465684,451940,20,13744,bbad135fe6a6e1861c021e7ec049f4cc29f42ef30
465704,449000,256,16704,[00^12]aec3cacef9457ff2821d9f85429ce3d90b001459[00^31]05[00^31]01[00^31]a0[00^64]82e7088080[00^49]01eff901ec80842aea540
465960,449256,224,16704,0083015f90940872ec4426103482a50f26ffc32acefcec61b3c980b901c4d4dfd6bc[00^127]01[00^31]01[00^28]65140
466186,402026,161,64160,[00^63]05[00^62]0140[00^31]41cf0
466410,433898,256,32512,1c[00^31]82e7088080[00^47]01eff901ec80842aea540083015f90940872ec4426103482a50f26ffc32acefcec61b3c980b901c4d4dfd6bc[00^127]010
466666,434154,62,32512,[00^31]01[00^28]65140
466730,466186,160,544,[00^63]05[00^62]0140[00^31]410
466954,466410,256,544,1c[00^31]82e7088080[00^47]01eff901ec80842aea540083015f90940872ec4426103482a50f26ffc32acefcec61b3c980b901c4d4dfd6bc[00^127]010
467210,466666,62,544,[00^31]01[00^28]65140
467274,466730,160,544,[00^63]05[00^62]0140[00^31]410
467498,449706,85,17792,1b[00^31]82e7088080[00^47]010
467583,465631,53,1952,0df9010a01842aea5400829d78940872ec4426103482a50f26ffc32acefcec61b3c980b8e4f242432a[00^12]0
467636,451960,20,15676,ea940f0071a4f68cce1123016e9b300fc507ab640
467656,465704,246,1952,[00^12]aec3cacef9457ff2821d9f85429ce3d90b001459[00^31]05[00^31]01[00^31]a0[00^64]82e7088080[00^49]0
467902,435486,53,32416,00ecf8ea01842aea5400829b28940872ec4426103482a50f26ffc32acefcec61b3c980b8c4f242432a[00^12]0
467955,452000,20,15955,508bc166cf62497e1bb0a79fc4ad27704a854d080
467975,435559,218,32416,[00^12]01e4a663fffaf1430d3a36588b2c14b72231d8b4[00^31]05[00^31]01[00^31]a0[00^32]82e7088080[00^51]2ceb0
468193,421697,10,46496,52842aea5400825208940
468223,403455,76,64768,865af3107a40008082e7088080[00^51]2ceb52842aea5400825208940
468319,468223,76,96,865af3107a40008082e7088080[00^51]2ceb52842aea5400825208940
468415,435807,68,32608,865af3107a40008082e7088080[00^51]2eed82020
468484,468386,9,98,842aea5400825208940
468513,435905,94,32608,8654953ff6d0008082e7088080[00^80]020
468608,436040,40,32568,b8ff877ed78ba520ece21b1de7843a8a57ca47cbb8ff877ed78ba520ece21b1de7843a8a57ca47cb0
468648,468628,20,20,b8ff877ed78ba520ece21b1de7843a8a57ca47cb0
468688,456033,20,12655,3d391afffed2255a2dd00325c3a96a5a8e023ff80
468708,456414,20,12294,0f5deca191dde5a329d0d703ada3680c41b667f70
468728,456753,20,11975,64ee681afdaa10a9f408a18fe2d7a5888e8121630
468748,457031,20,11717,8b0a22648fb05ab414238a367180aa71dc4b06de0
468848,459846,20,9002,fc0c2df02b1616b05c22b3044c582c4150cfd3a90
468888,460569,20,8319,abe67191995ea92a923325d0c96f6e32a8a529e80
468908,461162,20,7746,b03d651170ceee35729aff792d522fd952cf94c00
468948,436320,20,32628,d42aa370fcd06c683b7154ffa799a8e00ac0121e0
468968,461946,20,7022,110b41bba1853d2a571f73badf0ac552d9a57c7c0
469028,463679,20,5349,8e07475701065b2a7dfdd8ffa03823d83bfbb3610
469048,451880,20,17168,b7e5462af10b5386ffa973f7a0f3a51f5b37c2100
469078,436296,3,32782,8210640
469088,465684,20,3404,bbad135fe6a6e1861c021e7ec049f4cc29f42ef30
469108,451307,20,17801,8c335ab17c0fb9bc0a840652b75bb89aacfca9b30
469128,451403,20,17725,5f4cea979e209d574fc2438a04dee17e37e4a17c0
469148,451211,20,17937,a5ad55e807c7b6460ecb6cb3e1d85c9a2f2bc67c0
469168,467636,20,1532,ea940f0071a4f68cce1123016e9b300fc507ab640
469188,467955,20,1233,508bc166cf62497e1bb0a79fc4ad27704a854d080
469227,469171,1,56,000
469268,436580,60,32688,01e4a663fffaf1430d3a36588b2c14b72231d8b4[00^40]0
469328,461890,17,7438,[00^16]040
469375,418297,31,51078,94[00^28]64fa0
469408,465563,62,3845,[00^31]c0[00^30]0
469472,469440,31,32,[00^30]3f0
469504,405856,31,63648,[00^30]420
469536,423584,94,45952,[00^31]1e[00^30]03c0[00^30]0
469632,462432,31,7200,[00^30]080
469664,426578,31,43086,[00^30]0a0
469695,436927,32,32768,a0[00^30]0d0
469728,436610,31,33118,[00^30]150
469759,452735,32,17024,40[00^30]190
469792,469760,31,32,[00^30]190
469824,469537,31,287,[00^30]1e0
469856,424160,31,45696,[00^30]210
469888,456786,31,13102,[00^30]220
469920,424320,31,45600,[00^30]260
469952,453024,62,16928,[00^30]2760[00^30]0
470016,437280,31,32736,[00^30]290
470048,470016,31,32,[00^30]290
470080,424384,62,45696,[00^30]2a80[00^30]0
470143,470111,32,32,80[00^30]2c0
470176,437472,31,32704,[00^30]2d0
470207,405247,96,64960,40[00^30]3140[00^30]31a0[00^30]320
470304,440768,31,29536,[00^30]340
470336,405440,62,64896,[00^30]3560[00^30]0
470400,453216,31,17184,[00^30]390
470432,453248,31,17184,[00^30]3b0
470463,405663,32,64800,c0[00^30]3c0
470496,470464,31,32,[00^30]3c0
470527,441361,32,29166,80[00^30]020
470559,454687,7,15872,32f9022f8303060
470566,409862,3,60704,44843a0
470572,454700,128,15872,83048d9c94cb566e3b6934fa77258d68ea18e931fa75e1aaaa80b902046c459a28[00^12]38de71124f7a447a01d67945a51edce9ff491251[00^31]80[00^28]64fad90
470701,426445,100,44256,[00^30]0140[00^31]84704316e5[00^31]b80
470833,426577,32,44256,[00^31]0a0
470865,470801,63,64,b136f6267afc842ce309bd310fa170bee1c67d2e6b5cb0f94f0ea2e565e1370b[00^31]0
470928,468107,29,2821,[00^28]820
471086,455214,80,15872,1c[00^30]82e7088080[00^44]0
471166,470558,7,608,0232f9022f83030
471174,425702,3,45472,3f843a0
471177,470569,4,608,7e9b74830
471184,444784,23,26400,94a658742d33ebd2ce2f0bdff73515aa797fd161d980b90
471209,444809,35,26400,252f7b01[00^31]0
471245,471232,12,13,[00^12]0
471277,468009,30,3268,[00^29]050
471309,453777,32,17532,52ae8c96c918a92b4b4ce1705adc181af67521eef0cc0279330ecd24beb309990
471341,453777,63,17564,52ae8c96c918a92b4b4ce1705adc181af67521eef0cc0279330ecd24beb30999[00^31]0
471404,464857,32,6547,c0[00^30]010
471437,471423,12,14,[00^12]0
471469,468063,9,3406,[00^7]01000
471499,445099,2,26400,00b70
471501,471257,49,244,673f8009ad54945365be1f6394e3f016fdb4135d[00^29]0
471550,462095,34,9455,000040[00^31]0
471585,461914,32,9671,[00^31]140
471637,467166,72,4471,[00^43]01[00^28]0
471713,426849,62,44864,[00^12]82e7088080[00^44]010
471779,471171,3,608,8303050
471782,426310,3,45472,40843a0
471785,471177,4,608,7e9b74830
471792,471184,23,608,94a658742d33ebd2ce2f0bdff73515aa797fd161d980b90
471817,443849,48,27968,252f7b01[00^31]6f[00^12]0
471865,456526,20,15339,808d7c71ad2ba3fa531b068a2417c63106bc09490
471885,456819,32,15066,[00^29]014c080
471917,454385,32,17532,a055ce0046344793b1af50d3f13189ed8f271e5aea51a4a05aa091776bd7d3f60
471949,454385,63,17564,a055ce0046344793b1af50d3f13189ed8f271e5aea51a4a05aa091776bd7d3f6[00^31]0
472013,471981,31,32,[00^31]0
472045,444077,38,27968,[00^12]4d73adb72bc3dd368966edd0f0b2148401a178e2[00^6]0
472085,471851,2,234,006f0
472107,471499,2,608,00b70
472109,471865,49,244,808d7c71ad2ba3fa531b068a2417c63106bc0949[00^29]0
472158,471550,27,608,000040[00^24]0
472191,461912,34,10279,[00^33]140
472245,471093,74,1152,[00^24]82e7088080[00^44]020
472323,471779,3,544,8303050
472326,453478,3,18848,41843a0
472329,471785,4,544,7e9b74830
472336,471184,24,1152,94a658742d33ebd2ce2f0bdff73515aa797fd161d980b9020
472361,443849,97,28512,252f7b01[00^31]6f[00^12]45f1a95a4d3f3836523f5c83673c797f4d4d263b[00^29]0
472461,454993,32,17468,0bf37cc324a2bf2882ec9c824207fa9d9fccd8d6fc61562c44e2e8fb3c0c2e610
472493,454993,63,17500,0bf37cc324a2bf2882ec9c824207fa9d9fccd8d6fc61562c44e2e8fb3c0c2e61[00^31]0
472556,471404,32,1152,c0[00^30]010
472589,444077,39,28512,[00^12]4d73adb72bc3dd368966edd0f0b2148401a178e2[00^6]8a0
472629,444117,75,28512,006f701a95707a0290ac8b90b3719e8ee5b21036088300b745f1a95a4d3f3836523f5c83673c797f4d4d263b[00^31]0
472705,445153,119,27552,[00^31]0d[00^31]0d[00^55]0
472824,444344,4,28480,23dc4efe0
472833,459226,63,13607,[00^25]11c37937e080[00^32]0
472896,459737,64,13159,[00^31]01[00^32]0
472981,472245,73,736,[00^24]82e7088080[00^44]0
473054,413502,9,59552,079e02f9079a82e7080
473069,473064,4,5,843105070
473078,413526,22,59552,940cab6977a9c70e04458b740476b498b214019641860
473105,413553,12,59552,00b90768a4d73041[00^4]0
473157,464966,20,8191,eeeeeeeeeeeeeeeeeeeeeeeeeeeeeeeeeeeeeeee0
473189,413637,20,59552,7538262ae993ca117a0e481f908209137a46268e0
473268,468478,2,4790,002e0
473272,469407,63,3865,45[00^31]c0[00^30]0
473338,472813,12,525,[00^11]230
473369,413817,12,59552,003201[00^6]c803e80
473381,473125,20,256,fe952def1c0e295048374ccd0b8ebe7001f1123e0
473401,433166,7,40235,[00^6]ac0
473408,473101,5,307,cdd281e0000
473413,443577,19,29836,[00^18]120
473433,473401,30,32,[00^6]accdd281e0[00^19]0
473465,473433,30,32,[00^6]accdd281e0[00^19]0
473497,473401,31,96,[00^6]accdd281e0[00^19]120
473529,473465,31,64,[00^6]accdd281e0[00^19]090
473561,473529,31,32,[00^6]accdd281e0[00^19]090
473593,473497,31,96,[00^6]accdd281e0[00^19]120
473625,473433,31,192,[00^6]accdd281e0[00^19]0c0
473657,473561,31,96,[00^6]accdd281e0[00^19]090
473689,473593,31,96,[00^6]accdd281e0[00^19]120
473721,473657,31,64,[00^6]accdd281e0[00^19]090
473753,473625,31,128,[00^6]accdd281e0[00^19]0c0
473785,473721,31,64,[00^6]accdd281e0[00^19]090
473817,473785,30,32,[00^6]accdd281e0[00^19]0
473849,473689,31,160,[00^6]accdd281e0[00^19]120
473881,473849,30,32,[00^6]accdd281e0[00^19]0
473913,473849,31,64,[00^6]accdd281e0[00^19]120
473945,473881,31,64,[00^6]accdd281e0[00^19]070
473977,473945,31,32,[00^6]accdd281e0[00^19]070
474009,473817,31,192,[00^6]accdd281e0[00^19]0d0
474041,473977,31,64,[00^6]accdd281e0[00^19]070
474073,474009,31,64,[00^6]accdd281e0[00^19]0d0
474105,473913,31,192,[00^6]accdd281e0[00^19]120
474137,473785,31,352,[00^6]accdd281e0[00^19]090
474169,474041,31,128,[00^6]accdd281e0[00^19]070
474201,474105,31,96,[00^6]accdd281e0[00^19]120
474233,474073,31,160,[00^6]accdd281e0[00^19]0d0
474265,474201,31,64,[00^6]accdd281e0[00^19]120
474297,474137,31,160,[00^6]accdd281e0[00^19]090
474329,474169,31,160,[00^6]accdd281e0[00^19]070
474361,474233,31,128,[00^6]accdd281e0[00^19]0d0
474393,474297,31,96,[00^6]accdd281e0[00^19]090
474425,474329,31,96,[00^6]accdd281e0[00^19]070
474457,474265,31,192,[00^6]accdd281e0[00^19]120
474489,474425,31,64,[00^6]accdd281e0[00^19]070
474521,474393,31,128,[00^6]accdd281e0[00^19]090
474553,474457,31,96,[00^6]accdd281e0[00^19]120
474585,474361,31,224,[00^6]accdd281e0[00^19]0d0
474617,474489,31,128,[00^6]accdd281e0[00^19]070
474649,474521,31,128,[00^6]accdd281e0[00^19]090
474681,474649,31,32,[00^6]accdd281e0[00^19]090
474713,474553,31,160,[00^6]accdd281e0[00^19]120
474745,474713,31,32,[00^6]accdd281e0[00^19]120
474777,474617,31,160,[00^6]accdd281e0[00^19]070
474809,474585,31,224,[00^6]accdd281e0[00^19]0d0
474841,474745,31,96,[00^6]accdd281e0[00^19]120
474873,474809,31,64,[00^6]accdd281e0[00^19]0d0
474905,474681,31,224,[00^6]accdd281e0[00^19]090
474937,474905,30,32,[00^6]accdd281e0[00^19]0
474969,474873,31,96,[00^6]accdd281e0[00^19]0d0
475001,415449,37,59552,801aa9b9c0[00^32]0
475039,410815,3,64224,b402f90
475043,410819,4,64224,b082e7080
475048,456516,5,18532,8430d5f1b30
475053,456516,6,18537,8430d5f1b3830
475065,453149,2,21916,00330
475082,442979,4,32103,9c80b9030
475087,460694,67,14393,ac9650d8[00^31]20[00^31]0
475154,440913,64,34241,04[00^31]80[00^30]010
475218,443083,32,32135,60[00^30]020
475251,475219,31,32,[00^30]020
475283,475155,31,128,[00^31]0
475319,472930,31,2389,[00^30]140
475351,458514,28,16837,[00^27]0f0
475383,436835,29,38548,[00^28]1c0
475415,472867,60,2548,[00^60]0
475478,475415,60,63,[00^60]0
475543,475399,13,144,[00^12]1c0
475556,475064,19,492,b60033f61e4fc171c963f0d2d3f63ece24319c0
475575,475319,48,256,[00^30]14f2[00^16]0
475623,457464,16,18159,ffffffffffffffffffffffffffffffff0
475639,475607,48,32,[00^16]ffffffffffffffffffffffffffffffff[00^16]0
475687,431239,73,44448,[00^43]4449404b7c[00^25]0
475760,418367,20,57393,[00^19]160
475799,475671,59,128,[00^59]0
475863,430139,63,45724,[00^12]176211869ca2b568f2a7d4ee941e073a821ee1ff[00^31]0
475926,475766,61,160,[00^13]166ffd2964669e61909398e9718123fdcf99c3c2[00^28]0
475988,475896,43,92,[00^43]0
476035,462468,5,13567,82e7080c840
476040,475049,9,991,30d5f1b38430d5f1b30
476052,415510,21,60542,9488f087ad825322d9ec3261712cf09a56e58575fc0
476073,461546,3,14527,80b8640
476080,476019,12,61,[00^12]0
476092,476053,20,39,88f087ad825322d9ec3261712cf09a56e58575fc0
476112,415641,64,60471,[00^29]24a1a3[00^12]182f8723b57ea3caf8b31c38bf5538987506e5ad0
476177,469299,46,6878,[00^45]040
476223,427583,11,48640,1b02f9041782e7080984300
476234,456938,9,19296,c835788430c83578830
476246,464758,23,11488,941d0188c4b276a09366d05d6be06af61a73bc7535870d0
476275,427635,256,48640,b903e4d3115a8a[00^31]60[00^30]01[00^31]01a0[00^31]04[00^12]176211869ca2b568f2a7d4ee941e073a821ee1ff[00^12]cc22f6aa610d1b2a0e89ef228079cb3e1831b1d1[00^12]e2c67a9b15e9e7ff8a9cb0dfb8fee5609923e5dbeeeeeeeeeeeeeeeeeeeeeeeeeeeeeeeeeeeeeeeeeeeeeeeeee0
476531,427891,256,48640,eeeeeeeeeeeeee[00^31]04[00^159]02[00^31]40[00^25]0
476787,428147,164,48640,[00^5]0140[00^12]e2c67a9b15e9e7ff8a9cb0dfb8fee5609923e5db[00^31]60[00^31]e0[00^31]03[00^29]0
476954,428314,27,48640,0201[00^14]ffffffffffffffffffffff0
476986,428346,26,48640,03[00^24]0d0
477012,476269,6,743,bb8c87703ea90
477018,428378,256,48640,[00^32]01[00^11]e2c67a9b15e9e7ff8a9cb0dfb8fee5609923e5db[00^31]60[00^31]c0[00^31]020101[00^30]0202[00^14]7fffffffffffffffffffffffffffffff[00^32]0
477274,428634,37,48640,c0[00^35]030
477312,475040,3,2272,02f9030
477316,458435,5,18881,82e70801840
477321,476233,10,1088,30c835788430c83578830
477334,476246,21,1088,941d0188c4b276a09366d05d6be06af61a73bc75350
477360,473104,3,4256,e000b90
477363,464788,146,12575,0324d3115a8a[00^31]60[00^31]c0[00^30]0120[00^31]02[00^12]0
477509,459814,20,17695,7d43aabc515c356145049227cee54b608342c0ad0
477529,464954,236,12575,eeeeeeeeeeeeeeeeeeeeeeeeeeeeeeeeeeeeeeeeeeeeeeeeeeeeeeeeeeeeeeee[00^31]02[00^95]02[00^31]40[00^30]0120[00^12]0
477784,459161,64,18623,20[00^31]60[00^31]0
477848,465273,256,12575,c0[00^31]020001[00^14]7fffffffffffffffffffffffffffffff0102[00^14]7fffffffffffffffffffffffffffffff[00^32]05[00^62]60[00^31]a0[00^31]0
478104,465529,25,12575,010001[00^14]ffffffffffffffff0
478137,447320,70,30817,[00^32]c0[00^37]0
478207,446431,10,31776,7202f86f82e7080884300
478217,477322,9,895,c835788430c83578830
478226,446450,140,31776,011c4294176211869ca2b568f2a7d4ee941e073a821ee1ff80b844095ea7b3[00^12]1d0188c4b276a09366d05d6be06af61a73bc7535ffffffffffffffffffffffffffffffffffffffffffffffffffffffffffffffffc0[00^44]0
478368,476224,3,2144,02f9040
478372,438084,4,40288,82e708820
478388,467048,2,11340,00830
478422,478009,44,413,[00^31]60[00^12]0
478466,477541,51,925,eeeeeeeeeeeeeeeeeeeeeeeeeeeeeeeeeeeeeeee[00^31]0
478517,476889,62,1628,e0[00^31]03[00^29]0
478579,475121,2,3458,00200
478582,478550,31,32,[00^30]200
478614,478582,31,32,[00^30]200
478646,438229,95,40417,[00^31]05[00^31]a0[00^30]010
478741,455632,32,23109,20[00^30]010
478774,475219,95,3555,[00^30]0220[00^30]02a0[00^31]0
478935,477978,62,957,[00^62]0
479010,473116,2,5894,000a0
479062,478934,64,128,1b[00^62]410
479190,479062,64,128,1b[00^62]410
479319,479191,63,128,[00^62]410
479446,446355,73,33091,1b[00^31]c0[00^40]0
479519,457375,3,22144,6df86b0
479522,445900,3,33622,0f84300
479531,429907,41,49624,9294176211869ca2b568f2a7d4ee941e073a821ee1ff80b844095ea7b3[00^12]0
479580,461502,2,18078,00920
479592,445800,87,33792,ffffffffffffffffffffffffffffffffffffffffffffffffffffffffffffffff82e7088080[00^49]010
479679,462015,8,17664,3302f9012f82e7080
479688,462024,138,17664,842f6b9a70842f6b9a7a827e5494d1a3abf42f9e66be86cfdea8c5c2c74f041c5e1480b901045b7d7482[00^31]40[00^31]a0[00^31]400
479830,419109,3,60721,3062390
479833,432512,3,47321,3463370
479841,462267,3,17574,6463390
479848,458838,4,21010,393938360
479852,419360,3,60492,6236660
479863,419334,3,60529,3864370
479867,460210,3,19657,6632660
479870,419424,3,60446,6339380
479885,432650,3,47235,3337370
479890,463091,33,16799,[00^31]40630
479932,430552,3,49380,3439300
479938,430599,3,49339,6561380
479941,432515,3,47426,6462390
479945,462259,3,17686,3364380
479949,460218,3,19731,3137630
479966,447642,3,32324,3232620
479971,447644,3,32327,6239330
479976,462192,4,17784,316265350
479982,447637,3,32345,3733380
479987,432147,51,47840,[00^44]7202f86f82e7080
480038,447046,3,32992,03842f0
480041,462376,10,17665,6b9a70842f6b9a7a83010
480053,417973,88,62080,94176211869ca2b568f2a7d4ee941e073a821ee1ff80b844095ea7b3[00^12]032b241de86a8660f1ae0691a4760b426ea246d7[00^28]0
480146,447986,52,32160,[00^45]5102f84e82e7080
480199,447911,120,32288,842f6b9a70842f6b9a7a83010a3b949dba31e492b7e98b8195e254ee13b6b027e4a59d80a4a7f68792766f7465[00^28]c0[00^46]0
480319,480031,19,288,7202f86f82e70803842f6b9a70842f6b9a7a830
480341,461365,24,18976,94009a0b7c38b542208936f1179151cd08e294383380b8440
480369,470098,13,10271,[00^12]2a0
480401,480291,28,110,[00^28]0
480433,416977,54,63456,c0[00^44]01db02f901d782e7080
480487,462023,11,18464,0e842f6b9a70842f6b9a7a0
480503,479572,20,931,f82537fb6c56a3b50092d3951f84f5f6c835b4f50
480529,431569,40,48960,8000b901a45ae401dc[00^28]64fa860
480570,431610,176,48960,[00^31]40[00^31]01[00^31]20[00^31]e404e45aaf[00^12]e5d7c2a44ffddf6b295a15c148167daaaf5cf34f[00^12]0
480766,460926,44,19840,[00^30]09c4[00^12]0
480830,470341,26,10489,[00^25]350
480856,480525,6,331,4a6ba7a180000
480862,478343,24,2519,[00^23]040
480894,417438,103,63456,[00^60]c0[00^36]3002ee82e7080
480998,462374,88,18624,842f6b9a70842f6b9a7a83010b3694cce9d3f392c135dc038b147ca73ec496f7f89d938084183ff085c0[00^46]0
481086,480990,7,96,003002ee82e7080
481093,418470,3,62623,0d842f0
481098,475537,2,5561,00840
481100,481095,3,5,2f51900
481104,481008,78,96,83010b3694cce9d3f392c135dc038b147ca73ec496f7f89d938084183ff085c0[00^46]0
481184,477312,3,3872,02f9030
481188,481090,3,98,82e7080
481192,462472,11,18720,842e0aef7a842e0aef81830
481206,458966,21,22240,9480e38291e06339d10aab483c65695d004dbd5c690
481227,475083,3,6144,80b9030
481230,458997,62,22233,a42cc4081e[00^31]60[00^25]0
481299,459066,31,22233,[00^28]64fab40
481331,459098,108,22233,[00^31]01[00^31]20[00^31]60[00^12]0
481439,441925,43,39514,7d43aabc515c356145049227cee54b608342c0ad[00^23]0
481491,459258,108,22233,[00^31]02[00^31]40[00^30]0160[00^12]0
481619,459674,172,21945,[00^31]80[00^62]01[00^32]60[00^12]7d43aabc515c356145049227cee54b608342c0ad[00^12]0
481791,437978,20,43813,5ec5b1e9b1bd5198343abb6e55fb695d2f7bb3080
481811,477612,76,4199,[00^76]0
481887,481791,51,96,5ec5b1e9b1bd5198343abb6e55fb695d2f7bb308[00^31]0
481938,481650,109,288,80[00^62]01[00^32]60[00^12]0
482047,476422,32,5625,176211869ca2b568f2a7d4ee941e073a821ee1ff[00^12]0
482099,481970,64,129,[00^31]01[00^32]0
482163,464595,50,17568,c0[00^43]3102ef82e7080
482214,448518,14,33696,842df426d1842df426d8825208940
482244,482206,1,38,000
482248,448552,108,33696,862e625ce2300080c0[00^45]010df9010a01842aea5400829d78940872ec4426103482a50f26ffc32acefcec61b3c980b8e4f242432a[00^12]0
482356,469108,20,13248,8c335ab17c0fb9bc0a840652b75bb89aacfca9b30
482376,448680,256,33696,[00^12]aec3cacef9457ff2821d9f85429ce3d90b001459[00^31]05[00^31]01[00^31]a0[00^64]82e7088080[00^49]010df9010a01842aea540
482632,448936,44,33696,00829d78940872ec4426103482a50f26ffc32acefcec61b3c980b8e4f242432a[00^12]0
482676,469148,20,13528,a5ad55e807c7b6460ecb6cb3e1d85c9a2f2bc67c0
482696,482376,256,320,[00^12]aec3cacef9457ff2821d9f85429ce3d90b001459[00^31]05[00^31]01[00^31]a0[00^64]82e7088080[00^49]010df9010a01842aea540
482952,482632,44,320,00829d78940872ec4426103482a50f26ffc32acefcec61b3c980b8e4f242432a[00^12]0
482996,469128,20,13868,5f4cea979e209d574fc2438a04dee17e37e4a17c0
483016,434600,256,48416,[00^12]aec3cacef9457ff2821d9f85429ce3d90b001459[00^31]05[00^31]01[00^31]a0[00^64]82e7088080[00^49]01eff901ec80842aea540
483272,434856,225,48416,0083015f90940872ec4426103482a50f26ffc32acefcec61b3c980b901c4d4dfd6bc[00^127]01[00^31]01[00^28]6514170
483498,467274,160,16224,[00^63]05[00^62]0140[00^31]410
483722,449706,256,34016,1b[00^31]82e7088080[00^47]01eff901ec80842aea540083015f90940872ec4426103482a50f26ffc32acefcec61b3c980b901c4d4dfd6bc[00^127]010
483978,449962,62,34016,[00^31]01[00^28]65140
484042,483498,160,544,[00^63]05[00^62]0140[00^31]410
484266,466954,256,17312,1c[00^31]82e7088080[00^47]01eff901ec80842aea540083015f90940872ec4426103482a50f26ffc32acefcec61b3c980b901c4d4dfd6bc[00^127]010
484522,467210,62,17312,[00^31]01[00^28]65140
484586,484042,160,544,[00^63]05[00^62]0140[00^31]410
484810,483722,84,1088,1b[00^31]82e7088080[00^47]0
484894,435390,13,49504,002ceb51842aea5400825208940
484927,468319,76,16608,865af3107a40008082e7088080[00^51]2ceb52842aea5400825208940
485023,421919,77,63104,865af3107a40008082e7088080[00^50]01eff901ec80842aea54008301590
485100,450668,221,34432,1c940872ec4426103482a50f26ffc32acefcec61b3c980b901c4d4dfd6bc[00^127]01[00^31]01[00^28]6522120
485322,484586,160,736,[00^63]05[00^62]0140[00^31]410
485546,484810,85,736,1b[00^31]82e7088080[00^48]0
485631,435967,33,49664,[00^31]02580
485664,468648,20,17016,b8ff877ed78ba520ece21b1de7843a8a57ca47cb0
485684,451600,40,34084,e93685f3bba03016f02bd1828badd6195988d950e93685f3bba03016f02bd1828badd6195988d9500
485724,485704,20,20,e93685f3bba03016f02bd1828badd6195988d9500
485744,473145,8,12599,a1088d8073cd95f50
485752,473177,12,12575,30b1aafe71c99da60904f6340
485764,475939,20,9825,166ffd2964669e61909398e9718123fdcf99c3c20
485784,476156,20,9628,182f8723b57ea3caf8b31c38bf5538987506e5ad0
485804,451680,20,34124,31767cbd94b0d2f5b4deb17ab1744bf1a57fff010
485824,422720,20,63104,6232e78d54c4845c977fc9e11d7e61c5316d12d10
485924,436220,20,49704,596758cbbf0b118da13bcf95a69eed050ab97a0d0
485964,451800,20,34164,42601170d8cb28522671979bd89a708b93ac11b10
485984,480810,20,5174,f989d774bca0fe1263f023a3374762a42662cce50
486044,482079,20,3965,2c9947b165e0c718a3cbf7d39e8e80d79cc9f5d90
486064,469048,20,17016,b7e5462af10b5386ffa973f7a0f3a51f5b37c2100
486084,482356,20,3728,8c335ab17c0fb9bc0a840652b75bb89aacfca9b30
486104,482676,20,3428,a5ad55e807c7b6460ecb6cb3e1d85c9a2f2bc67c0
486124,482996,20,3128,5f4cea979e209d574fc2438a04dee17e37e4a17c0
486144,468299,20,17845,153a562df4759d36c178c9c6912b91906dc0960c0
486164,468395,20,17769,bd8eaf4e71d5f42ca363193ba1b4db4d6039158e0
486184,468203,20,17981,9cb41c350203ac108ce28bee6789014545cef4770
486204,436560,20,49644,f6f8b5bc021ff67a9932346447dd7e78aa6742240
486224,436520,20,49704,9dbad420963e53775a51ea9aad4afa3af6e5d7530
486244,468493,20,17751,fd2f8182ea6c5107b8166812b4ce49cd959a84a60
486264,423192,134,63072,[00^71]04[00^31]80[00^30]0
486400,475445,31,10955,[00^30]690
486431,447168,32,39263,[00^31]990
486496,481299,30,5197,[00^28]64fa0
486528,482132,62,4396,[00^31]c0[00^30]0
486591,424351,64,62240,40[00^30]2860[00^30]2a0
486656,486528,31,128,[00^31]0
486688,462643,62,24045,[00^30]03a0[00^30]0
486751,440977,32,45774,40[00^30]040
486783,462674,32,24109,a0[00^30]050
486815,486656,31,159,[00^31]0
486847,486815,32,32,[00^31]060
486880,423680,62,63200,[00^30]08[00^31]0
486944,480766,31,6178,[00^30]090
486976,452448,31,34528,[00^30]0b0
487008,452480,31,34528,[00^30]0c0
487040,472738,31,14302,[00^30]0d0
487072,423776,31,63296,[00^30]0e0
487104,452512,62,34592,[00^30]0f[00^31]0
487166,452606,33,34560,11c0[00^30]130
487200,423904,62,63296,[00^30]17c0[00^30]0
487264,487232,31,32,[00^30]1a0
487296,436992,31,50304,[00^30]1b0
487328,486657,31,671,[00^30]1d0
487360,424064,62,63296,[00^30]1e60[00^30]0
487424,469856,62,17568,[00^30]21a0[00^30]0
487488,452928,31,34560,[00^30]240
487520,487488,31,32,[00^30]240
487552,487520,31,32,[00^30]240
487584,437120,62,50464,[00^30]2540[00^30]0
487646,479518,4,8128,006df86b0
487651,445731,7,41920,8435a4e90083010
487661,443512,20,44149,eb466342c4d449bc9f53a865d5cb90586f4052150
487681,480074,19,7607,80b844095ea7b3[00^12]0
487700,426926,20,60774,3228d205a96409a07a44d39916b6ea7b765d61f40
487720,479592,86,8128,ffffffffffffffffffffffffffffffffffffffffffffffffffffffffffffffff82e7088080[00^49]0
487806,486653,2,1153,002a0
487839,481129,6,6710,8084183ff0850
487845,485578,58,2267,82e7088080[00^53]0
487903,468479,3,19424,2eed820
487908,473069,3,14839,8431050
487944,485030,55,2914,8082e7088080[00^49]0
488003,481188,5,6815,82e70806840
488012,488007,4,5,842f912e0
488049,475863,61,12186,[00^12]176211869ca2b568f2a7d4ee941e073a821ee1ff[00^29]0
488113,488098,12,15,[00^12]0
488145,485226,64,2919,[00^31]01[00^31]010
488209,446993,53,41216,c0[00^45]7102f86e82e7080
488267,488011,3,256,8b842f0
488273,429905,43,58368,82eb9294176211869ca2b568f2a7d4ee941e073a821ee1ff80b844095ea7b3[00^12]0
488316,447100,48,41216,685cea02c4a8ba4d6279e882bdd90129c1267cd0[00^28]0
488368,458544,55,29824,c0[00^45]013302f9012f82e7080
488424,488263,11,161,842f90c08b842f90c095820
488435,459987,128,28448,7e5494d1a3abf42f9e66be86cfdea8c5c2c74f041c5e1480b901045b7d7482[00^31]40[00^31]a0[00^31]40300
488567,432637,3,55930,3663340
488571,447557,3,41014,3531360
488575,447640,3,40935,6333320
488580,430677,3,57903,6138660
488598,462202,3,26396,6538610
488607,430570,4,58037,396266350
488612,479831,3,8781,6239340
488615,462167,3,26448,3464360
488622,448414,3,40208,3530330
488626,448275,33,40351,[00^31]40650
488660,458875,3,29785,3630660
488663,447584,3,41079,6634340
488674,448407,4,40267,653332660
488682,460139,3,28543,3633370
488690,479966,3,8724,3232620
488697,479953,3,8744,3131610
488709,430691,3,58018,3166310
488717,479964,3,8753,3566320
488722,446898,51,41824,c0[00^44]3202f082e7080
488773,488262,12,511,18842f90c08b842f90c095820
488785,485000,3,3785,5208940
488803,488766,1,37,000
488815,482254,47,6561,0080c0[00^44]0
488862,488414,9,448,013302f9012f82e7080
488871,460647,3,28224,04842f0
488874,488426,136,448,90c08b842f90c095827e5494d1a3abf42f9e66be86cfdea8c5c2c74f041c5e1480b901045b7d7482[00^31]40[00^31]a0[00^31]400
489010,479877,4,9133,356131310
489014,462214,3,26800,6265380
489018,432641,3,56377,3134320
489021,479840,3,9181,3864630
489024,479934,3,9090,3038630
489036,462310,3,26726,3335610
489042,489015,3,27,6538630
489046,488710,3,336,6631300
489053,489024,3,29,3038630
489056,447552,4,41504,346335370
489060,448451,3,40609,6263370
489063,462302,3,26761,6432620
489074,448371,34,40703,[00^31]4034320
489111,462207,3,26904,6135330
489114,462303,3,26811,3262350
489117,460129,3,28988,6261370
489126,479939,3,9187,6138640
489130,460150,3,28980,3765340
489133,488689,3,444,6332320
489137,488610,3,527,3538620
489142,432533,3,56609,3234310
489147,462283,3,26864,6263320
489155,489139,3,16,6230370
489158,479864,3,9294,6437650
489161,462273,3,26888,6361660
489170,460274,45,28896,c0[00^43]010
489215,446591,11,42624,3302f9012f82e70809842f0
489226,488874,136,352,90c08b842f90c095827e5494d1a3abf42f9e66be86cfdea8c5c2c74f041c5e1480b901045b7d7482[00^31]40[00^31]a0[00^31]400
489362,488658,64,704,653436306666343433633139323134646533326664666333363337383038396332326262376630313161633065306564616637316631303962396135663264350
489426,488530,96,896,[00^31]40306139383536633462353136376333323633613866333739643766616635623832666537653861633366383835396266353862393434643662326562353033310
489522,489170,192,352,c0[00^43]013302f9012f82e70809842f90c08b842f90c095827e5494d1a3abf42f9e66be86cfdea8c5c2c74f041c5e1480b901045b7d7482[00^31]40[00^31]a0[00^31]400
489714,448450,3,41264,6262630
489717,430562,3,59155,3134330
489723,479851,3,9872,3662360
489729,447676,3,42053,3136360
489732,489154,3,578,3062300
489740,430694,3,59046,3330380
489743,489417,4,326,396239610
489750,448418,4,41332,383133320
489755,448435,3,41320,3931300
489761,489070,3,691,3366330
489764,458836,4,30928,363339390
489770,447683,3,42087,3331630
489775,462204,3,27571,6132330
489778,489330,33,448,[00^31]40650
489821,462269,3,27552,3937350
489824,462183,3,27641,6231300
489828,458858,4,30970,393861350
489836,430568,3,59268,3562390
489841,464166,3,25675,3537320
489845,432507,3,57338,6461380
489848,489033,3,815,3965380
489851,458890,4,30961,623139650
489859,479929,3,9930,3562360
489863,448352,3,41511,6661340
489866,489761,3,105,3366330
489871,432635,3,57236,6431360
489875,488211,51,1664,[00^44]7102f86e82e7080
489926,488871,12,1055,04842f90c08b842f90c095820
489938,447058,42,42880,eb8694176211869ca2b568f2a7d4ee941e073a821ee1ff80b844095ea7b3[00^12]0
489980,431543,20,58437,678aa4bf4e210cf2166753e054d5b7c31cc7fa860
490000,431127,32,58873,[00^29]0f10a90
490032,488368,47,1664,c0[00^45]010
490079,460319,11,29760,1a02f9011682e70880842f0
490090,489929,8,161,90c08b842f90c0950
490102,460342,22,29760,948731d54e9d02c286767d56ac03e8037c07e01e98870
490131,461748,37,28383,b8e41114cd2a[00^31]0
490169,487570,13,2599,[00^12]240
490201,489650,57,551,[00^31]a0[00^25]0
490264,490206,26,58,[00^26]0
490296,472928,33,17368,[00^32]140
490329,490181,32,148,240f58621fcb510fd96c58983e93234525d12ce7[00^12]0
490362,490041,37,321,[00^37]0
490403,458435,6,31968,82e70801842f0
490409,490090,9,319,90c08b842f90c095830
490421,480341,21,10080,94009a0b7c38b542208936f1179151cd08e29438330
490448,447793,64,42655,0000b844f2b9fdb8[00^12]c7d8489dae3d2ebef075b1db2257e2c231c9d231[00^24]0
490512,474806,2,15706,00070
490514,490444,6,70,1afd498d00000
490521,485625,38,4896,[00^37]020
490560,460640,3,29920,02f9020
490564,489923,6,641,82e70804842f0
490570,447209,9,43361,8de966842f8de96f830
490582,481206,23,9376,9480e38291e06339d10aab483c65695d004dbd5c6980b90
490607,481231,61,9376,2cc4081e[00^31]60[00^25]0
490675,486496,30,4179,[00^28]64fa0
490707,481331,151,9376,[00^31]01[00^31]20[00^31]60[00^12]7d43aabc515c356145049227cee54b608342c0ad[00^23]0
490858,475557,2,15301,00330
490866,432112,33,58754,43[00^31]010
490899,490739,44,160,[00^31]20[00^12]0
490943,459366,160,31577,7f72e0d8e9abf9133a92322b8b50bd8e0f9dcfcb[00^31]80[00^62]01[00^32]60[00^12]0
491103,490815,32,288,7d43aabc515c356145049227cee54b608342c0ad[00^12]0
491155,482099,107,9056,[00^31]01[00^32]c0[00^42]0
491262,445886,9,45376,01f402f901f082e7080
491271,461510,3,29761,08842f0
491274,490570,10,704,8de966842f8de96f83020
491286,485101,219,6185,940872ec4426103482a50f26ffc32acefcec61b3c980b901c4d4dfd6bc[00^127]01[00^31]01[00^28]65220
491507,485322,160,6185,[00^63]05[00^62]0140[00^31]410
491731,446355,75,45376,1b[00^31]c0[00^42]0
491808,481184,3,10624,02f9030
491812,458435,14,33377,82e70801842f8de966842f8de96f0
491859,475084,3,16775,b903840
491866,441690,13,50176,[00^12]760
491897,440817,32,51080,53[00^30]010
491929,491602,32,327,[00^31]010
491961,463570,45,28391,60[00^30]01a0[00^12]0
492026,477626,94,14400,[00^62]02[00^31]0
492121,460729,64,31392,20[00^31]02[00^31]0
492186,492154,31,32,[00^31]0
492218,490297,32,1921,[00^31]140
492250,491878,50,372,768710eb054f278b2d787042d13af6389f80b953[00^30]0
492300,492140,42,160,[00^13]02[00^28]0
492346,492314,31,32,[00^28]017d870
492378,481491,94,10887,[00^31]02[00^31]40[00^30]0
492472,489680,33,2792,00a0[00^31]0
492505,456816,32,35689,220001[00^29]0
492537,471306,3,21231,0557300
492540,492027,61,513,[00^61]0
492601,492505,96,96,220001[00^29]055730[00^61]0
492698,490142,27,2556,[00^26]6e0
492730,492698,26,32,[00^26]0
492763,430715,44,62048,[00^35]027402f9027082e7080
492808,447207,12,45601,842f8de966842f8de96f83030
492822,430774,60,62048,94678aa4bf4e210cf2166753e054d5b7c31cc7fa8680b902445ae401dc[00^28]64fa860
492883,430835,256,62048,[00^31]40[00^31]02[00^31]40[00^30]0160[00^31]e404e45aaf[00^12]176211869ca2b568f2a7d4ee941e073a821ee1ff[00^12]e5d7c2a44ffddf6b295a15c148167daaaf5cf34f[00^28]0
493139,431091,2,62048,00000
493143,492915,60,228,[00^31]02[00^28]0
493207,493178,25,29,[00^25]0
493239,431191,121,62048,[00^91]4449404b7c[00^25]0
493360,493232,19,128,b75e17f3ddf8ff[00^12]0
493399,482135,78,11264,[00^28]c0[00^43]3102ef82e7080
493479,431430,88,62049,842f8de966842f8de96f83010b3694cce9d3f392c135dc038b147ca73ec496f7f89d938084183ff085c0[00^46]0
493567,467903,3,25664,ecf8ea0
493576,467912,43,25664,829b28940872ec4426103482a50f26ffc32acefcec61b3c980b8c4f242432a[00^12]0
493630,493329,2,301,00440
493639,487282,13,6357,[00^12]1a0
493671,468007,183,25664,[00^31]05[00^31]01[00^31]a0[00^32]82e7088080[00^50]0
493854,482942,54,10912,010df9010a01842aea5400829d78940872ec4426103482a50f26ffc32acefcec61b3c980b8e4f242432a[00^12]0
493910,486621,2,7289,00280
493917,493701,2,216,00050
493928,482376,256,11552,[00^12]aec3cacef9457ff2821d9f85429ce3d90b001459[00^31]05[00^31]01[00^31]a0[00^64]82e7088080[00^49]010df9010a01842aea540
494184,482632,45,11552,00829d78940872ec4426103482a50f26ffc32acefcec61b3c980b8e4f242432a[00^12]a50
494248,465704,256,28544,[00^12]aec3cacef9457ff2821d9f85429ce3d90b001459[00^31]05[00^31]01[00^31]a0[00^64]82e7088080[00^49]01eff901ec80842aea540
494504,465960,225,28544,0083015f90940872ec4426103482a50f26ffc32acefcec61b3c980b901c4d4dfd6bc[00^127]01[00^31]01[00^28]6514150
494730,491507,160,3223,[00^63]05[00^62]0140[00^31]410
494924,486491,3,8433,efef270
494954,451114,85,43840,1c[00^31]82e7088080[00^48]0
495039,467903,52,27136,ecf8ea01842aea5400829b28940872ec4426103482a50f26ffc32acefcec61b3c980b8c4f242432a[00^12]0
495111,467975,215,27136,[00^12]01e4a663fffaf1430d3a36588b2c14b72231d8b4[00^31]05[00^31]01[00^31]a0[00^32]82e7088080[00^50]0
495326,494494,235,832,01eff901ec80842aea540083015f90940872ec4426103482a50f26ffc32acefcec61b3c980b901c4d4dfd6bc[00^127]01[00^31]01[00^28]6514150
495562,450890,161,44672,[00^63]05[00^62]0140[00^31]412f0
495786,451114,87,44672,1c[00^31]82e7088080[00^48]2ceb0
495873,451297,10,44576,50842aea5400825208940
495903,468415,68,27488,865af3107a40008082e7088080[00^51]2eed82020
495972,495874,9,98,842aea5400825208940
496001,468513,62,27488,8654953ff6d0008082e7088080[00^49]0
496063,495871,12,192,2ceb50842aea5400825208940
496095,451231,76,44864,865af3107a40008082e7088080[00^51]2ceb50842aea5400825208940
496191,485023,76,11168,865af3107a40008082e7088080[00^50]01eff901ec80842aea540083010
496267,483275,222,12992,5f90940872ec4426103482a50f26ffc32acefcec61b3c980b901c4d4dfd6bc[00^127]01[00^31]01[00^28]6514170
496490,483498,161,12992,[00^63]05[00^62]0140[00^31]41de0
496714,495786,85,928,1c[00^31]82e7088080[00^48]0
496799,493143,32,3656,[00^31]020
496832,436080,20,60752,fb52e6f695e64088939c0665fd711c929bedc5790
496892,488125,20,8767,c5424956e7b964f6701e5f104614144dc4f6c7bf0
497023,496829,1,194,000
497032,436260,20,60772,89a4bc5894638349219fac69d0c1df27204d68000
497052,490329,20,6723,240f58621fcb510fd96c58983e93234525d12ce70
497072,436160,20,60912,b1cb55b33bfaf20d55b20df30741fab5e28d6afd0
497092,491135,20,5957,84167e276f9f4fce0825a59b61ee61c4a0966e910
497132,492250,20,4882,768710eb054f278b2d787042d13af6389f80b9530
497152,493379,20,3773,905ef06810b5d168d0c8d351593ed5d1880dbc280
497192,493619,20,3573,e6b059b8bb287fcde78f7e0044fe67493f12cfd00
497212,493908,20,3304,498f00284b4ca84bb60005876e97d4d7dd439d5d0
497232,494228,20,3004,a5866ac516395d4e1f54d23813ebc3bd9ad077950
497272,495091,20,2181,7904110ca274b7d2283597498e752a8cc19138590
497312,469248,40,28064,c65347b43019f8f453d7b486d259fd6146da334e01e4a663fffaf1430d3a36588b2c14b72231d8b40
497352,469228,20,28124,f269e8574583c27fe74b69b3f998a64efd8d04480
497372,469208,20,28164,40082e6f1c15d2b27b3de80cb7ad04e9ed1219000
497412,496770,60,642,[00^60]0
497504,486496,31,11008,[00^28]64fa840
497536,491732,62,5804,[00^31]c0[00^30]0
497600,470432,31,27168,[00^30]3b0
497631,497536,31,95,[00^31]0
497663,436831,96,60832,60[00^31]1c[00^30]0380[00^30]040
497760,473305,32,24455,[00^30]06800
497792,486912,31,10880,[00^30]080
497824,486944,31,10880,[00^30]090
497856,487136,31,10720,[00^30]110
497888,443565,31,54323,[00^30]120
497920,475909,31,22011,[00^30]160
497951,497664,31,287,[00^31]0
497984,486657,61,11327,[00^30]1d[00^30]0
498045,498013,2,32,001d0
498048,437024,62,61024,[00^30]1ec0[00^30]0
498111,487391,32,10720,60[00^30]200
498143,437055,32,61088,c0[00^30]220
498175,492570,32,5605,[00^31]220
498208,470048,31,28160,[00^30]290
498240,497442,31,798,[00^30]2b0
498272,496129,31,2143,[00^30]2c0
498303,437471,32,60832,60[00^30]2d0
498335,495936,32,2399,[00^31]2e0
498368,453056,31,45312,[00^30]2f0
498400,481057,31,17343,[00^30]300
498432,470272,62,28160,[00^30]32e0[00^30]0
498494,453182,64,45312,35[00^31]3720[00^30]0
498560,437664,62,60896,[00^30]37e0[00^30]0
498622,487646,4,10976,006df86b0
498627,442950,6,55677,843b9aca00830
498637,493091,20,5546,e5d7c2a44ffddf6b295a15c148167daaaf5cf34f0
498657,489961,3,8696,80b8440
498664,447256,13,51408,[00^12]780
498696,495239,86,3457,[00^32]82e7088080[00^49]0
498782,470558,8,28224,0232f9022f8303060
498796,470572,128,28224,83048d9c94cb566e3b6934fa77258d68ea18e931fa75e1aaaa80b902046c459a28[00^12]38de71124f7a447a01d67945a51edce9ff491251[00^31]80[00^28]64fad90
498925,454829,100,44096,[00^30]0140[00^31]84704316e5[00^31]6f0
499057,492218,32,6839,[00^31]140
499089,499025,63,64,5529b49f453f19c5ac10c10beb732d97a60a889c0da412f33b03721bb1a75dc4[00^31]0
499152,498700,29,452,[00^28]820
499310,454606,88,44704,1b[00^30]82e7088080[00^44]0232f9022f8303060
499398,443814,3,55584,3d843a0
499404,498796,228,608,83048d9c94cb566e3b6934fa77258d68ea18e931fa75e1aaaa80b902046c459a28[00^12]38de71124f7a447a01d67945a51edce9ff491251[00^31]80[00^28]64fad951[00^30]0140[00^31]84704316e5[00^31]0
499665,470833,32,28832,[00^31]0a0
499697,499633,63,64,ca74abfdb4b02df5e462b0cdf2c103491864369787e319c1ca39a04c8211ede8[00^31]0
499760,499313,29,447,[00^28]820
499918,455214,84,44704,1c[00^30]82e7088080[00^45]6df86b0
500003,445731,49,54272,8435a4e9008301635394176211869ca2b568f2a7d4ee941e073a821ee1ff80b844095ea7b3[00^12]0
500052,462487,20,37565,6131b5fae19ea4f9d964eac0408e4408b66337b50
500072,487720,86,12352,ffffffffffffffffffffffffffffffffffffffffffffffffffffffffffffffff82e7088080[00^49]0
500158,473054,9,27104,079e02f9079a82e7080
500173,500168,4,5,843109cb0
500182,473078,41,27104,940cab6977a9c70e04458b740476b498b21401964186accdd281e000b90768a4d73041[00^4]0acd0
500225,473121,3,27104,64f83b0
500229,473381,20,26848,fe952def1c0e295048374ccd0b8ebe7001f1123e0
500257,473153,3,27104,651fc80
500261,478466,20,21795,eeeeeeeeeeeeeeeeeeeeeeeeeeeeeeeeeeeeeeee0
500293,473189,20,27104,7538262ae993ca117a0e481f908209137a46268e0
500377,473273,64,27104,[00^31]c0[00^30]06800
500442,473338,93,27104,[00^11]23e0c0e69d69659089f15f1c90c52909d3131888003201[00^6]c803e8fe952def1c0e295048374ccd0b8ebe7001f1123e[00^6]accdd281e0[00^19]0
500537,474937,31,25600,[00^6]accdd281e0[00^19]100
500569,500537,31,32,[00^6]accdd281e0[00^19]100
500601,500569,31,32,[00^6]accdd281e0[00^19]100
500633,500505,31,128,[00^6]accdd281e0[00^19]090
500665,500633,31,32,[00^6]accdd281e0[00^19]090
500697,474969,31,25728,[00^6]accdd281e0[00^19]0d0
500729,474777,31,25952,[00^6]accdd281e0[00^19]070
500761,500729,31,32,[00^6]accdd281e0[00^19]070
500793,500601,31,192,[00^6]accdd281e0[00^19]100
500825,500761,31,64,[00^6]accdd281e0[00^19]070
500857,500697,31,160,[00^6]accdd281e0[00^19]0d0
500889,474841,31,26048,[00^6]accdd281e0[00^19]120
500921,500793,31,128,[00^6]accdd281e0[00^19]100
500953,500825,31,128,[00^6]accdd281e0[00^19]070
500985,500857,31,128,[00^6]accdd281e0[00^19]0d0
501017,500889,31,128,[00^6]accdd281e0[00^19]120
501049,500921,31,128,[00^6]accdd281e0[00^19]100
501081,500985,31,96,[00^6]accdd281e0[00^19]0d0
501113,501017,31,96,[00^6]accdd281e0[00^19]120
501145,501049,31,96,[00^6]accdd281e0[00^19]100
501177,501081,31,96,[00^6]accdd281e0[00^19]0d0
501209,500953,31,256,[00^6]accdd281e0[00^19]070
501241,501113,31,128,[00^6]accdd281e0[00^19]120
501273,501177,31,96,[00^6]accdd281e0[00^19]0d0
501305,501241,31,64,[00^6]accdd281e0[00^19]120
501337,501209,31,128,[00^6]accdd281e0[00^19]070
501369,501273,31,96,[00^6]accdd281e0[00^19]0d0
501401,501337,31,64,[00^6]accdd281e0[00^19]070
501433,501305,31,128,[00^6]accdd281e0[00^19]120
501465,501145,31,320,[00^6]accdd281e0[00^19]100
501497,501369,31,128,[00^6]accdd281e0[00^19]0d0
501529,501401,31,128,[00^6]accdd281e0[00^19]070
501561,501465,31,96,[00^6]accdd281e0[00^19]100
501593,501529,31,64,[00^6]accdd281e0[00^19]070
501625,501497,31,128,[00^6]accdd281e0[00^19]0d0
501657,501433,31,224,[00^6]accdd281e0[00^19]120
501689,501657,31,32,[00^6]accdd281e0[00^19]120
501721,501689,31,32,[00^6]accdd281e0[00^19]120
501753,501721,31,32,[00^6]accdd281e0[00^19]120
501785,501625,31,160,[00^6]accdd281e0[00^19]0d0
501817,501753,31,64,[00^6]accdd281e0[00^19]120
501849,501817,31,32,[00^6]accdd281e0[00^19]120
501881,473753,31,28128,[00^6]accdd281e0[00^19]0c0
501913,500665,31,1248,[00^6]accdd281e0[00^19]090
501945,501881,31,64,[00^6]accdd281e0[00^19]0c0
501977,501849,31,128,[00^6]accdd281e0[00^19]120
502009,501913,31,96,[00^6]accdd281e0[00^19]090
502041,501945,31,96,[00^6]accdd281e0[00^19]0c0
502073,502009,31,64,[00^6]accdd281e0[00^19]090
502105,475001,37,27104,801aa9b9c0[00^32]0
502148,487810,5,14338,84310711fd0
502184,499630,3,2554,0000b80
502192,493079,44,9113,[00^12]e5d7c2a44ffddf6b295a15c148167daaaf5cf34f[00^12]0
502236,493059,32,9177,176211869ca2b568f2a7d4ee941e073a821ee1ff[00^12]0
502288,462899,31,39389,[00^28]64fa890
502320,497925,26,4395,[00^25]160
502346,502180,6,166,bcc41e9000000
502352,495209,30,7143,[00^29]a00
502384,498696,78,3688,[00^32]82e7088080[00^41]0
502462,464734,9,37728,035b02f9035782e7080
502472,502148,5,324,84310711fd0
502477,502148,6,329,84310711fd830
502483,464755,25,37728,0274c9941d0188c4b276a09366d05d6be06af61a73bc7535870
502514,477361,148,25153,00b90324d3115a8a[00^31]60[00^31]c0[00^30]0120[00^31]02[00^12]0
502662,464934,256,37728,176211869ca2b568f2a7d4ee941e073a821ee1ffeeeeeeeeeeeeeeeeeeeeeeeeeeeeeeeeeeeeeeeeeeeeeeeeeeeeeeeeeeeeeeee[00^31]02[00^95]02[00^31]40[00^30]0120[00^12]0
502918,465190,256,37728,e2c67a9b15e9e7ff8a9cb0dfb8fee5609923e5db[00^31]60[00^31]c0[00^31]020001[00^14]7fffffffffffffffffffffffffffffff0102[00^14]7fffffffffffffffffffffffffffffff[00^32]05[00^43]0
503174,465446,112,37728,[00^19]60[00^31]a0[00^31]010001[00^14]ffffffffffffffffffffffff0
503290,477242,69,26048,[00^32]c0[00^35]030
503359,462463,3,40896,5402f90
503363,462467,4,40896,5082e7080
503368,502472,12,896,84310711fd84310711fd83020
503382,502486,21,896,941d0188c4b276a09366d05d6be06af61a73bc75350
503403,481227,3,22176,80b9030
503406,502517,145,889,24d3115a8a[00^31]60[00^31]c0[00^30]0120[00^31]02[00^12]0
503551,476454,20,27097,cc22f6aa610d1b2a0e89ef228079cb3e1831b1d10
503571,502682,87,889,eeeeeeeeeeeeeeeeeeeeeeeeeeeeeeeeeeeeeeeeeeeeeeeeeeeeeeeeeeeeeeee[00^31]02[00^23]0
503667,502778,140,889,[00^63]02[00^31]40[00^30]0120[00^12]0
503827,502938,97,889,[00^31]60[00^31]c0[00^31]02000
503924,503067,31,857,02[00^14]7fffffffffffffffffffffffffffffff0
503956,503035,31,921,01[00^14]7fffffffffffffffffffffffffffffff0
503987,503098,160,889,[00^32]05[00^62]60[00^31]a0[00^31]010
504148,503259,24,889,01[00^14]ffffffffffffffffff0
504179,491187,75,12992,[00^32]c0[00^42]0
504256,503360,3,896,02f9030
504260,503364,3,896,82e7080
504264,503373,4,891,843107110
504269,504264,3,5,8431070
504278,500182,22,4096,940cab6977a9c70e04458b740476b498b214019641860
504304,458993,4,45311,8000b9030
504313,439930,95,64383,[00^30]01[00^64]0
504473,501579,13,2894,[00^12]100
504505,496394,62,8111,[00^31]01[00^30]0
504568,504523,14,45,[00^13]010
504582,469269,75,35313,e4a663fffaf1430d3a36588b2c14b72231d8b4[00^56]0
504657,497532,3,7125,64fa840
504665,504626,31,39,[00^31]0
504697,478454,57,26243,[00^12]eeeeeeeeeeeeeeeeeeeeeeeeeeeeeeeeeeeeeeee[00^25]0
504759,462962,33,41797,80[00^31]010
504793,497810,13,6983,[00^12]080
504806,496271,19,8535,72ec4426103482a50f26ffc32acefcec61b3c90
504825,503988,63,837,[00^31]05[00^31]0
504889,490867,76,14022,[00^31]01[00^31]20[00^12]0
504965,500293,20,4672,7538262ae993ca117a0e481f908209137a46268e0
504985,440180,27,64805,[00^26]d00
505012,504301,5,711,17a6b980000
505017,459162,89,45855,[00^31]60[00^57]0
505106,499493,8,5613,[00^7]800
505114,502106,36,3008,1aa9b9c0[00^32]0
505150,490858,2,14292,00330
505154,456932,6,48222,82e7080384300
505163,505158,4,5,84300e490
505168,482224,5,22944,82520894f30
505200,488815,46,16385,0080c0[00^43]0
505246,489566,9,15680,013302f9012f82e7080
505261,505256,4,5,842f8e890
505266,489586,128,15680,827e5494d1a3abf42f9e66be86cfdea8c5c2c74f041c5e1480b901045b7d7482[00^31]40[00^31]a0[00^31]400
505395,489862,3,15533,6666610
505410,460152,3,45258,3438660
505426,458862,3,46564,3762650
505429,489034,3,16395,6538330
505440,489837,4,15603,623931340
505444,489129,3,16315,6337650
505455,505405,3,50,6166330
505458,479794,33,25664,[00^31]40390
505491,447544,3,57947,3736370
505494,458773,3,46721,6231650
505505,505417,3,88,3834620
505510,489397,3,16113,6237660
505514,479922,3,25592,6336300
505526,460114,3,45412,3063360
505538,460118,3,45420,6631350
505545,448343,3,57202,6134650
505555,505069,44,486,[00^44]0
505599,490399,10,15200,7902f87682e70801842f0
505609,505258,8,351,8e89be842f8e89c80
505617,490417,141,15200,8305337194009a0b7c38b542208936f1179151cd08e294383387071afd498d0000b844f2b9fdb8[00^12]c7d8489dae3d2ebef075b1db2257e2c231c9d231[00^25]071afd498d0000c0[00^37]0
505758,446590,148,59168,013302f9012f82e70809842f8de966842f8de96f827e5494d1a3abf42f9e66be86cfdea8c5c2c74f041c5e1480b901045b7d7482[00^31]40[00^31]a0[00^31]400
505906,489810,64,16096,656365393438366136356439373562313037393861353664613535623931343537326364613839653862313965306631383562366666613433663330356431360
505970,489682,96,16288,[00^31]40626263313433326539366236303231313636306230313035323433303839623961373161383133323639313034396633663336333939303133316331646132330
506066,460274,56,45792,c0[00^43]011a02f9011682e70880842f0
506122,493481,9,12641,8de966842f8de96f830
506134,490102,22,16032,948731d54e9d02c286767d56ac03e8037c07e01e98870
506162,460370,51,45792,66b8e41114cd2a[00^31]6f[00^12]0
506233,505842,57,391,[00^31]a0[00^25]0
506293,505800,3,493,5e14800
506296,498308,27,7988,[00^26]2d0
506328,490296,33,16032,[00^32]140
506361,506213,32,148,8ab38f45097bb383bae6043d16da03d2dab6b622[00^12]0
506393,490361,48,16032,c0[00^37]7902f87682e70801842f0
506441,491818,10,14623,8de966842f8de96f83050
506451,505619,139,832,337194009a0b7c38b542208936f1179151cd08e294383387071afd498d0000b844f2b9fdb8[00^12]c7d8489dae3d2ebef075b1db2257e2c231c9d231[00^25]071afd498d0000c0[00^37]0
506596,447203,15,59393,82e7082b842f8de966842f8de96f830
506613,490581,22,16032,1a9480e38291e06339d10aab483c65695d004dbd5c690
506647,458998,64,47649,2cc4081e[00^31]60[00^28]0
506715,490675,31,16040,[00^28]64fab30
506747,503699,94,3048,[00^31]02[00^31]40[00^30]0
506842,443627,45,63215,40[00^31]60[00^12]0
506887,506886,44,1,[00^44]0
506939,459258,256,47681,[00^31]02[00^31]40[00^30]0160[00^12]7f72e0d8e9abf9133a92322b8b50bd8e0f9dcfcb[00^31]80[00^62]01[00^32]600
507195,459514,256,47681,[00^12]e5d7c2a44ffddf6b295a15c148167daaaf5cf34f[00^12]8b1251076f23ffa2a2a6459583c587c1cdbb2c6e[00^76]8b1251076f23ffa2a2a6459583c587c1cdbb2c6e[00^31]80[00^62]01000
507451,459770,76,47681,[00^31]60[00^12]7d43aabc515c356145049227cee54b608342c0ad[00^12]0
507547,502714,95,4833,[00^31]02[00^63]0
507643,507586,56,57,[00^56]0
507707,506939,108,768,[00^31]02[00^31]40[00^30]0160[00^12]0
507815,481887,160,25928,5ec5b1e9b1bd5198343abb6e55fb695d2f7bb308[00^31]80[00^62]01[00^32]60[00^12]0
507975,507207,32,768,e5d7c2a44ffddf6b295a15c148167daaaf5cf34f[00^12]0
508027,507259,76,768,[00^76]0
508103,508007,51,96,258d5f860b11ec73ee200eb14f1b60a3b7a536a2[00^31]0
508154,481938,141,26216,80[00^62]01[00^32]60[00^12]176211869ca2b568f2a7d4ee941e073a821ee1ff[00^12]0
508295,507527,84,768,59abe1e264f657d70c3ab5109d424f7f01a8729c[00^31]02[00^32]0
508380,480444,43,27936,[00^34]01db02f901d782e7080
508423,461703,3,46720,02842f0
508426,506122,10,2304,8de966842f8de96f83070
508438,480502,22,27936,94f82537fb6c56a3b50092d3951f84f5f6c835b4f5870
508465,457577,3,50888,0000b90
508468,480532,37,27936,01a45ae401dc[00^28]64fa860
508506,480570,176,27936,[00^31]40[00^31]01[00^31]20[00^31]e404e45aaf[00^12]e5d7c2a44ffddf6b295a15c148167daaaf5cf34f[00^12]0
508682,475875,51,32807,176211869ca2b568f2a7d4ee941e073a821ee1ff[00^31]0
508734,461150,57,47584,[00^12]b03d651170ceee35729aff792d522fd952cf94c0[00^25]0
508791,508460,7,331,2386f26fc100000
508798,455735,30,53063,[00^29]fa0
508830,480894,97,27936,[00^60]c0[00^36]0
508927,506431,159,2496,7902f87682e70801842f8de966842f8de96f8305337194009a0b7c38b542208936f1179151cd08e294383387071afd498d0000b844f2b9fdb8[00^12]c7d8489dae3d2ebef075b1db2257e2c231c9d231[00^25]071afd498d0000c0[00^37]0
509086,458430,21,50656,007102f86e82e70801842f8de966842f8de96f82eb0
509107,489939,41,19168,8694176211869ca2b568f2a7d4ee941e073a821ee1ff80b844095ea7b3[00^12]0
509148,508439,20,709,f82537fb6c56a3b50092d3951f84f5f6c835b4f50
509168,508541,29,627,[00^28]010
509200,482256,100,26944,c0[00^45]010df9010a01842aea5400829d78940872ec4426103482a50f26ffc32acefcec61b3c980b8e4f242432a[00^12]0
509300,497252,20,12048,fd84701785edd79996f05aeb5b8470ef6ac8933e0
509320,493928,256,15392,[00^12]aec3cacef9457ff2821d9f85429ce3d90b001459[00^31]05[00^31]01[00^31]a0[00^64]82e7088080[00^49]010df9010a01842aea540
509576,494184,44,15392,00829d78940872ec4426103482a50f26ffc32acefcec61b3c980b8e4f242432a[00^12]0
509620,497392,32,12228,93e0d3808e46c07b48ebc2f0ad3d33bb6dfeeac5[00^12]0
509652,509332,256,320,aec3cacef9457ff2821d9f85429ce3d90b001459[00^31]05[00^31]01[00^31]a0[00^64]82e7088080[00^49]010df9010a01842aea5400829d78940872ec442610340
509908,509588,32,320,82a50f26ffc32acefcec61b3c980b8e4f242432a[00^12]0
509940,497292,20,12648,c79ae1470e9434f46ead244c63402aeff8c191630
509960,483016,256,26944,[00^12]aec3cacef9457ff2821d9f85429ce3d90b001459[00^31]05[00^31]01[00^31]a0[00^64]82e7088080[00^49]01eff901ec80842aea540
510216,483272,225,26944,0083015f90940872ec4426103482a50f26ffc32acefcec61b3c980b901c4d4dfd6bc[00^127]01[00^31]01[00^28]6514170
510442,496490,160,13952,[00^63]05[00^62]0140[00^31]410
510666,449706,256,60960,1b[00^31]82e7088080[00^47]01eff901ec80842aea540083015f90940872ec4426103482a50f26ffc32acefcec61b3c980b901c4d4dfd6bc[00^127]010
510922,449962,63,60960,[00^31]01[00^28]6514140
510986,510442,160,544,[00^63]05[00^62]0140[00^31]410
511210,483722,256,27488,1b[00^31]82e7088080[00^47]01eff901ec80842aea540083015f90940872ec4426103482a50f26ffc32acefcec61b3c980b901c4d4dfd6bc[00^127]010
511466,483978,63,27488,[00^31]01[00^28]6514160
511530,510986,160,544,[00^63]05[00^62]0140[00^31]410
511754,495786,97,15968,1c[00^31]82e7088080[00^48]2ceb50842aea5400825208940
511871,496095,66,15776,865af3107a40008082e7088080[00^51]2ceb0
511938,511842,9,96,842aea5400825208940
511967,485023,256,26944,865af3107a40008082e7088080[00^50]01eff901ec80842aea54008301591c940872ec4426103482a50f26ffc32acefcec61b3c980b901c4d4dfd6bc[00^127]01[00^21]0
512223,485279,41,26944,[00^10]01[00^28]65220
512266,511530,160,736,[00^63]05[00^62]0140[00^31]410
512490,485546,117,26944,1b[00^31]82e7088080[00^79]020
512628,468628,40,44000,b8ff877ed78ba520ece21b1de7843a8a57ca47cbb8ff877ed78ba520ece21b1de7843a8a57ca47cb0
512668,468688,20,43980,3d391afffed2255a2dd00325c3a96a5a8e023ff80
512688,500249,8,12439,066954c8ed497e350
512696,500281,12,12415,3d6aaf4f24685fd28ec42eef0
512708,502268,20,10440,1b50ad5d54b5b81ebcabaa397b54eafb26d0051f0
512728,485824,20,26904,6232e78d54c4845c977fc9e11d7e61c5316d12d10
512768,504485,20,8283,10103d79ac194eb0c4cc75742bda65c18dff335b0
512868,506361,20,6507,8ab38f45097bb383bae6043d16da03d2dab6b6220
512908,508295,20,4613,59abe1e264f657d70c3ab5109d424f7f01a8729c0
512928,468908,40,44020,b03d651170ceee35729aff792d522fd952cf94c097bd845f07c2f1557290c0fad634345510d0a6770
512988,509300,20,3688,fd84701785edd79996f05aeb5b8470ef6ac8933e0
513008,509620,20,3388,93e0d3808e46c07b48ebc2f0ad3d33bb6dfeeac50
513028,509940,20,3088,c79ae1470e9434f46ead244c63402aeff8c191630
513048,496075,20,16973,47c7c8a1529c35d06fa7cf2fa4db1f550d99916a0
513068,496171,20,16897,26d397c8f96a86d06654c2cf3c49a15e7db35db50
513088,495883,20,17205,8191603b651ba22961e77cb8b2d667f45ed77d2c0
513108,486224,20,26884,9dbad420963e53775a51ea9aad4afa3af6e5d7530
513128,486204,20,26924,f6f8b5bc021ff67a9932346447dd7e78aa6742240
513148,495981,20,17167,de1419b7980c981b68ab49891702c163453703c40
513168,472776,49,40392,[00^48]230
513248,469376,31,43872,[00^28]64fa850
513280,508859,62,4421,[00^31]c0[00^30]0
513343,513311,32,32,c0[00^30]2d0
513375,453087,32,60288,e0[00^30]300
513408,513280,31,128,[00^31]0
513440,506811,31,6629,[00^30]030
513472,469568,62,43904,[00^30]03c0[00^30]0
513536,486976,31,26560,[00^30]0b0
513568,513536,31,32,[00^30]0b0
513600,506901,31,6699,[00^30]0e0
513632,497888,31,15744,[00^30]120
513664,506330,31,7334,[00^30]140
513696,469728,31,43968,[00^30]150
513728,497920,31,15808,[00^30]160
513760,487200,31,26560,[00^30]170
513791,497951,32,15840,[00^31]190
513824,513409,61,415,[00^30]1b[00^30]0
513885,513853,2,32,001b0
513888,498016,62,15872,[00^30]1d60[00^30]0
513952,508571,31,5381,[00^30]200
513984,469888,62,44096,[00^30]2240[00^30]0
514047,487551,32,26496,80[00^30]240
514080,469920,31,44160,[00^30]260
514111,513855,31,256,[00^31]0
514144,487777,31,26367,[00^30]2a0
514176,514144,31,32,[00^30]2a0
514208,498240,31,15968,[00^30]2b0
514239,497441,32,16798,[00^31]2b0
514272,470112,62,44160,[00^30]2c80[00^30]0
514334,493470,2,20864,00310
514340,478383,6,35957,8502540be4000
514346,511943,4,2403,825208940
514378,511973,53,2405,008082e7088080[00^46]0
514434,478372,4,36062,82e708820
514476,480523,7,33953,87354a6ba7a1800
514486,500118,41,14368,[00^40]070
514528,500160,3,14368,02f9070
514532,476035,5,38497,82e7080c840
514539,514378,2,161,00800
514541,514536,4,5,846259000
514586,505017,89,9569,[00^31]60[00^57]0
514680,475005,34,39675,c0[00^32]030
514714,514586,62,128,[00^31]60[00^30]0
514777,513471,32,1306,60[00^30]030
514810,480081,57,34729,[00^12]032b241de86a8660f1ae0691a4760b426ea246d7[00^25]0
514867,514572,7,295,ba8478cab4a4350
514874,508186,64,6688,[00^31]01[00^32]0
514938,478678,63,36260,[00^31]a0[00^30]010
515006,508570,63,6436,[00^31]20[00^31]0
515070,514130,13,940,[00^12]280
515083,514552,19,531,7b3e8905d64ebbd503e6af028ac520786138120
515102,513511,24,1591,[00^23]040
515133,515043,26,90,[00^26]0
515159,514867,35,292,ba8478cab4a435[00^28]0
515198,514239,32,959,[00^31]2b0
515230,507495,21,7735,7d43aabc515c356145049227cee54b608342c0ad000
515253,455713,51,59540,e5d7c2a44ffddf6b295a15c148167daaaf5cf34f[00^31]0
515304,514778,31,526,[00^30]030
515335,480094,47,35241,2b241de86a8660f1ae0691a4760b426ea246d7[00^28]0
515382,508182,68,7200,[00^35]01[00^32]0
515450,510056,63,5394,[00^31]a0[00^31]0
515513,461273,33,54240,0412210e8a[00^28]0
515546,458480,61,57066,[00^12]80e38291e06339d10aab483c65695d004dbd5c69[00^29]0
515607,515383,129,224,[00^34]01[00^63]a0[00^30]0
515736,490605,63,25131,02642cc4081e[00^31]60[00^25]0
515799,515635,35,164,[00^6]01[00^28]0
515834,515194,35,640,64faa11e[00^31]0
515869,490738,120,25131,01[00^31]20[00^31]60[00^12]7d43aabc515c356145049227cee54b608342c0ad[00^23]0
515989,515125,34,864,047c89f91c3b4e06[00^26]0
516023,490892,243,25131,[00^6]01[00^31]20[00^12]7f72e0d8e9abf9133a92322b8b50bd8e0f9dcfcb[00^31]80[00^62]01[00^32]60[00^12]7d43aabc515c356145049227cee54b608342c0ad[00^12]0
516286,515610,92,676,[00^31]01[00^60]0
516379,516342,36,37,[00^36]0
516425,488017,5,28408,830493e0940
516453,467953,3,48500,0000500
516458,512522,52,3936,82e7088080[00^47]0
516518,498627,6,17891,843b9aca00830
516547,475082,3,41465,9c80b90
516556,497798,25,18758,[00^24]080
516588,514682,94,1906,[00^31]03[00^31]60[00^30]0
516684,516670,12,14,[00^12]0
516716,507579,94,9137,[00^63]60[00^30]0
516812,455701,63,61111,[00^12]e5d7c2a44ffddf6b295a15c148167daaaf5cf34f[00^31]0
516875,508537,96,8338,40[00^31]01[00^31]20[00^31]0
516972,452511,63,64461,[00^31]0f[00^31]0
517036,517004,44,32,[00^31]40[00^12]0
517080,507815,32,9265,5ec5b1e9b1bd5198343abb6e55fb695d2f7bb308[00^12]0
517112,509109,20,8003,176211869ca2b568f2a7d4ee941e073a821ee1ff0
517132,516458,50,674,82e7088080[00^45]0
517187,472323,3,44864,8303050
517200,472336,23,44864,94a658742d33ebd2ce2f0bdff73515aa797fd161d980b90
517225,472361,97,44864,252f7b01[00^31]6f[00^12]45f1a95a4d3f3836523f5c83673c797f4d4d263b[00^29]0
517325,499089,32,18236,5529b49f453f19c5ac10c10beb732d97a60a889c0da412f33b03721bb1a75dc40
517357,499089,63,18268,5529b49f453f19c5ac10c10beb732d97a60a889c0da412f33b03721bb1a75dc4[00^31]0
517421,492768,32,24653,[00^30]02740
517453,472589,39,44864,[00^12]4d73adb72bc3dd368966edd0f0b2148401a178e2[00^6]8a0
517493,472629,75,44864,006f701a95707a0290ac8b90b3719e8ee5b21036088300b745f1a95a4d3f3836523f5c83673c797f4d4d263b[00^31]0
517569,472705,119,44864,[00^31]0d[00^31]0d[00^55]0
517688,472792,36,44896,[00^32]23dc4efe0
517729,513766,25,3963,[00^24]170
517761,498340,27,19421,[00^26]2e0
517788,482250,5,35538,625ce230000
517793,497797,26,19996,[00^25]080
517825,517663,57,162,[00^57]0
517882,517818,31,64,082ebf07d53454[00^24]0
517921,488178,62,29743,[00^30]01c0[00^30]0
517984,506328,33,11656,[00^32]140
518026,516414,2,1612,002f0
518037,510096,105,7941,[00^56]82e7088080[00^44]0
518142,471774,8,46368,01f2f901ef8303050
518151,517191,6,960,843ad2d5c9830
518157,471789,63,46368,09771894a658742d33ebd2ce2f0bdff73515aa797fd161d980b901c4252f7b01[00^31]0
518221,471853,64,46368,[00^12]808d7c71ad2ba3fa531b068a2417c63106bc0949[00^29]014c080
518285,499697,32,18588,ca74abfdb4b02df5e462b0cdf2c103491864369787e319c1ca39a04c8211ede80
518317,499697,63,18620,ca74abfdb4b02df5e462b0cdf2c103491864369787e319c1ca39a04c8211ede8[00^31]0
518380,472012,45,46368,c0[00^31]d4[00^12]0
518425,499449,26,18976,38de71124f7a447a01d67945a51edce9ff491251[00^6]0
518453,518219,2,234,00b80
518466,484779,3,33687,5529080
518475,472107,76,46368,00b7808d7c71ad2ba3fa531b068a2417c63106bc0949[00^31]40[00^22]0
518551,456647,41,61904,024bae2ae39c665ed0[00^32]0
518592,456752,45,61840,1464ee681afdaa10a9f408a18fe2d7a5888e812163[00^24]0
518637,518093,50,544,82e7088080[00^44]010
518688,508416,3,10272,02f9010
518692,505154,5,13538,82e70803840
518706,477330,3,41376,8302320
518731,505802,4,12929,80b901040
518739,492191,27,26548,[00^26]970
518771,508899,29,9872,[00^28]790
518802,515673,45,3129,[00^32]a0[00^12]0
518864,518475,2,389,00b70
518867,502288,31,16579,[00^28]64fa890
518899,508315,44,10584,[00^31]02[00^12]0
518963,518931,12,32,[00^12]0
518996,489876,50,29120,[00^43]7102f86e82e7080
519047,503368,10,15679,84310711fd84310711fd0
519057,488273,43,30784,82eb9294176211869ca2b568f2a7d4ee941e073a821ee1ff80b844095ea7b3[00^12]0
519100,503383,20,15717,1d0188c4b276a09366d05d6be06af61a73bc75350
519120,517854,29,1266,[00^28]080
519152,480272,54,38880,c0[00^46]7202f86f82e7080
519207,487908,3,31299,8431050
519212,519207,5,5,843105b9740
519217,478225,141,40992,83011c4294176211869ca2b568f2a7d4ee941e073a821ee1ff80b844095ea7b3[00^12]1d0188c4b276a09366d05d6be06af61a73bc7535ffffffffffffffffffffffffffffffffffffffffffffffffffffffffffffffffc0[00^44]0
519358,492798,9,26560,027402f9027082e7080
519368,505607,11,13761,842f8e89be842f8e89c8830
519382,492822,60,26560,94678aa4bf4e210cf2166753e054d5b7c31cc7fa8680b902445ae401dc[00^28]64fa860
519443,492883,256,26560,[00^31]40[00^31]02[00^31]40[00^30]0160[00^31]e404e45aaf[00^12]176211869ca2b568f2a7d4ee941e073a821ee1ff[00^12]e5d7c2a44ffddf6b295a15c148167daaaf5cf34f[00^28]0
519699,493139,2,26560,00000
519701,508732,14,10969,0064[00^12]0
519715,519487,49,228,[00^19]02[00^29]0
519767,517297,26,2470,[00^25]040
519799,493239,121,26560,[00^91]4449404b7c[00^25]0
519920,519792,19,128,044bf34dcb9c76[00^12]0
519950,519938,1,12,000
519959,491191,72,28768,[00^28]c0[00^42]010
520031,505759,8,14272,3302f9012f82e7080
520040,505256,138,14784,842f8e89be842f8e89c8827e5494d1a3abf42f9e66be86cfdea8c5c2c74f041c5e1480b901045b7d7482[00^31]40[00^31]a0[00^31]400
520179,489165,3,31014,6436610
520191,479945,3,40246,3364380
520197,505547,3,14650,6566330
520209,505407,3,14802,3338660
520213,479982,4,40231,373338620
520218,489147,3,31071,6263320
520226,460132,3,60094,6132610
520233,458779,3,61454,3232320
520238,505944,3,14294,3965380
520242,489074,33,31168,[00^31]40340
520275,506044,3,14231,3130340
520285,462163,3,58122,3432320
520289,479951,3,40338,6339310
520293,460270,3,60023,6139660
520319,505499,3,14820,3833310
520323,520223,3,100,3639330
520327,489398,3,30929,3766300
520333,505948,3,14385,3139650
520338,488722,51,31616,c0[00^44]3202f082e7080
520390,520040,11,350,842f8e89be842f8e89c8820
520401,464657,4,55744,520894440
520431,488815,48,31616,0080c0[00^44]010
520479,481183,3,39296,d402f90
520483,481187,6,39296,d082e70806840
520489,508936,10,11553,2f8de966842f8de96f830
520510,497629,2,22881,003b0
520523,520074,3,449,80b9010
520526,455664,17,64862,a4ea540632[00^12]0
520543,519651,32,892,e5d7c2a44ffddf6b295a15c148167daaaf5cf34f[00^12]0
520575,487661,20,32914,eb466342c4d449bc9f53a865d5cb90586f4052150
520595,517851,32,2744,[00^31]080
520627,519284,29,1343,ffffffffffffffffffffffffffffffffffffffffffffffffffffffffff0
520659,520627,30,32,fffffffffffffffffffffffffffffffffffffffffffffffffffffffffffc0
520691,520627,31,64,fffffffffffffffffffffffffffffffffffffffffffffffffffffffffffce80
520723,520659,31,64,fffffffffffffffffffffffffffffffffffffffffffffffffffffffffffceb0
520755,481267,26,39488,[00^25]470
520787,520450,29,337,[00^28]010
520819,470501,26,50318,[00^25]3c0
520851,520787,29,64,[00^28]010
520883,518400,13,2483,[00^12]d40
520896,468949,19,51947,2aa370fcd06c683b7154ffa799a8e00ac0121e0
520915,518867,31,2048,[00^28]64fa890
520947,491219,52,29728,c0[00^42]01f402f901f082e7080
520999,506119,4,14880,80842f8d0
521004,490411,3,30593,8b842f0
521010,491282,224,29728,830205aa940872ec4426103482a50f26ffc32acefcec61b3c980b901c4d4dfd6bc[00^127]01[00^31]01[00^28]6522110
521235,512266,160,8969,[00^63]05[00^62]0140[00^31]410
521460,491188,75,30272,[00^31]c0[00^42]010
521535,488863,11,32672,3302f9012f82e70804842f0
521546,521002,8,544,8d3b8b842f8d3b950
521554,488882,129,32672,827e5494d1a3abf42f9e66be86cfdea8c5c2c74f041c5e1480b901045b7d7482[00^31]40[00^31]a0[00^31]40350
521684,479885,3,41799,3337370
521687,489167,3,32520,6165330
521692,505401,3,16291,3964360
521697,464123,3,57574,3034310
521706,489383,4,32323,666333360
521712,458776,3,62936,3863640
521717,489409,3,32308,6461660
521721,458877,3,62844,6637320
521726,489019,3,32707,3432380
521737,489052,3,32685,3030380
521741,505503,3,16238,6533380
521746,462130,33,59616,[00^31]40640
521779,521719,3,60,6635660
521783,458852,3,62931,3935660
521793,505951,4,15842,306631380
521797,521731,3,66,6639610
521805,489504,3,32301,6266350
521811,489130,3,32681,3765340
521816,458864,3,62952,6535330
521829,505406,3,16423,6633380
521835,462318,3,59517,6264640
521839,460269,3,61570,3261390
521842,505202,53,16640,c0[00^43]013302f9012f82e7080
521896,521544,138,352,842f8d3b8b842f8d3b95827e5494d1a3abf42f9e66be86cfdea8c5c2c74f041c5e1480b901045b7d7482[00^31]40[00^31]a0[00^31]400
522034,489415,3,32619,3130390
522037,505491,4,16546,373637620
522042,489055,3,32987,6334630
522046,505961,3,16085,3433660
522049,505934,3,16115,3931340
522055,489040,3,33015,3834650
522062,505447,5,16615,38333032660
522068,489039,3,33029,6238340
522076,479859,3,42217,3636380
522086,458774,3,63312,3165380
522093,458797,3,63296,6635610
522097,460177,33,61920,64[00^31]400
522134,520210,3,1924,3866300
522137,505531,4,16606,643230650
522141,506020,3,16121,3062300
522144,505513,3,16631,6263360
522148,462217,3,59931,3533350
522153,460172,3,61981,6238630
522156,489510,3,32646,3434640
522160,464125,3,58035,3139390
522166,522146,3,20,3635350
522173,489048,3,33125,3037310
522176,520210,4,1966,386630370
522185,479927,3,42258,6537350
522189,462177,3,60012,3465650
522194,521842,45,352,c0[00^43]010
522239,509887,53,12352,0df9010a01842aea5400829d78940872ec4426103482a50f26ffc32acefcec61b3c980b8e4f242432a[00^12]0
522292,513068,20,9224,26d397c8f96a86d06654c2cf3c49a15e7db35db50
522312,509640,256,12672,[00^12]aec3cacef9457ff2821d9f85429ce3d90b001459[00^31]05[00^31]01[00^31]a0[00^64]82e7088080[00^49]010df9010a01842aea540
522568,509896,44,12672,00829d78940872ec4426103482a50f26ffc32acefcec61b3c980b8e4f242432a[00^12]0
522612,513088,20,9524,8191603b651ba22961e77cb8b2d667f45ed77d2c0
522632,522312,256,320,[00^12]aec3cacef9457ff2821d9f85429ce3d90b001459[00^31]05[00^31]01[00^31]a0[00^64]82e7088080[00^49]010df9010a01842aea540
522888,522568,44,320,00829d78940872ec4426103482a50f26ffc32acefcec61b3c980b8e4f242432a[00^12]0
522932,513048,20,9884,47c7c8a1529c35d06fa7cf2fa4db1f550d99916a0
522952,509960,256,12992,[00^12]aec3cacef9457ff2821d9f85429ce3d90b001459[00^31]05[00^31]01[00^31]a0[00^64]82e7088080[00^49]01eff901ec80842aea540
523208,510216,224,12992,0083015f90940872ec4426103482a50f26ffc32acefcec61b3c980b901c4d4dfd6bc[00^127]01[00^31]01[00^28]65140
523434,521235,160,2199,[00^63]05[00^62]0140[00^31]410
523658,510666,256,12992,1b[00^31]82e7088080[00^47]01eff901ec80842aea540083015f90940872ec4426103482a50f26ffc32acefcec61b3c980b901c4d4dfd6bc[00^127]010
523914,510922,63,12992,[00^31]01[00^28]6514140
523978,523434,160,544,[00^63]05[00^62]0140[00^31]410
524202,511754,87,12448,1c[00^31]82e7088080[00^48]2ceb0
524290,511938,9,12352,842aea5400825208940
524318,495902,65,28416,2c865af3107a40008082e7088080[00^51]0
524383,511935,12,12448,2ceb4f842aea5400825208940
524415,524319,66,96,865af3107a40008082e7088080[00^51]2ceb0
524482,524386,9,96,842aea5400825208940
524511,524415,64,96,865af3107a40008082e7088080[00^51]0
524575,495039,52,29536,ecf8ea01842aea5400829b28940872ec4426103482a50f26ffc32acefcec61b3c980b8c4f242432a[00^12]0
524627,513148,32,11479,de1419b7980c981b68ab49891702c163453703c4[00^12]0
524659,467987,204,56672,01e4a663fffaf1430d3a36588b2c14b72231d8b4[00^31]05[00^31]01[00^31]a0[00^32]82e7088080[00^51]0
524863,495967,4,28896,2eed82020
524868,524482,9,386,842aea5400825208940
524897,468513,94,56384,8654953ff6d0008082e7088080[00^80]020
525020,524989,1,31,000
525032,516266,20,8766,39b98fe0d13ad4bd835f2005c9739f55ecff88b80
525092,485704,40,39388,e93685f3bba03016f02bd1828badd6195988d950e93685f3bba03016f02bd1828badd6195988d9500
525132,518847,20,6285,7fb83bc2a493b3de96d4d3e59823c2b22300b76e0
525192,519939,20,5253,2f9a8904da55b6acd042f9008597e008064090330
525232,496952,20,28280,859e8a75af297726c506d297613af5bd396ff61c0
525252,520895,20,4357,d42aa370fcd06c683b7154ffa799a8e00ac0121e0
525332,513068,40,12264,26d397c8f96a86d06654c2cf3c49a15e7db35db58191603b651ba22961e77cb8b2d667f45ed77d2c0
525372,522932,20,2440,47c7c8a1529c35d06fa7cf2fa4db1f550d99916a0
525392,511947,20,13445,6fbd15b97c874984c8dbe899bfb7038494a7ff520
525412,511851,20,13561,a9edeba478fff66f7851cd5de570f893d6ae8ec30
525491,513147,21,12344,24de1419b7980c981b68ab49891702c163453703c40
525512,504581,56,20931,01e4a663fffaf1430d3a36588b2c14b72231d8b4[00^36]0
525572,525567,1,5,000
525600,513248,31,12352,[00^28]64fa850
525632,521460,62,4172,[00^31]c0[00^30]0
525696,525664,31,32,[00^30]5c0
525728,525696,30,32,[00^30]0
525760,525632,31,128,[00^31]0
525792,513504,62,12288,[00^30]0420[00^30]0
525856,516909,31,8947,[00^30]200
525888,498144,62,27744,[00^30]22[00^31]0
525952,514112,31,11840,[00^30]280
525983,481056,32,44927,[00^31]300
526016,514305,31,11711,[00^30]310
526048,526016,31,32,[00^30]310
526080,505121,31,20959,[00^30]330
526112,470432,63,55680,[00^30]3bc0[00^30]3c0
526176,497632,31,28544,[00^30]3d0
526207,525983,31,224,[00^31]0
526240,522099,31,4141,[00^30]400
526271,469503,63,56768,a0[00^30]4220[00^30]0
526336,526304,30,32,[00^30]0
526368,526336,30,32,[00^30]0
526400,526368,30,32,[00^30]0
526431,526207,31,224,[00^31]0
526464,526432,30,32,[00^30]0
526496,526464,30,32,[00^30]0
526528,526496,30,32,[00^30]0
526560,526528,31,32,[00^30]4f0
526592,526560,30,32,[00^30]0
526624,526592,30,32,[00^30]0
526656,526624,30,32,[00^30]0
526688,526656,30,32,[00^30]0
526720,526688,30,32,[00^30]0
526752,526720,30,32,[00^30]0
526784,526752,31,32,[00^30]5a0
526816,526784,30,32,[00^30]0
526847,513663,32,13184,40[00^30]140
526884,514434,4,12450,82e708820
526895,526890,5,5,846da882b40
526933,524743,44,2190,[00^31]a0[00^12]0
526977,519619,32,7358,176211869ca2b568f2a7d4ee941e073a821ee1ff[00^12]0
527009,500052,20,26957,6131b5fae19ea4f9d964eac0408e4408b66337b50
527029,507669,31,19360,[00^30]090
527061,487168,31,39893,[00^30]130
527093,526997,62,96,[00^12]6131b5fae19ea4f9d964eac0408e4408b66337b5[00^30]0
527155,521968,32,5187,0040[00^30]0
527187,462509,256,64678,0824e21fd0e9[00^31]20[00^12]d1b47490209ccb7a806e8a45d9479490c040abf4[00^63]a0[00^30]03a0[00^30]05e0[00^30]02e0[00^26]0
527443,462765,50,64678,[00^5]20[00^31]c0[00^12]0
527493,508650,64,18843,e5d7c2a44ffddf6b295a15c148167daaaf5cf34f[00^12]176211869ca2b568f2a7d4ee941e073a821ee1ff[00^12]0
527557,526905,20,652,ee4d6cb455015baaa34ee1d1eb70fcf3ad1ec6e30
527577,520915,31,6662,[00^28]64fa890
527609,462931,256,64678,[00^30]0280[00^31]01[00^31]20[00^31]01[00^31]20[00^31]4063407a49[00^27]02[00^31]e00
527865,463187,44,64678,[00^12]d1b47490209ccb7a806e8a45d9479490c040abf4[00^12]0
527909,516696,32,11213,d5539d0360438a66661148c633a9f0965e482845[00^12]0
527941,508650,76,19291,e5d7c2a44ffddf6b295a15c148167daaaf5cf34f[00^12]176211869ca2b568f2a7d4ee941e073a821ee1ff[00^24]0
528023,523848,97,4175,[00^65]01[00^31]0
528121,514512,15,13609,[00^14]070
528137,528123,12,14,[00^12]0
528153,508638,94,19515,[00^12]e5d7c2a44ffddf6b295a15c148167daaaf5cf34f[00^12]176211869ca2b568f2a7d4ee941e073a821ee1ff[00^30]0
528247,463569,110,64678,0160[00^30]01a0[00^30]01e0[00^30]02[00^13]0
528357,527557,44,800,ee4d6cb455015baaa34ee1d1eb70fcf3ad1ec6e3[00^24]0
528401,528017,36,384,104efa848d17[00^30]0
528439,528436,1,3,000
528441,463763,184,64678,[00^62]0220[00^31]01[00^12]d1b47490209ccb7a806e8a45d9479490c040abf4[00^31]01[00^24]0
528625,528017,71,608,104efa848d17[00^65]0
528696,528025,64,671,[00^63]010
528761,464083,11,64678,7b22536f75726365223a220
528781,464103,17,64678,222c22416d6f756e74496e555344223a220
528810,464137,19,64673,34222c22416d6f756e744f7574555344223a220
528829,528798,3,31,3139330
528836,528830,3,6,3933350
528843,464134,3,64709,3939390
528847,464174,68,64673,222c22526566657272616c223a22222c22466c616773223a332c22496e74656772697479496e666f223a7b224b65794944223a2231222c225369676e6174757265223a220
529148,528936,3,212,7247520
529256,464583,12,64673,413d3d227d7d[00^6]0
529268,529267,63,1,[00^63]0
529333,527189,162,2144,e21fd0e9[00^31]20[00^12]d1b47490209ccb7a806e8a45d9479490c040abf4[00^63]a0[00^30]0
529497,486880,62,42617,[00^30]08[00^31]0
529560,529432,32,128,[00^32]0
529592,527448,45,2144,20[00^31]c0[00^12]0
529637,519619,64,10018,176211869ca2b568f2a7d4ee941e073a821ee1ff[00^12]e5d7c2a44ffddf6b295a15c148167daaaf5cf34f[00^12]0
529701,527557,82,2144,ee4d6cb455015baaa34ee1d1eb70fcf3ad1ec6e3[00^28]64fa89b9[00^30]0
529784,503225,34,26559,a0[00^31]01000
529818,529562,62,256,[00^30]20[00^31]0
529880,519506,64,10374,02[00^31]40[00^30]010
529945,529881,32,64,[00^31]400
529981,529853,58,128,[00^27]02[00^30]0
530041,516908,76,13133,[00^31]20[00^31]a0[00^12]0
530137,529625,44,512,[00^12]176211869ca2b568f2a7d4ee941e073a821ee1ff[00^12]0
530181,481599,48,48582,4cbab02a5448605e95181489b6ec0404e721eb85[00^28]0
530229,528149,16,2080,733d6efc[00^12]0
530245,508231,64,22014,[00^19]60[00^12]176211869ca2b568f2a7d4ee941e073a821ee1ff[00^12]0
530309,529381,51,928,d1b47490209ccb7a806e8a45d9479490c040abf4[00^31]0
530360,529880,33,480,02[00^31]400
530393,529977,172,416,e756cac1[00^27]02[00^30]0140[00^31]20[00^31]a0[00^12]7160570bb153edd0ea1775ec2b2ac9b65f1ab61b[00^12]0
530565,516234,32,14331,7d43aabc515c356145049227cee54b608342c0ad[00^12]0
530597,516074,43,14523,7f72e0d8e9abf9133a92322b8b50bd8e0f9dcfcb[00^23]0
530649,516190,76,14459,[00^31]60[00^12]7d43aabc515c356145049227cee54b608342c0ad[00^12]0
530725,530309,83,416,d1b47490209ccb7a806e8a45d9479490c040abf4[00^31]02[00^31]0
530809,530445,11,364,[00^10]010
530825,528617,9,2208,[00^8]100
530841,493047,95,37794,[00^12]176211869ca2b568f2a7d4ee941e073a821ee1ff[00^12]e5d7c2a44ffddf6b295a15c148167daaaf5cf34f[00^30]010
530936,528248,153,2688,60[00^30]01a0[00^30]01e0[00^30]02[00^13]ee4d6cb455015baaa34ee1d1eb70fcf3ad1ec6e3[00^24]0
531089,530225,32,864,[00^4]733d6efc[00^24]0
531129,528441,184,2688,[00^62]0220[00^31]01[00^12]d1b47490209ccb7a806e8a45d9479490c040abf4[00^31]01[00^24]0
531313,530225,39,1088,[00^4]733d6efc[00^31]0
531352,528664,96,2688,[00^95]010
531449,528761,40,2688,7b22536f75726365223a22446566694c6c616d61222c22416d6f756e74496e555344223a223139330
531489,528832,18,2657,352e33333933353339343739393938222c220
531507,528814,18,2693,416d6f756e744f7574555344223a223139330
531537,521694,3,9843,3634320
531540,528847,68,2693,222c22526566657272616c223a22222c22466c616773223a332c22496e74656772697479496e666f223a7b224b65794944223a2231222c225369676e6174757265223a220
531712,520329,3,11383,3035340
531745,529136,3,2609,4839660
531784,528986,3,2798,716e750
531829,531695,3,134,6c71770
531949,529256,71,2693,413d3d227d7d[00^65]0
532021,531990,31,31,[00^30]030
532053,506560,31,25493,[00^30]060
532085,514496,31,17589,[00^30]070
532117,514485,50,17632,c0[00^40]073b02f9073782e7080
532168,514536,11,17632,8462590080846259008f830
532182,514550,26,17632,94287b3e8905d64ebbd503e6af028ac5207861381287ba8478ca0
532211,514579,256,17632,b90704d40eaf0a[00^31]60[00^57]0110d9316ec0[00^32]03[00^31]60[00^30]0260[00^30]0340[00^12]032b241de86a8660f1ae0691a40
532467,514835,36,17632,760b426ea246d7[00^25]ba8478ca0
532503,532208,3,295,b1899a0
532506,514874,252,17632,[00^31]01[00^63]a0[00^30]0124115ff67e[00^31]20[00^31]a0[00^12]287b3e8905d64ebbd503e6af028ac52078613812[00^23]040
532765,515133,30,17632,[00^26]ba8478ca0
532795,532503,31,292,b1899a[00^28]0
532826,515834,3,16992,64faa10
532830,515198,256,17632,[00^31]2b7d43aabc515c356145049227cee54b608342c0ad000bb8e5d7c2a44ffddf6b295a15c148167daaaf5cf34f[00^61]032b241de86a8660f1ae0691a4760b426ea246d7[00^63]01[00^36]0
533086,515454,256,17632,[00^27]a0[00^31]0412210e8a[00^40]80e38291e06339d10aab483c65695d004dbd5c69[00^63]01[00^63]a0[00^4]0
533342,515710,127,17632,[00^26]02642cc4081e[00^31]60[00^31]01[00^28]64faa10
533470,515838,152,17632,[00^31]01[00^31]20[00^31]60[00^12]7d43aabc515c356145049227cee54b608342c0ad[00^23]040
533622,532758,33,864,7990a92df9990a[00^26]0
533655,516023,256,17632,[00^6]01[00^31]20[00^12]7f72e0d8e9abf9133a92322b8b50bd8e0f9dcfcb[00^31]80[00^62]01[00^32]60[00^12]7d43aabc515c356145049227cee54b608342c0ad[00^12]39b98fe0d13ad4bd835f2005c90
533911,516279,135,17632,739f55ecff88b8[00^31]01[00^60]c0[00^35]0
534053,516518,3,17535,843b9a0
534058,498632,5,35426,831e8480940
534083,523778,3,10305,80b9010
534091,529503,25,4588,[00^24]080
534121,533977,46,144,[00^33]c0[00^12]0
534187,503763,44,30424,[00^30]0120[00^12]0
534251,533274,63,977,[00^63]0
534315,532885,21,1430,e5d7c2a44ffddf6b295a15c148167daaaf5cf34f000
534338,475875,64,58463,176211869ca2b568f2a7d4ee941e073a821ee1ff[00^44]0
534402,534306,9,96,[00^8]2b0
534411,534338,23,73,176211869ca2b568f2a7d4ee941e073a821ee1ff0000000
534434,532885,41,1549,e5d7c2a44ffddf6b295a15c148167daaaf5cf34f[00^21]0
534475,524905,51,9570,82e7088080[00^46]0
534530,516514,3,18016,6e82090
534534,516518,6,18016,843b9aca00830
534543,516527,23,18016,94ef95c5b6cbb66edefef66ee8ca5a05f3c2faeb9c80b90
534567,516551,29,18016,4479fbd3f6[00^24]0
534596,526106,5,8490,[00^4]330
534603,532313,96,2290,[00^32]03[00^31]60[00^30]020
534700,534686,12,14,[00^12]0
534732,516716,94,18016,[00^63]60[00^30]0
534828,518963,32,15865,[00^12]a219439258ca9da29e9cc4ce5596924745e12b930
534860,519443,127,15417,[00^31]40[00^31]02[00^31]40[00^30]010
534987,533081,64,1906,[00^32]a0[00^31]0
535051,517003,77,18048,0f[00^31]40[00^31]40[00^12]0
535128,533706,32,1422,7f72e0d8e9abf9133a92322b8b50bd8e0f9dcfcb[00^12]0
535160,490815,44,44345,7d43aabc515c356145049227cee54b608342c0ad[00^24]0
535204,534003,39,1201,[00^7]c0[00^31]0
535243,492882,64,42361,05[00^31]40[00^31]0
535308,535295,12,13,[00^12]0
535340,534751,44,589,[00^44]0
535384,534434,20,950,e5d7c2a44ffddf6b295a15c148167daaaf5cf34f0
535404,534475,50,929,82e7088080[00^45]0
535454,499390,8,36064,0232f9022f8303060
535468,499404,128,36064,83048d9c94cb566e3b6934fa77258d68ea18e931fa75e1aaaa80b902046c459a28[00^12]38de71124f7a447a01d67945a51edce9ff491251[00^31]80[00^28]64fad90
535597,499533,100,36064,[00^30]0140[00^31]84704316e5[00^31]b80
535729,529300,32,6429,[00^31]0a0
535761,535697,63,64,fa6b94d13d796b9cc0277fafd7b4a9b5b7af6e93e3fe0261479d160811e0679d[00^31]0
535824,524779,29,11045,[00^28]820
535926,535851,1,75,000
535973,535926,1,47,000
535982,499310,80,36672,1b[00^30]82e7088080[00^44]0
536068,500003,6,36065,8435a4e900830
536078,527105,20,8973,6131b5fae19ea4f9d964eac0408e4408b66337b50
536100,527187,256,8913,0824e21fd0e9[00^31]20[00^12]d1b47490209ccb7a806e8a45d9479490c040abf4[00^63]a0[00^30]03a0[00^30]05e0[00^30]02e0[00^26]0
536356,527443,50,8913,[00^5]20[00^31]c0[00^12]0
536406,527525,33,8881,176211869ca2b568f2a7d4ee941e073a821ee1ff[00^12]ee0
536439,504710,31,31729,eeeeeeeeeeeeeeeeeeeeeeeeeeeeeeeeeeeeee[00^12]0
536470,512668,20,23802,3d391afffed2255a2dd00325c3a96a5a8e023ff80
536490,529721,31,6769,[00^28]64fa890
536522,527609,256,8913,[00^30]0280[00^31]01[00^31]20[00^31]01[00^31]20[00^31]4063407a49[00^27]02[00^31]e00
536778,527865,44,8913,[00^12]d1b47490209ccb7a806e8a45d9479490c040abf4[00^12]0
536842,530841,92,6001,[00^12]176211869ca2b568f2a7d4ee941e073a821ee1ff[00^12]e5d7c2a44ffddf6b295a15c148167daaaf5cf34f[00^28]0
536938,531352,95,5586,[00^95]0
537034,524852,12,12182,[00^11]2e0
537050,536737,9,313,[00^8]020
537066,536394,76,672,[00^12]176211869ca2b568f2a7d4ee941e073a821ee1ff[00^12]eeeeeeeeeeeeeeeeeeeeeeeeeeeeeeeeeeeeeeee[00^12]0
537142,530917,128,6225,[00^18]0160[00^30]01a0[00^30]01e0[00^30]02[00^13]0
537270,536470,48,800,3d391afffed2255a2dd00325c3a96a5a8e023ff8[00^28]0
537318,536934,28,384,13ab6680[00^24]0
537354,531129,188,6225,[00^62]0220[00^31]01[00^12]d1b47490209ccb7a806e8a45d9479490c040abf4[00^31]01[00^28]0
537542,536934,99,608,13ab6680[00^95]0
537641,537482,32,159,[00^31]010
537674,531449,11,6225,7b22536f75726365223a220
537694,531469,17,6225,222c22416d6f756e74496e555344223a220
537714,531490,3,6224,2e33330
537717,531504,18,6213,222c22416d6f756e744f7574555344223a220
537741,489509,3,48232,3934340
537753,531540,68,6213,222c22526566657272616c223a22222c22466c616773223a332c22496e74656772697479496e666f223a7b224b65794944223a2231222c225369676e6174757265223a220
537890,537809,3,81,5369670
537963,535518,3,2445,7a447a0
538163,531950,23,6213,3d3d227d7d[00^18]0
538186,524905,53,13281,82e7088080[00^48]0
538239,519199,7,19040,7202f86f82e7080
538253,538248,4,5,8432aff40
538280,527908,2,10372,00d50
538282,519242,19,19040,80b844095ea7b3[00^12]0
538321,538215,24,106,[00^24]0
538351,480270,48,58081,0000c0[00^45]0
538399,480319,9,58080,7202f86f82e70803840
538408,519208,11,19200,3105b974843105b97483010
538419,500010,42,38409,635394176211869ca2b568f2a7d4ee941e073a821ee1ff80b844095ea7b3[00^12]0
538461,532966,48,5495,032b241de86a8660f1ae0691a4760b426ea246d7[00^28]0
538513,520433,46,18080,c0[00^44]010
538559,503359,3,35200,5402f90
538563,503363,4,35200,5082e7080
538568,473069,4,65499,843105070
538573,538568,5,5,843105077d0
538589,493378,2,45211,00900
538603,534083,3,4520,80b9010
538611,537387,30,1224,[00^29]020
538643,534155,13,4488,[00^12]0b0
538675,487010,29,51665,[00^28]0c0
538707,538611,44,96,[00^29]0250ed[00^12]0
538751,535000,51,3751,[00^19]a0[00^31]0
538867,491731,75,47136,1b[00^31]c0[00^42]0
538942,536062,5,2880,084ff9084c0
538957,536077,256,2880,946131b5fae19ea4f9d964eac0408e4408b66337b580b90824e21fd0e9[00^31]20[00^12]d1b47490209ccb7a806e8a45d9479490c040abf4[00^63]a0[00^30]03a0[00^30]05e0[00^30]02e00000000
539213,536333,137,2880,[00^28]20[00^31]c0[00^12]176211869ca2b568f2a7d4ee941e073a821ee1ff[00^12]eeeeeeeeeeeeeeeeeeeeeeeeeeeeeeeeeeeeeeee[00^12]0
539370,536490,31,2880,[00^28]64fa890
539402,536522,256,2880,[00^30]0280[00^31]01[00^31]20[00^31]01[00^31]20[00^31]4063407a49[00^27]02[00^31]e00
539658,536778,156,2880,[00^12]d1b47490209ccb7a806e8a45d9479490c040abf4[00^12]e8190c17f5071b98e3d3ab1d6a8e711884e10d22[00^12]176211869ca2b568f2a7d4ee941e073a821ee1ff[00^12]e5d7c2a44ffddf6b295a15c148167daaaf5cf34f[00^28]0
539814,539813,1,1,000
539818,536938,107,2880,[00^95]20[00^11]0
539930,513877,10,26053,[00^9]1b0
539946,537066,204,2880,[00^12]176211869ca2b568f2a7d4ee941e073a821ee1ff[00^12]eeeeeeeeeeeeeeeeeeeeeeeeeeeeeeeeeeeeeeee[00^30]0160[00^30]01a0[00^30]01e0[00^30]02[00^13]0
540150,539350,48,800,65337b9afc0ef799b452f90e32d02ca76461a95a[00^28]0
540198,539814,29,384,00c2247e[00^25]0
540234,537354,188,2880,[00^62]0220[00^31]01[00^12]d1b47490209ccb7a806e8a45d9479490c040abf4[00^31]01[00^28]0
540422,539814,99,608,00c2247e[00^95]0
540521,531416,44,9105,[00^31]01fa7b22536f75726365223a220
540565,537685,26,2880,6b7962657273776170222c22416d6f756e74496e555344223a220
540596,479923,3,60673,3630340
540600,521786,3,18814,3332350
540603,531500,3,9103,3939390
540606,531501,22,9105,393938222c22416d6f756e744f7574555344223a22310
540628,540592,3,36,322e370
540631,521727,3,18904,3238380
540637,520207,3,20430,3238330
540640,520275,3,20365,3130340
540644,528846,69,11798,38222c22526566657272616c223a22222c22466c616773223a332c22496e74656772697479496e666f223a7b224b65794944223a2231222c225369676e6174757265223a220
541054,531949,12,9105,413d3d227d7d[00^6]0
541066,538186,53,2880,82e7088080[00^48]0
541119,519039,7,22080,7102f86e82e7080
541127,520390,11,20737,842f8e89be842f8e89c8820
541141,535160,20,5981,7d43aabc515c356145049227cee54b608342c0ad0
541161,538442,19,2719,80b844095ea7b3[00^12]0
541180,533190,43,7990,80e38291e06339d10aab483c65695d004dbd5c69[00^23]0
541223,481482,9,59741,01cc88d6729bd9dced0
541233,541073,46,160,[00^46]0
541279,508927,7,32352,7902f87682e7080
541286,480997,3,60289,16842f0
541289,519370,9,21919,8e89be842f8e89c8830
541329,508977,3,32352,00b8440
541336,488145,102,53191,[00^31]01[00^31]01c0[00^37]0
541438,520990,12,20448,01f402f901f082e70880842f0
541450,541289,10,161,8e89be842f8e89c883020
541460,521012,222,20448,05aa940872ec4426103482a50f26ffc32acefcec61b3c980b901c4d4dfd6bc[00^127]01[00^31]01[00^28]6522110
541683,523978,160,17705,[00^63]05[00^62]0140[00^31]410
541907,521459,76,20448,1c[00^31]c0[00^42]010
541983,502463,3,39520,5b02f90
541987,502467,4,39520,5782e7080
541992,519368,12,22624,842f8e89be842f8e89c883030
542007,538461,20,3546,032b241de86a8660f1ae0691a4760b426ea246d70
542028,520780,4,21248,470de4df0
542033,508465,4,33568,0000b9010
542042,532638,76,9404,[00^31]20[00^31]a0[00^12]0
542138,520755,29,21383,[00^25]470de4df0
542168,541952,31,216,[00^30]010
542202,539370,31,2832,[00^28]64fa890
542234,534283,96,7951,[00^31]2be5d7c2a44ffddf6b295a15c148167daaaf5cf34f0001f4176211869ca2b568f2a7d4ee941e073a821ee1ff[00^21]0
542330,534010,37,8320,c0[00^35]010
542367,541983,8,384,5b02f9015782e7080
542375,541447,12,928,80842f8e89be842f8e89c8830
542419,542035,3,384,b901240
542426,542335,31,91,[00^31]0
542458,504051,95,38407,[00^31]60[00^31]a0[00^31]0
542559,541179,2,1380,00800
542574,541766,43,808,[00^43]0
542618,539624,31,2994,0002[00^29]0
542652,540272,25,2380,[00^24]020
542682,528435,3,14247,0000500
542685,542555,29,130,65d26cf60080425710e2d76079bb4e3e3419c9[00^10]0
542715,538203,44,4512,[00^36]7202f86f82e708810
542760,541127,11,1633,842f8e89be842f8e89c8820
542773,538261,40,4512,944af15ec2a0bd43db75dd04e62faa3b8ef36b00d580b844095ea7b3[00^12]0
542813,541180,20,1633,80e38291e06339d10aab483c65695d004dbd5c690
542833,519281,78,23552,ffffffffffffffffffffffffffffffffffffffffffffffffffffffffffffffffc0[00^44]020
542912,519360,3,23552,02f9020
542916,520386,14,22530,82e70819842f8e89be842f8e89c80
542935,488316,20,54619,685cea02c4a8ba4d6279e882bdd90129c1267cd00
542964,490604,3,52360,b902640
542971,529817,158,13154,[00^31]20[00^31]02[00^31]40[00^30]01e0[00^30]0
543135,530841,94,12294,[00^12]176211869ca2b568f2a7d4ee941e073a821ee1ff[00^12]e5d7c2a44ffddf6b295a15c148167daaaf5cf34f[00^30]0
543231,542620,30,611,[00^29]030
543263,543231,30,32,[00^29]030
543295,542974,29,321,[00^28]200
543327,533121,25,10206,[00^24]040
543352,542957,7,395,b7ec32bafca47c0
543359,519736,29,23623,[00^28]1e0
543391,543327,25,64,[00^24]040
543423,518753,13,24670,[00^12]970
543436,496913,19,46523,7111160f89b83f43ad0ec11ac65f69810697e20
543455,519411,31,24044,[00^28]64fa860
543487,486276,60,57211,[00^59]040
543547,533146,32,10401,12210e8a[00^28]0
543580,524956,36,18624,[00^34]021c0
543616,542912,3,704,02f9020
543620,542916,3,704,82e7080
543624,508935,12,34689,842f8de966842f8de96f83050
543638,508438,21,35200,94f82537fb6c56a3b50092d3951f84f5f6c835b4f50
543666,542033,4,1633,0000b9010
543671,519407,35,24264,5ae401dc[00^28]64fa860
543707,516844,126,26863,[00^31]40[00^31]01[00^31]20[00^30]0
543839,542971,63,868,[00^31]20[00^31]0
543903,491866,13,52037,[00^12]760
543935,543809,25,126,[00^24]010
543960,543661,7,299,1c37937e0800000
543967,532130,29,11837,[00^28]070
543999,543871,31,128,[00^31]0
544031,543179,21,852,e5d7c2a44ffddf6b295a15c148167daaaf5cf34f000
544054,535160,21,8894,7d43aabc515c356145049227cee54b608342c0ad000
544077,520575,51,23502,eb466342c4d449bc9f53a865d5cb90586f405215[00^31]0
544128,508352,63,35776,[00^27]c0[00^34]010
544191,506111,8,38080,1a02f9011682e7080
544199,508934,12,35265,01842f8de966842f8de96f830
544214,506134,22,38080,948731d54e9d02c286767d56ac03e8037c07e01e98870
544242,490130,128,54112,96b8e41114cd2a[00^31]6e[00^12]240f58621fcb510fd96c58983e93234525d12ce7[00^31]a0[00^25]0
544375,544317,27,58,[00^27]0
544408,490296,102,54112,[00^32]14240f58621fcb510fd96c58983e93234525d12ce7[00^12]c0[00^36]0
544510,521886,9,22624,013302f9012f82e7080
544519,491271,11,53248,08842f8de966842f8de96f0
544530,521906,128,22624,827e5494d1a3abf42f9e66be86cfdea8c5c2c74f041c5e1480b901045b7d7482[00^31]40[00^31]a0[00^31]400
544662,489466,3,55196,6235310
544665,505416,3,39249,3938340
544677,520215,3,24462,3862610
544680,505915,3,38765,3564390
544694,505510,3,39184,6237660
544706,489150,3,55556,6361350
544712,489362,3,55350,6534360
544717,505430,3,39287,3833630
544722,522098,33,22624,[00^31]40330
544755,479860,3,64895,3638320
544761,505404,3,39357,3161660
544764,521805,3,22959,6266350
544768,522189,3,22579,3465650
544793,489459,4,55334,613938350
544797,521708,5,23089,33363137380
544802,520187,3,24615,6630660
544805,479836,3,64969,6361610
544818,521842,53,22976,c0[00^43]013302f9012f82e7080
544871,544519,139,352,08842f8de966842f8de96f827e5494d1a3abf42f9e66be86cfdea8c5c2c74f041c5e1480b901045b7d7482[00^31]40[00^31]a0[00^31]400
545010,521807,3,23203,3536310
545018,520233,3,24785,3232320
545028,479949,3,65079,3137630
545032,489140,3,55892,3037320
545038,544691,3,347,6665350
545046,544791,3,255,3065610
545052,505946,3,39106,3862310
545061,545059,3,2,3731370
545064,545048,3,16,6134620
545068,544807,3,261,6133640
545071,544659,3,412,3339380
545074,544626,34,448,[00^31]4063330
545116,506019,3,39097,3630620
545120,505396,3,39724,6661640
545123,522088,3,23035,3834610
545127,522086,3,23041,3165380
545132,505517,3,39615,6462320
545137,520220,3,24917,3233370
545147,544772,3,375,6634310
545155,545113,3,42,3830650
545159,479855,3,65304,3733300
545162,505914,3,39248,3635640
545165,489517,3,55648,6235300
545171,519315,52,25856,[00^43]027402f9027082e7080
545223,508423,12,36800,02842f8de966842f8de96f830
545238,543638,21,1600,94f82537fb6c56a3b50092d3951f84f5f6c835b4f50
545259,519403,39,25856,80b902445ae401dc[00^28]64fa860
545298,543706,64,1592,29[00^31]40[00^31]0
545362,519506,195,25856,02[00^31]40[00^30]0160[00^31]e404e45aaf[00^12]176211869ca2b568f2a7d4ee941e073a821ee1ff[00^12]e5d7c2a44ffddf6b295a15c148167daaaf5cf34f[00^30]0
545559,492282,61,53277,[00^31]02[00^28]010
545620,509197,3,36423,cdb4b80
545623,545369,26,254,[00^25]400
545655,519799,121,25856,[00^91]4449404b7c[00^25]0
545776,545648,19,128,40d658bc4817ad[00^12]0
545795,512968,20,32827,e821e4b24562b8f659dbd1997bd42c8e9b01a8cc0
545815,493399,72,52416,[00^28]c0[00^43]0
545891,544196,15,1695,82e70801842f8de966842f8de96f830
545909,508949,21,36960,94009a0b7c38b542208936f1179151cd08e29438330
545937,539466,76,6471,[00^31]20[00^31]01[00^12]0
546013,508996,20,37017,c7d8489dae3d2ebef075b1db2257e2c231c9d2310
546034,545701,45,333,[00^45]0
546079,493471,6,52608,3102ef82e7080
546091,546086,4,5,842e15660
546096,524873,4,21223,825208940
546118,546078,1,40,000
546125,524516,3,21609,4000800
546128,509200,100,36928,c0[00^45]010df9010a01842aea5400829d78940872ec4426103482a50f26ffc32acefcec61b3c980b8e4f242432a[00^12]0
546228,525392,20,20836,6fbd15b97c874984c8dbe899bfb7038494a7ff520
546248,509960,256,36288,[00^12]aec3cacef9457ff2821d9f85429ce3d90b001459[00^31]05[00^31]01[00^31]a0[00^64]82e7088080[00^49]01eff901ec80842aea540
546504,510216,225,36288,0083015f90940872ec4426103482a50f26ffc32acefcec61b3c980b901c4d4dfd6bc[00^127]01[00^31]01[00^28]6514170
546730,541683,160,5047,[00^63]05[00^62]0140[00^31]410
546913,546888,1,25,000
546954,484266,85,62688,1c[00^31]82e7088080[00^47]010
547039,546175,53,864,0df9010a01842aea5400829d78940872ec4426103482a50f26ffc32acefcec61b3c980b8e4f242432a[00^12]0
547092,525412,20,21680,a9edeba478fff66f7851cd5de570f893d6ae8ec30
547112,494248,256,52864,[00^12]aec3cacef9457ff2821d9f85429ce3d90b001459[00^31]05[00^31]01[00^31]a0[00^64]82e7088080[00^49]01eff901ec80842aea540
547368,494504,225,52864,0083015f90940872ec4426103482a50f26ffc32acefcec61b3c980b901c4d4dfd6bc[00^127]01[00^31]01[00^28]6514150
547594,546730,160,864,[00^63]05[00^62]0140[00^31]410
547818,484266,256,63552,1c[00^31]82e7088080[00^47]01eff901ec80842aea540083015f90940872ec4426103482a50f26ffc32acefcec61b3c980b901c4d4dfd6bc[00^127]010
548074,484522,62,63552,[00^31]01[00^28]65140
548138,547594,160,544,[00^63]05[00^62]0140[00^31]410
548304,526813,2,21491,005a0
548330,546227,2,2103,006f0
548362,547818,97,544,1c[00^31]82e7088080[00^47]01eff901ec80842aea540083010
548459,485099,222,63360,591c940872ec4426103482a50f26ffc32acefcec61b3c980b901c4d4dfd6bc[00^127]01[00^31]01[00^28]6522120
548682,548138,160,544,[00^63]05[00^62]0140[00^31]410
548906,524202,87,24704,1c[00^31]82e7088080[00^48]2ceb0
548993,484897,10,64096,51842aea5400825208940
549010,505010,2,44000,00d00
549023,524415,66,24608,865af3107a40008082e7088080[00^51]2ceb0
549089,548993,10,96,51842aea5400825208940
549119,549023,76,96,865af3107a40008082e7088080[00^51]2ceb51842aea5400825208940
549206,543994,2,5212,00070
549215,549119,64,96,865af3107a40008082e7088080[00^51]0
549279,490527,33,58752,[00^31]02940
549332,533898,20,15434,39b98fe0d13ad4bd835f2005c9739f55ecff88b80
549372,525072,20,24300,55663dd72a8730d4fd90f2181bb403b5c5e3c7740
549392,512648,40,36744,b8ff877ed78ba520ece21b1de7843a8a57ca47cb3d391afffed2255a2dd00325c3a96a5a8e023ff80
549472,497152,20,52320,905ef06810b5d168d0c8d351593ed5d1880dbc280
549492,540150,20,9342,65337b9afc0ef799b452f90e32d02ca76461a95a0
549512,486044,20,63468,2c9947b165e0c718a3cbf7d39e8e80d79cc9f5d90
549572,542118,20,7454,d15b3ac5c7b448b371537ea8a8ac6e95f298774e0
549592,542684,20,6908,5065d26cf60080425710e2d76079bb4e3e3419c90
549632,543435,20,6197,977111160f89b83f43ad0ec11ac65f69810697e20
549652,543915,20,5737,768bf1e818b88d9899d21850d9535c9856576ae90
549672,544441,20,5231,240f58621fcb510fd96c58983e93234525d12ce70
549732,545795,20,3937,e821e4b24562b8f659dbd1997bd42c8e9b01a8cc0
549752,485964,20,63788,42601170d8cb28522671979bd89a708b93ac11b10
549772,486064,20,63708,b7e5462af10b5386ffa973f7a0f3a51f5b37c2100
549792,546228,20,3564,6fbd15b97c874984c8dbe899bfb7038494a7ff520
549812,524299,20,25513,6a97863f0ae8314798c87b7f21126ac79487082c0
549832,547092,20,2740,a9edeba478fff66f7851cd5de570f893d6ae8ec30
549852,524491,20,25361,ac4cf2a362e636080733e9b65d3989c42daf97e40
549872,524395,20,25477,ccce7918b489b838b820713305ad05aafd3c04200
549892,524877,20,25015,878a7994197676f430b684c9bc27942a430cb2010
549912,497352,20,52560,f269e8574583c27fe74b69b3f998a64efd8d04480
549932,497312,20,52620,c65347b43019f8f453d7b486d259fd6146da334e0
549952,497372,20,52580,40082e6f1c15d2b27b3de80cb7ad04e9ed1219000
549972,549971,75,1,[00^75]0
550048,547208,62,2840,[00^31]a0[00^30]0
550112,526752,62,23360,[00^30]5a80[00^30]0
550176,535666,31,14510,[00^30]b80
550239,502287,31,47952,1f[00^28]64fa0
550272,544124,62,6148,[00^31]c0[00^30]0
550336,514176,31,36160,[00^30]2a0
550367,549152,32,1215,[00^31]2c0
550399,550015,32,384,[00^32]0
550432,534605,62,15827,[00^30]03[00^31]0
550496,486816,62,63680,[00^30]06[00^31]0
550560,535021,31,15539,[00^30]0f0
550592,550560,30,32,[00^30]0
550624,527061,31,23563,[00^30]130
550656,550624,31,32,[00^30]130
550687,550623,32,64,80[00^30]130
550720,544410,31,6310,[00^30]140
550751,497919,32,52832,80[00^30]160
550784,513760,31,37024,[00^30]170
550816,513792,31,37024,[00^30]190
550848,513792,62,37056,[00^30]19a0[00^30]0
550912,504378,31,46534,[00^30]1c0
550943,487327,32,63616,e0[00^30]1d0
550976,498048,31,52928,[00^30]1e0
551007,513951,32,37056,80[00^30]200
551040,525888,31,25152,[00^30]220
551071,487487,32,63584,c0[00^30]240
551104,514080,31,37024,[00^30]260
551136,551104,31,32,[00^30]260
551168,551136,31,32,[00^30]260
551199,540105,32,11094,e0[00^30]020
551231,535455,7,15776,32f9022f8303060
551239,499399,3,51840,843ad30
551244,535468,128,15776,83048d9c94cb566e3b6934fa77258d68ea18e931fa75e1aaaa80b902046c459a28[00^12]38de71124f7a447a01d67945a51edce9ff491251[00^31]80[00^28]64fad90
551373,498925,100,52448,[00^30]0140[00^31]84704316e5[00^31]6f0
551505,544409,32,7096,[00^31]140
551537,551473,63,64,abaed32e7b5671ba76c34c9525a6781313a1eb43f6abca32361b25d5a67acb72[00^31]0
551600,548910,29,2690,[00^28]820
551758,499918,84,51840,1c[00^30]82e7088080[00^45]6df86b0
551843,500003,7,51840,8435a4e90083010
551852,538261,60,13591,944af15ec2a0bd43db75dd04e62faa3b8ef36b00d580b844095ea7b3[00^12]bc7f67fa9c72f9fccf917cbcee2a50deb031462a0
551912,542834,31,9078,ffffffffffffffffffffffffffffffffffffffffffffffffffffffffffffff0
551944,500104,66,51840,82e7088080[00^49]079e02f9079a82e7080a84310
552013,552008,4,5,843106760
552018,500178,3,51840,83043e0
552022,500182,41,51840,940cab6977a9c70e04458b740476b498b21401964186accdd281e000b90768a4d73041[00^4]0acd0
552065,500225,3,51840,64f83b0
552069,500485,20,51584,fe952def1c0e295048374ccd0b8ebe7001f1123e0
552097,500257,3,51840,651fc80
552101,539990,20,12111,eeeeeeeeeeeeeeeeeeeeeeeeeeeeeeeeeeeeeeee0
552133,504965,20,47168,7538262ae993ca117a0e481f908209137a46268e0
552212,537044,2,15168,002e0
552217,500377,64,51840,[00^31]c0[00^30]06800
552281,517708,13,34573,[00^12]230
552294,500454,81,51840,e0c0e69d69659089f15f1c90c52909d3131888003201[00^6]c803e8fe952def1c0e295048374ccd0b8ebe7001f1123e[00^6]accdd281e0[00^19]0
552377,502041,31,50336,[00^6]accdd281e0[00^19]0c0
552409,502073,31,50336,[00^6]accdd281e0[00^19]090
552441,552345,31,96,[00^6]accdd281e0[00^19]120
552473,552409,31,64,[00^6]accdd281e0[00^19]090
552505,552473,31,32,[00^6]accdd281e0[00^19]090
552537,552441,31,96,[00^6]accdd281e0[00^19]120
552569,552377,31,192,[00^6]accdd281e0[00^19]0c0
552601,552505,31,96,[00^6]accdd281e0[00^19]090
552633,552537,31,96,[00^6]accdd281e0[00^19]120
552665,552601,31,64,[00^6]accdd281e0[00^19]090
552697,552569,31,128,[00^6]accdd281e0[00^19]0c0
552729,552665,31,64,[00^6]accdd281e0[00^19]090
552761,501785,31,50976,[00^6]accdd281e0[00^19]0d0
552793,552633,31,160,[00^6]accdd281e0[00^19]120
552825,501593,31,51232,[00^6]accdd281e0[00^19]070
552857,552793,31,64,[00^6]accdd281e0[00^19]120
552889,552825,31,64,[00^6]accdd281e0[00^19]070
552921,552889,31,32,[00^6]accdd281e0[00^19]070
552953,552761,31,192,[00^6]accdd281e0[00^19]0d0
552985,552921,31,64,[00^6]accdd281e0[00^19]070
553017,552953,31,64,[00^6]accdd281e0[00^19]0d0
553049,552857,31,192,[00^6]accdd281e0[00^19]120
553081,552729,31,352,[00^6]accdd281e0[00^19]090
553113,552985,31,128,[00^6]accdd281e0[00^19]070
553145,553049,31,96,[00^6]accdd281e0[00^19]120
553177,553017,31,160,[00^6]accdd281e0[00^19]0d0
553209,553145,31,64,[00^6]accdd281e0[00^19]120
553241,553081,31,160,[00^6]accdd281e0[00^19]090
553273,553113,31,160,[00^6]accdd281e0[00^19]070
553305,553177,31,128,[00^6]accdd281e0[00^19]0d0
553337,553241,31,96,[00^6]accdd281e0[00^19]090
553369,553273,31,96,[00^6]accdd281e0[00^19]070
553401,553209,31,192,[00^6]accdd281e0[00^19]120
553433,553369,31,64,[00^6]accdd281e0[00^19]070
553465,553337,31,128,[00^6]accdd281e0[00^19]090
553497,553401,31,96,[00^6]accdd281e0[00^19]120
553529,553305,31,224,[00^6]accdd281e0[00^19]0d0
553561,553433,31,128,[00^6]accdd281e0[00^19]070
553593,553465,31,128,[00^6]accdd281e0[00^19]090
553625,553593,31,32,[00^6]accdd281e0[00^19]090
553657,553497,31,160,[00^6]accdd281e0[00^19]120
553689,553657,31,32,[00^6]accdd281e0[00^19]120
553721,553561,31,160,[00^6]accdd281e0[00^19]070
553753,553529,31,224,[00^6]accdd281e0[00^19]0d0
553785,553689,31,96,[00^6]accdd281e0[00^19]120
553817,553753,31,64,[00^6]accdd281e0[00^19]0d0
553849,553625,31,224,[00^6]accdd281e0[00^19]090
553881,501561,31,52320,[00^6]accdd281e0[00^19]100
553913,553817,31,96,[00^6]accdd281e0[00^19]0d0
553945,502105,38,51840,801aa9b9c0[00^32]010
553983,541439,10,12544,f402f901f082e70880840
553997,553992,4,5,843105c70
554002,512041,224,41961,8301591c940872ec4426103482a50f26ffc32acefcec61b3c980b901c4d4dfd6bc[00^127]01[00^31]01[00^28]6522110
554227,548682,160,5545,[00^63]05[00^62]0140[00^31]410
554451,541907,75,12544,1c[00^31]c0[00^42]0
554526,551838,4,2688,006df86b0
554531,553997,4,534,843105c70
554536,519217,96,35319,83011c4294176211869ca2b568f2a7d4ee941e073a821ee1ff80b844095ea7b3[00^12]1d0188c4b276a09366d05d6be06af61a73bc7535ffffffffffffffffffffffffffffffffffffffffffffffffffffffffffffffff0
554632,498728,55,55904,82e7088080[00^49]020
554692,554531,6,161,843105c7de830
554701,545238,59,9463,94f82537fb6c56a3b50092d3951f84f5f6c835b4f580b902445ae401dc[00^28]64fa0
554762,545299,256,9463,[00^31]40[00^31]02[00^31]40[00^30]0160[00^31]e404e45aaf[00^12]176211869ca2b568f2a7d4ee941e073a821ee1ff[00^12]e5d7c2a44ffddf6b295a15c148167daaaf5cf34f[00^28]0
555018,545555,64,9463,000009c4[00^31]02[00^28]0
555082,555081,1,1,000
555086,550885,26,4201,[00^25]1a0
555118,545655,121,9463,[00^91]4449404b7c[00^25]0
555239,555111,19,128,1ab0498dd3a35e[00^12]0
555278,548910,81,6368,[00^28]82e7088080[00^48]0
555359,520383,6,34976,3202f082e7080
555365,519367,3,35998,15842f0
555370,555365,5,5,15842f8d880
555376,549191,4,6185,825208940
555407,546126,48,9281,0080c0[00^45]0
555458,555362,3,96,82e7080
555462,555366,10,96,842f8d8815842f8d881f0
555472,493489,78,61983,83010b3694cce9d3f392c135dc038b147ca73ec496f7f89d938084183ff085c0[00^46]0
555550,541118,8,14432,007102f86e82e7080
555558,521543,4,34015,04842f8d0
555562,555369,8,193,8815842f8d881f820
555573,544077,20,11496,eb466342c4d449bc9f53a865d5cb90586f4052150
555593,554561,19,1032,80b844095ea7b3[00^12]0
555612,520503,20,35109,438670d41d5118003b2f42cc0466fbadd760dbf40
555632,555025,29,607,[00^28]020
555664,546128,47,9536,c0[00^45]010
555711,508415,8,47296,db02f901d782e7080
555720,555462,11,258,842f8d8815842f8d881f830
555734,519382,21,36352,94678aa4bf4e210cf2166753e054d5b7c31cc7fa860
555761,504304,3,51457,8000b90
555764,508468,36,47296,01a45ae401dc[00^28]64fa0
555802,508506,240,47296,[00^31]40[00^31]01[00^31]20[00^31]e404e45aaf[00^12]e5d7c2a44ffddf6b295a15c148167daaaf5cf34f[00^12]176211869ca2b568f2a7d4ee941e073a821ee1ff[00^31]64[00^12]0
556042,497032,20,59010,89a4bc5894638349219fac69d0c1df27204d68000
556062,555635,26,427,[00^25]020
556088,555757,6,331,21b262dd80000
556094,513601,30,42493,[00^29]0e0
556126,533950,97,22176,[00^60]c0[00^35]010
556223,521535,12,34688,3302f9012f82e70804842f8d0
556235,555562,8,673,8815842f8d881f820
556243,544883,127,11360,7e5494d1a3abf42f9e66be86cfdea8c5c2c74f041c5e1480b901045b7d7482[00^31]40[00^31]a0[00^31]400
556374,545124,3,11250,3461300
556380,544787,3,11593,3864300
556392,521693,3,34699,6436340
556398,522140,3,34258,6530620
556401,545130,3,11271,6437640
556410,545151,3,11259,6336650
556413,545013,3,11400,3064310
556417,521734,3,34683,6239620
556428,522172,3,34256,6430370
556434,544978,33,11456,[00^31]40350
556481,520287,3,36194,3261630
556489,556472,4,17,366264630
556512,521808,3,34704,3631380
556519,505518,3,51001,6232300
556527,556427,3,100,6364300
556530,544818,53,11712,c0[00^43]013302f9012f82e7080
556584,556232,138,352,842f8d8815842f8d881f827e5494d1a3abf42f9e66be86cfdea8c5c2c74f041c5e1480b901045b7d7482[00^31]40[00^31]a0[00^31]400
556726,544712,3,12014,6534360
556731,520310,3,36421,3530340
556736,544666,3,12070,3834640
556743,505427,3,51316,6265650
556750,545111,3,11639,6365380
556756,531711,3,25045,6430350
556759,522130,4,34629,333461660
556764,556428,3,336,6430370
556769,545128,3,11641,6538640
556772,545032,4,11740,303732360
556782,531498,4,25284,343739390
556786,556690,32,96,[00^31]400
556818,505413,3,51405,3766660
556821,522178,3,34643,3037660
556827,556485,3,342,3034630
556834,505933,4,50901,623931340
556838,556823,3,15,6637380
556848,505941,3,50907,6461380
556851,520230,3,36621,3239360
556856,506014,3,50842,3032310
556864,531536,4,25328,323634320
556870,556744,3,126,6565350
556873,556774,3,99,3236370
556883,555411,50,1472,[00^44]3002ee82e7080
556939,556934,4,5,842f82ca0
556944,555472,78,1472,83010b3694cce9d3f392c135dc038b147ca73ec496f7f89d938084183ff085c0[00^46]0
557024,556576,3,448,02f9010
557028,542372,6,14656,82e70880842f0
557034,556936,9,98,82ca84842f82ca8e830
557046,544214,21,12832,948731d54e9d02c286767d56ac03e8037c07e01e980
557074,544241,52,12833,9296b8e41114cd2a[00^31]6e[00^12]0
557146,556658,56,488,[00^31]a0[00^24]0
557202,543959,32,13243,011c37937e08[00^26]0
557240,556989,33,251,[00^33]0
557274,557126,32,148,47fa3f0393d9f04bea2d05406d53c4083b9ed75a[00^12]0
557306,556186,37,1120,c0[00^35]010
557343,555711,8,1632,db02f901d782e7080
557357,557352,4,5,842f7d850
557366,555734,22,1632,94678aa4bf4e210cf2166753e054d5b7c31cc7fa86870
557393,508465,39,48928,0000b901a45ae401dc[00^28]64fa0
557432,555800,228,1632,85bd[00^31]40[00^31]01[00^31]20[00^31]e404e45aaf[00^12]e5d7c2a44ffddf6b295a15c148167daaaf5cf34f[00^12]176211869ca2b568f2a7d4ee941e073a821ee1ff[00^30]0
557662,493367,57,64295,[00^12]905ef06810b5d168d0c8d351593ed5d1880dbc28[00^25]0
557719,557388,7,331,b1a2bc2ec500000
557726,543518,29,14208,[00^28]040
557758,516318,97,41440,[00^60]c0[00^36]0
557855,493471,7,64384,3102ef82e708810
557863,557352,11,511,842f7d8575842f7d857f830
557874,556945,76,929,010b3694cce9d3f392c135dc038b147ca73ec496f7f89d938084183ff085c0[00^45]0
557950,547038,54,10912,010df9010a01842aea5400829d78940872ec4426103482a50f26ffc32acefcec61b3c980b8e4f242432a[00^12]0
558024,547112,256,10912,[00^12]aec3cacef9457ff2821d9f85429ce3d90b001459[00^31]05[00^31]01[00^31]a0[00^64]82e7088080[00^49]01eff901ec80842aea540
558280,547368,224,10912,0083015f90940872ec4426103482a50f26ffc32acefcec61b3c980b901c4d4dfd6bc[00^127]01[00^31]01[00^28]65140
558506,554227,160,4279,[00^63]05[00^62]0140[00^31]410
558730,547818,256,10912,1c[00^31]82e7088080[00^47]01eff901ec80842aea540083015f90940872ec4426103482a50f26ffc32acefcec61b3c980b901c4d4dfd6bc[00^127]010
558986,548074,62,10912,[00^31]01[00^28]65140
559050,558506,160,544,[00^63]05[00^62]0140[00^31]410
559242,540341,3,18901,00d1b40
559274,511210,256,48064,1b[00^31]82e7088080[00^47]01eff901ec80842aea540083015f90940872ec4426103482a50f26ffc32acefcec61b3c980b901c4d4dfd6bc[00^127]010
559530,511466,63,48064,[00^31]01[00^28]6514160
559594,559050,160,544,[00^63]05[00^62]0140[00^31]410
559818,546954,138,12864,1c[00^31]82e7088080[00^47]010df9010a01842aea5400829d78940872ec4426103482a50f26ffc32acefcec61b3c980b8e4f242432a[00^12]0
559976,558024,246,1952,[00^12]aec3cacef9457ff2821d9f85429ce3d90b001459[00^31]05[00^31]01[00^31]a0[00^64]82e7088080[00^49]0
560222,524286,13,35936,002ceb4d842aea5400825208940
560254,524510,65,35744,e4865af3107a40008082e7088080[00^51]0
560322,560226,9,96,842aea5400825208940
560351,511967,77,48384,865af3107a40008082e7088080[00^50]01eff901ec80842aea54008301590
560429,554006,220,6423,940872ec4426103482a50f26ffc32acefcec61b3c980b901c4d4dfd6bc[00^127]01[00^31]01[00^28]6522110
560650,559594,160,1056,[00^63]05[00^62]0140[00^31]410
560867,507334,2,53533,008b0
560874,496714,116,64160,1c[00^31]82e7088080[00^79]0
560992,549392,40,11600,b8ff877ed78ba520ece21b1de7843a8a57ca47cb3d391afffed2255a2dd00325c3a96a5a8e023ff80
561032,552089,8,8943,bf8248d17d9ca7690
561040,552121,12,8919,372eeee6baefdb307e6f0cd90
561053,560989,1,64,000
561092,555258,20,5834,c580de5739fdcfc0bbae90d362f22226d39c113b0
561112,525232,20,35880,859e8a75af297726c506d297613af5bd396ff61c0
561152,525252,20,35900,d42aa370fcd06c683b7154ffa799a8e00ac0121e0
561172,556042,20,5130,89a4bc5894638349219fac69d0c1df27204d68000
561252,557274,20,3978,47fa3f0393d9f04bea2d05406d53c4083b9ed75a0
561272,557674,20,3598,905ef06810b5d168d0c8d351593ed5d1880dbc280
561312,558004,20,3308,bc0a8765716721371096a903b7a1c624bb168a890
561372,518716,3,42656,ff0bc80
561392,559956,20,1436,c080831b236a8cfbd6de0ee05c43394f987ece850
561412,513128,20,48284,f6f8b5bc021ff67a9932346447dd7e78aa6742240
561432,513108,20,48324,9dbad420963e53775a51ea9aad4afa3af6e5d7530
561472,560958,32,514,[00^32]0
561536,550240,31,11296,[00^28]64fa840
561568,557787,62,3781,[00^31]c0[00^30]0
561631,561599,32,32,c0[00^30]2a0
561664,513344,31,48320,[00^30]2d0
561696,525760,94,35936,[00^31]21[00^30]0420[00^30]0
561791,497727,32,64064,80[00^30]040
561824,560683,31,1141,[00^30]050
561856,551968,31,9888,[00^30]070
561888,513568,31,48320,[00^30]0b0
561920,561888,30,32,[00^30]0
561951,517569,64,44382,[00^31]0d[00^31]0d0
562016,561984,31,32,[00^30]0d0
562048,550560,31,11488,[00^30]0f0
562080,562048,31,32,[00^30]0f0
562112,497856,31,64256,[00^30]110
562143,561983,31,160,[00^31]0
562176,513696,31,48480,[00^30]150
562208,562176,31,32,[00^30]150
562240,550401,31,11839,[00^30]180
562272,562240,31,32,[00^30]180
562303,550879,32,11424,a0[00^30]1a0
562335,562143,31,192,[00^31]0
562367,513823,63,48544,a0[00^30]1b[00^31]0
562431,513887,32,48544,60[00^30]1d0
562464,550976,31,11488,[00^30]1e0
562496,525538,31,36958,[00^30]1f0
562528,513952,63,48576,[00^30]20e0[00^30]220
562592,517690,31,44902,[00^30]230
562624,525920,31,36704,[00^30]250
562656,562624,30,32,[00^30]0
562687,525951,63,36736,a0[00^30]28[00^31]0
562752,562720,31,32,[00^30]290
562784,514400,39,48384,[00^31]3602f482e70882ab0
562824,514440,16,48384,8502040eba5285026b44df95825a3c940
562860,514476,50,48384,87354a6ba7a1800780c0[00^40]0
562910,562814,9,96,003602f482e70882ab0
562920,562824,16,96,8502040eba5285026b44df95825a3c940
562956,562860,51,96,87354a6ba7a1800780c0[00^41]0
563007,554527,3,8480,6df86b0
563016,554536,64,8480,83011c4294176211869ca2b568f2a7d4ee941e073a821ee1ff80b844095ea7b3[00^12]1d0188c4b276a09366d05d6be06af61a73bc75350
563080,561858,29,1222,[00^28]070
563111,498727,63,64384,0082e7088080[00^49]0232f9022f8303060
563175,551239,233,11936,843ad3bca483048d9c94cb566e3b6934fa77258d68ea18e931fa75e1aaaa80b902046c459a28[00^12]38de71124f7a447a01d67945a51edce9ff491251[00^31]80[00^28]64fad909[00^30]0140[00^31]84704316e5[00^31]0
563440,551504,33,11936,72[00^31]140
563473,563409,63,64,965b76bdec6e193347f103cb9ea805908d191a800a9d444d190fbf787b494e72[00^31]0
563536,560878,29,2658,[00^28]820
563582,546012,2,17570,00c70
563694,551758,80,11936,1c[00^30]82e7088080[00^44]0
563774,517182,8,46592,0392f9038f8303050
563788,517196,129,46592,8313f7c094a658742d33ebd2ce2f0bdff73515aa797fd161d980b90364252f7b01[00^31]6f[00^12]45f1a95a4d3f3836523f5c83673c797f4d4d263b[00^29]0432380
563917,551537,32,12380,abaed32e7b5671ba76c34c9525a6781313a1eb43f6abca32361b25d5a67acb720
563949,551537,63,12412,abaed32e7b5671ba76c34c9525a6781313a1eb43f6abca32361b25d5a67acb72[00^31]0
564012,517420,72,46592,c0[00^30]0274[00^12]4d73adb72bc3dd368966edd0f0b2148401a178e2[00^6]8a0
564085,517493,230,46592,006f701a95707a0290ac8b90b3719e8ee5b21036088300b745f1a95a4d3f3836523f5c83673c797f4d4d263b[00^31]01[00^31]0d[00^31]0d[00^87]23dc4e0
564321,562117,26,2204,[00^25]110
564353,562563,28,1790,[00^27]220
564384,552252,28,12132,[00^27]060
564417,564254,58,163,[00^58]0
564475,564411,31,64,06293689b00a[00^25]0
564513,517921,96,46592,[00^30]01c0[00^30]02[00^32]140
564629,560112,106,4517,[00^56]82e7088080[00^45]0
564735,562911,6,1824,3602f482e7080
564747,564742,5,5,8435ecc2420
564776,508459,8,56317,872386f26fc100000
564790,564694,41,96,[00^41]0
564835,551843,6,12992,8435a4e900830
564845,551892,20,12953,bc7f67fa9c72f9fccf917cbcee2a50deb031462a0
564872,555022,55,9850,[00^31]02[00^23]0
564935,564519,25,416,[00^24]010
564968,536458,63,28510,[00^12]3d391afffed2255a2dd00325c3a96a5a8e023ff8[00^28]64fa890
565032,560906,55,4126,82e7088080[00^50]0
565087,556927,6,8160,3002ee82e7080
565093,556231,4,8862,04842f8d0
565099,565094,4,5,842f8df20
565104,555472,79,9632,83010b3694cce9d3f392c135dc038b147ca73ec496f7f89d938084183ff085c0[00^47]0
565187,520996,7,44191,82e70880842f8d0
565194,565097,9,97,f2ce842f8df2d883010
565236,554455,72,10781,[00^28]c0[00^43]0
565308,564957,3,351,0000010
565311,532159,3,33152,3b02f90
565315,532163,4,33152,3782e7080
565319,565190,12,129,80842f8df2ce842f8df2d8830
565362,557394,3,7968,00b9010
565370,520531,96,44839,[00^12]e5d7c2a44ffddf6b295a15c148167daaaf5cf34f[00^12]eb466342c4d449bc9f53a865d5cb90586f405215[00^31]080
565466,565453,12,13,[00^12]0
565484,565477,1,7,000
565498,565000,31,498,[00^28]64fa890
565530,565501,25,29,[00^25]0
565555,565356,7,199,7a3ecd9e1390000
565562,563746,29,1816,[00^28]030
565594,557786,69,7808,[00^32]c0[00^36]0
565663,565087,6,576,3002ee82e7080
565670,565094,88,576,842f8df2ce842f8df2d883010b3694cce9d3f392c135dc038b147ca73ec496f7f89d938084183ff085c0[00^46]0
565758,565310,21,448,013b02f9013782e70880842f8df2ce842f8df2d8830
565782,565334,22,448,94272e156df8da513c69cb41cc7a99185d53f926bb870
565804,509041,7,56763,071afd498d00000
565811,565363,51,448,b90104a8c9ed67[00^12]e5d7c2a44ffddf6b295a15c148167daaaf5cf34f[00^12]0
565862,535160,51,30702,7d43aabc515c356145049227cee54b608342c0ad[00^31]0
565914,557707,13,8207,[00^12]b10
565946,565498,31,448,[00^28]64fa890
565978,509016,32,56962,[00^25]071afd498d00000
566010,561670,25,4340,[00^24]2d0
566042,565594,68,448,[00^32]c0[00^35]0
566112,545216,3,20896,02f9020
566116,565764,3,352,82e7080
566120,565768,11,352,842f8df2ce842f8df2d8830
566133,506613,22,59520,1a9480e38291e06339d10aab483c65695d004dbd5c690
566155,563205,3,2950,80b9020
566158,533369,62,32789,642cc4081e[00^31]60[00^25]0
566227,506715,31,59512,[00^28]64fab30
566259,533470,151,32789,[00^31]01[00^31]20[00^31]60[00^12]7d43aabc515c356145049227cee54b608342c0ad[00^23]0
566418,533629,256,32789,[00^32]01[00^31]20[00^12]7f72e0d8e9abf9133a92322b8b50bd8e0f9dcfcb[00^31]80[00^62]01[00^32]60[00^12]7d43aabc515c356145049227cee54b608342c00
566674,533885,13,32789,ad[00^12]0
566707,566578,64,129,[00^31]01[00^32]0
566771,541939,44,24832,c0[00^42]010
566815,565759,167,1056,3b02f9013782e70880842f8df2ce842f8df2d883032d9f94272e156df8da513c69cb41cc7a99185d53f926bb87071afd498d0000b90104a8c9ed67[00^12]e5d7c2a44ffddf6b295a15c148167daaaf5cf34f[00^12]7d43aabc515c356145049227cee54b608342c0ad[00^31]28[00^12]0
566982,512888,20,54094,1011d91f541332d6c308513fd77a7d2c4bcf7dcd0
567002,565946,164,1056,[00^28]64fa8941[00^25]071afd498d[00^26]2d9e4f3e121b282b[00^32]c0[00^35]0
567166,565662,7,1504,003002ee82e7080
567173,520487,4,46686,06842f8d0
567177,565673,85,1504,f2ce842f8df2d883010b3694cce9d3f392c135dc038b147ca73ec496f7f89d938084183ff085c0[00^46]0
567264,566112,3,1152,02f9020
567268,565090,15,2178,82e70804842f8df2ce842f8df2d8830
567286,566134,21,1152,9480e38291e06339d10aab483c65695d004dbd5c690
567314,566866,2,448,00b90
567316,566157,61,1159,02642cc4081e[00^31]60[00^23]0
567386,566227,31,1159,[00^28]64fab30
567418,566259,108,1159,[00^31]01[00^31]20[00^31]60[00^12]0
567526,567525,45,1,[00^45]0
567571,567308,7,263,47e284055d08000
567578,566419,236,1159,[00^31]01[00^31]20[00^12]7f72e0d8e9abf9133a92322b8b50bd8e0f9dcfcb[00^31]80[00^62]01[00^32]60[00^12]0
567814,566886,32,928,e5d7c2a44ffddf6b295a15c148167daaaf5cf34f[00^12]0
567846,549512,20,18334,2c9947b165e0c718a3cbf7d39e8e80d79cc9f5d90
567866,508315,99,59551,[00^31]02[00^32]c0[00^34]0
567965,555357,8,12608,00003202f082e7080
567973,566823,4,1150,80842f8d0
567977,555369,11,12608,8815842f8d881f825208940
568014,514377,3,53637,8000800
568017,538513,46,29504,c0[00^44]010
568063,566815,12,1248,3b02f9013782e70880842f8d0
568075,555723,9,12352,8815842f8d881f83030
568086,566838,80,1248,94272e156df8da513c69cb41cc7a99185d53f926bb87071afd498d0000b90104a8c9ed67[00^12]e5d7c2a44ffddf6b295a15c148167daaaf5cf34f[00^12]0
568166,565414,50,2752,eb466342c4d449bc9f53a865d5cb90586f405215[00^30]0
568218,563048,13,5170,[00^12]1d0
568250,565498,57,2752,[00^28]64fa894d[00^25]0
568307,567059,31,1248,071afd498d[00^26]0
568338,567962,7,376,[00^5]32020
568346,567898,69,448,[00^32]c0[00^36]0
568415,541119,10,27296,7102f86e82e70805842f0
568425,567976,9,449,8d8815842f8d881f820
568437,568134,20,303,e5d7c2a44ffddf6b295a15c148167daaaf5cf34f0
568457,555593,64,12864,80b844095ea7b3[00^12]438670d41d5118003b2f42cc0466fbadd760dbf4[00^25]0
568521,542163,7,26358,470de4df8200000
568529,555313,52,13216,[00^46]3202f082e7080
568581,541286,3,27295,16842f0
568584,567976,12,608,8d8815842f8d881f825208940
568623,568015,48,608,0080c0[00^44]010
568671,556575,8,12096,3302f9012f82e7080
568679,545223,3,23456,02842f0
568685,568680,4,5,842f8b800
568690,556594,128,12096,827e5494d1a3abf42f9e66be86cfdea8c5c2c74f041c5e1480b901045b7d7482[00^31]40[00^31]a0[00^31]400
568822,505956,3,62866,6236660
568828,544794,3,24034,3938350
568831,545112,3,23719,6538300
568847,556527,3,12320,6364300
568851,544785,3,24066,3963380
568854,522139,3,46715,3065300
568860,521692,3,47168,3964360
568870,544783,3,24087,3766390
568876,520198,3,48678,6633360
568882,568786,32,96,[00^31]400
568914,522166,3,46748,3635350
568918,545056,3,23862,3534330
568921,556763,3,12158,3164300
568928,545015,3,23913,3166650
568933,568928,3,5,3166650
568941,521695,3,47246,3432300
568944,531493,3,37451,3933350
568957,540632,3,28325,3838360
568963,568959,3,4,3636320
568970,545019,3,23951,3232330
568974,505943,3,63031,3839650
568978,556530,45,12448,c0[00^43]010
569024,568672,3,352,02f9010
569028,568068,6,960,82e70880842f0
569034,568682,8,352,8b807f842f8b80890
569042,542386,3,26656,8303a50
569046,542390,21,26656,94c9b753d73b17ddb5e87093ff04a9e31845a43af00
569074,542419,38,26655,b90124126928c4[00^31]0
569113,542458,96,26655,[00^31]60[00^31]a0[00^31]140
569229,542574,102,26655,[00^43]560002[00^29]030d40[00^24]0
569331,568306,8,1025,00071afd498d00000
569339,569209,30,130,8590cb03d394974f2b0fa761c5e72af48e30013b[00^10]0
569370,565050,43,4320,[00^37]3002ee82e7080
569414,546091,3,23323,842e150
569419,569414,4,5,842e15070
569424,565680,79,3744,83010b3694cce9d3f392c135dc038b147ca73ec496f7f89d938084183ff085c0[00^46]010
569503,568671,8,832,3302f9012f82e7080
569512,569419,3,93,842e150
569517,569512,4,5,842e156f0
569522,568690,128,832,827e5494d1a3abf42f9e66be86cfdea8c5c2c74f041c5e1480b901045b7d7482[00^31]40[00^31]a0[00^31]400
569654,506025,3,63629,3532340
569660,520302,3,49358,6139640
569673,568968,3,705,3863320
569687,544769,3,24918,6565370
569701,556478,4,13223,323162320
569705,522065,3,47640,3266660
569708,556871,3,12837,6535320
569713,505969,33,63744,36[00^31]400
569748,506012,3,63736,6236300
569751,569669,3,82,6432330
569754,556852,4,12902,393637620
569761,544806,3,24955,6161330
569764,556869,3,12895,6565650
569767,505436,3,64331,3161330
569770,540636,3,29134,3632380
569779,545134,3,24645,3232340
569782,522170,3,47612,3830640
569785,521823,3,47962,6264650
569791,556863,3,12928,3632360
569794,556497,3,13297,6138620
569797,556414,3,13383,6431340
569802,545131,3,24671,3764620
569810,522194,98,47616,c0[00^43]010df9010a01842aea5400829d78940872ec4426103482a50f26ffc32acefcec61b3c980b8e4f242432a[00^12]0
569908,561352,20,8556,82e9cf4869653e8d9d9e07d3156b137e878611870
569928,522632,256,47296,[00^12]aec3cacef9457ff2821d9f85429ce3d90b001459[00^31]05[00^31]01[00^31]a0[00^64]82e7088080[00^49]010df9010a01842aea540
570184,522888,44,47296,00829d78940872ec4426103482a50f26ffc32acefcec61b3c980b8e4f242432a[00^12]0
570228,561372,20,8856,ff0bc8f08aad3633c9eebd1298462ecb1cfcd3d80
570248,569928,256,320,[00^12]aec3cacef9457ff2821d9f85429ce3d90b001459[00^31]05[00^31]01[00^31]a0[00^64]82e7088080[00^49]010df9010a01842aea540
570504,570184,44,320,00829d78940872ec4426103482a50f26ffc32acefcec61b3c980b8e4f242432a[00^12]0
570548,561332,20,9216,37413b5fd8edefb6d11e15114e98604815e1490f0
570568,558024,256,12544,[00^12]aec3cacef9457ff2821d9f85429ce3d90b001459[00^31]05[00^31]01[00^31]a0[00^64]82e7088080[00^49]01eff901ec80842aea540
570824,558280,225,12544,0083015f90940872ec4426103482a50f26ffc32acefcec61b3c980b901c4d4dfd6bc[00^127]01[00^31]01[00^28]6514140
571050,560650,160,10400,[00^63]05[00^62]0140[00^31]410
571273,548905,85,22368,6c1c[00^31]82e7088080[00^47]0
571358,523198,235,48160,01eff901ec80842aea540083015f90940872ec4426103482a50f26ffc32acefcec61b3c980b901c4d4dfd6bc[00^127]01[00^31]01[00^28]6514180
571594,548682,161,22912,[00^63]05[00^62]0140[00^31]41650
571786,571752,2,34,00410
571818,548906,87,22912,1c[00^31]82e7088080[00^48]2ceb0
571906,560322,9,11584,842aea5400825208940
571935,524511,116,47424,865af3107a40008082e7088080[00^51]ecf8ea01842aea5400829b28940872ec4426103482a50f26ffc32acefcec61b3c980b8c4f242432a[00^12]0
572051,561452,32,10599,b4dfff5516dbaf2c82df3f4adbbff1e9379b88e4[00^12]0
572083,524659,204,47424,01e4a663fffaf1430d3a36588b2c14b72231d8b4[00^31]05[00^31]01[00^31]a0[00^32]82e7088080[00^51]0
572287,560223,12,12064,2ceb4d842aea5400825208940
572319,571935,64,384,865af3107a40008082e7088080[00^51]0
572383,524863,4,47520,2eed82020
572388,572290,9,98,842aea5400825208940
572417,524897,94,47520,8654953ff6d0008082e7088080[00^80]020
572512,525012,20,47500,45a318273749d6eb00f5f6ca3bc7cd3de26d642a0
572532,572512,20,20,45a318273749d6eb00f5f6ca3bc7cd3de26d642a0
572572,560992,20,11580,b8ff877ed78ba520ece21b1de7843a8a57ca47cb0
572592,525112,20,47480,e93685f3bba03016f02bd1828badd6195988d9500
572632,564980,20,7652,3d391afffed2255a2dd00325c3a96a5a8e023ff80
572692,565478,20,7214,9e586e1ac1bb00a67fc25e1dbd35a2f5b8eb2eab0
572732,565926,20,6806,b1cb55b33bfaf20d55b20df30741fab5e28d6afd0
572752,566687,20,6065,7fa2a0db85e3dee05c6ada495391f8daf995acdf0
572772,566982,20,5790,1011d91f541332d6c308513fd77a7d2c4bcf7dcd0
572812,567846,20,4966,2c9947b165e0c718a3cbf7d39e8e80d79cc9f5d90
572852,568230,20,4622,1dd8bf4b97d1b8e034afcca66ed38d40fb2f51850
572872,561152,20,11720,d42aa370fcd06c683b7154ffa799a8e00ac0121e0
572892,561112,20,11780,859e8a75af297726c506d297613af5bd396ff61c0
572932,569339,20,3593,8590cb03d394974f2b0fa761c5e72af48e30013b0
572972,572952,20,20,d428952b3d78072b3ea116405541c5ad68d5e66e0
572992,561352,40,11640,82e9cf4869653e8d9d9e07d3156b137e87861187ff0bc8f08aad3633c9eebd1298462ecb1cfcd3d80
573032,570548,20,2484,37413b5fd8edefb6d11e15114e98604815e1490f0
573052,560331,20,12721,bd427b3326458a257d4b550b5ed2e9943e7b647d0
573072,560235,20,12837,3b86cc4429ad1a15726977815ad1a5035d08fbe40
573092,525472,20,47620,161dbc3f770dc97288eed3c864daba618a209a240
573112,572051,20,1061,b4dfff5516dbaf2c82df3f4adbbff1e9379b88e40
573132,525452,20,47680,b268e06dd9826e7c47c4b6bbc9f16df2d3bdc9ae0
573152,525512,56,47640,01e4a663fffaf1430d3a36588b2c14b72231d8b4[00^36]0
573208,567082,9,6126,[00^8]2d0
573248,561536,31,11712,[00^28]64fa840
573280,568347,62,4933,[00^31]c0[00^30]0
573343,525919,32,47424,[00^31]250
573376,562656,31,10720,[00^30]270
573408,550400,94,23008,[00^31]18[00^30]03[00^31]0
573502,513470,64,60032,0360[00^30]03c0[00^30]0
573568,554990,31,18578,[00^30]090
573600,535730,31,37870,[00^30]0a0
573632,561888,31,11744,[00^30]0b0
573664,556093,31,17571,[00^30]0e0
573696,562080,31,11616,[00^30]0f0
573728,573696,31,32,[00^30]0f0
573759,550687,32,23072,80[00^30]130
573791,562143,32,11648,[00^31]130
573824,562208,31,11616,[00^30]150
573855,561473,32,12382,[00^31]160
573888,550848,31,23040,[00^30]190
573919,513791,63,60128,[00^31]19a0[00^30]0
573984,513856,63,60128,[00^30]1b60[00^30]1d0
574048,562464,31,11584,[00^30]1e0
574079,525855,32,48224,c0[00^30]200
574112,564282,31,9830,[00^30]230
574143,564281,32,9862,[00^31]230
574176,574144,31,32,[00^30]230
574208,562880,39,11328,[00^31]3602f482e70882ab0
574248,562920,16,11328,8502040eba5285026b44df95825a3c940
574284,562860,59,11424,87354a6ba7a1800780c0[00^41]3602f482e70882ab0
574344,574248,16,96,8502040eba5285026b44df95825a3c940
574380,574284,50,96,87354a6ba7a1800780c0[00^40]0
574430,563166,8,11264,0232f9022f8303060
574438,517190,3,57248,3a843a0
574444,563180,128,11264,83048d9c94cb566e3b6934fa77258d68ea18e931fa75e1aaaa80b902046c459a28[00^12]38de71124f7a447a01d67945a51edce9ff491251[00^31]80[00^28]64fad90
574573,551373,100,23200,[00^30]0140[00^31]84704316e5[00^31]6f0
574705,569177,32,5528,[00^31]140
574737,574673,63,64,a3bff6519e716b0b479a48a3e1ebf774449f86fa7ba7bf1362930dfaece9f1f6[00^31]0
574800,572203,29,2597,[00^28]820
574958,563694,88,11264,1c[00^30]82e7088080[00^44]0392f9038f8303050
575047,574439,6,608,843ad88e11830
575053,563789,63,11264,13f7c094a658742d33ebd2ce2f0bdff73515aa797fd161d980b90364252f7b01[00^31]0
575117,563853,64,11264,[00^12]45f1a95a4d3f3836523f5c83673c797f4d4d263b[00^29]0432380
575181,563473,32,11708,965b76bdec6e193347f103cb9ea805908d191a800a9d444d190fbf787b494e720
575213,563473,63,11740,965b76bdec6e193347f103cb9ea805908d191a800a9d444d190fbf787b494e72[00^31]0
575276,564012,71,11264,c0[00^30]0274[00^12]4d73adb72bc3dd368966edd0f0b2148401a178e2[00^6]0
575349,575115,2,234,006e0
575371,564107,205,11264,00b745f1a95a4d3f3836523f5c83673c797f4d4d263b[00^31]01[00^31]0d[00^31]0d[00^87]0
575585,575551,25,34,[00^25]0
575617,575549,27,68,[00^27]0
575648,573795,28,1853,[00^27]130
575681,575518,58,163,[00^58]0
575739,575675,31,64,132e6a8eb901[00^25]0
575777,564513,96,11264,[00^30]01c0[00^30]02[00^32]140
575873,512728,20,63145,6232e78d54c4845c977fc9e11d7e61c5316d12d10
575893,570704,106,5189,[00^56]82e7088080[00^45]0
576019,513693,4,62326,001460000
576027,574539,2,1488,00800
576033,576027,1,6,000
576045,566219,2,9826,00350
576052,550173,2,25879,00810
576060,576053,3,7,8114600
576067,576060,3,7,8114600
576074,576067,3,7,8114600
576081,576074,3,7,8114600
576088,576052,4,36,008114600
576103,576026,3,77,6000800
576107,576094,5,13,6084565b630
576116,576103,9,13,600080a16084565b630
576129,576116,9,13,600080a16084565b630
576142,576129,9,13,600080a16084565b630
576155,576142,8,13,600080a16084565b0
576164,576155,4,9,600080a10
576178,576164,3,14,6000800
576186,538563,4,37623,5082e7080
576192,573185,32,3007,[00^31]2d0
576226,576003,5,223,843109cbb90
576261,576178,3,83,6000800
576264,572425,54,3839,82e7088080[00^49]0
576319,542367,3,33952,5b02f90
576323,542371,6,33952,5782e70880840
576329,576227,4,102,3109cbb90
576333,576003,7,330,843109cbb983020
576343,563060,20,13283,1d0188c4b276a09366d05d6be06af61a73bc75350
576369,568113,3,8256,0000b90
576378,569113,63,7265,[00^31]60[00^31]0
576442,534187,44,42255,[00^30]0120[00^12]0
576486,575820,32,666,[00^19]02[00^12]0
576518,563021,20,13497,176211869ca2b568f2a7d4ee941e073a821ee1ff0
576538,552101,20,24437,eeeeeeeeeeeeeeeeeeeeeeeeeeeeeeeeeeeeeeee0
576558,539998,42,36560,eeeeeeeeeeeeeeeeeeeeeeee[00^30]0
576600,575838,34,762,0002[00^32]0
576634,572447,64,4187,[00^63]020
576698,554826,63,21872,[00^31]40[00^30]010
576762,576748,12,14,[00^12]0
576794,576378,94,416,[00^31]60[00^31]c0[00^30]0
576888,576696,3,192,0002000
576892,576875,14,17,[00^14]0
576907,554617,15,22290,ffffffffffffffffffffffffffffff0
576924,576892,30,32,[00^14]7fffffffffffffffffffffffffffffff0
576954,571625,95,5329,[00^32]05[00^62]0
577049,569144,64,7905,60[00^31]a0[00^31]0
577114,576890,16,224,0001[00^14]0
577130,520740,13,56390,fffffffffffffffffffffffffc0
577146,568346,69,8800,[00^32]c0[00^36]0
577215,565183,7,12032,5102f84e82e7080
577223,554692,5,22531,843105c7de0
577228,554531,7,22697,843105c7de83010
577264,577203,12,61,[00^12]0
577276,512748,20,64528,786c772c1b232c927d244ce96bbf36b98847c5c10
577297,577003,46,294,[00^46]0
577346,556580,5,20766,82e7080b840
577351,577224,10,127,3105c7de843105c7de830
577392,574635,2,2757,00840
577399,576279,40,1120,[00^39]030
577453,576342,21,1111,941d0188c4b276a09366d05d6be06af61a73bc75350
577474,575077,3,2397,80b9030
577477,576373,256,1104,24d3115a8a[00^31]60[00^31]c0[00^30]0120[00^31]02[00^12]176211869ca2b568f2a7d4ee941e073a821ee1ffeeeeeeeeeeeeeeeeeeeeeeeeeeeeeeeeeeeeeeeeeeeeeeeeeeeeeeeeeeeeeeee[00^31]02[00^27]0
577733,576629,2,1104,00000
577738,576634,256,1104,[00^63]02[00^31]40[00^30]0120[00^12]e2c67a9b15e9e7ff8a9cb0dfb8fee5609923e5db[00^31]60[00^31]c0[00^31]020
577994,576890,1,1104,000
577995,576923,31,1072,02[00^14]7fffffffffffffffffffffffffffffff0
578027,576891,31,1136,01[00^14]7fffffffffffffffffffffffffffffff0
578058,576954,160,1104,[00^32]05[00^62]60[00^31]a0[00^31]010
578219,577115,24,1104,01[00^14]ffffffffffffffffff0
578250,572199,85,6051,[00^32]82e7088080[00^48]0
578339,577444,5,895,843103f0b40
578368,568457,3,9911,80b8440
578375,573970,13,4405,[00^12]1a0
578404,578386,1,18,000
578407,578186,32,221,[00^31]010
578439,560359,56,18080,82e7088080[00^50]010
578495,566815,167,11680,3b02f9013782e70880842f8df2ce842f8df2d883032d9f94272e156df8da513c69cb41cc7a99185d53f926bb87071afd498d0000b90104a8c9ed67[00^12]e5d7c2a44ffddf6b295a15c148167daaaf5cf34f[00^12]7d43aabc515c356145049227cee54b608342c0ad[00^31]28[00^12]0
578682,567002,89,11680,[00^28]64fa8941[00^25]071afd498d[00^26]2d0
578778,556154,77,22624,[00^32]c0[00^35]013302f9012f82e7080
578855,568679,139,10176,02842f8b807f842f8b8089827e5494d1a3abf42f9e66be86cfdea8c5c2c74f041c5e1480b901045b7d7482[00^31]40[00^31]a0[00^31]400
578995,545016,3,33979,6665320
579001,569765,3,9236,6565310
579006,521684,3,57322,3337370
579010,556377,3,22633,3963350
579019,544709,3,34310,3466320
579022,520289,3,58733,6339310
579025,569782,3,9243,3830640
579033,568835,3,10198,3037300
579038,521737,3,57301,3030380
579043,569668,3,9375,6564320
579046,556829,3,22217,6366620
579058,578962,32,96,[00^31]400
579090,556413,3,22677,3064310
579096,569807,3,9289,3138620
579107,556733,4,22374,346161380
579111,522154,3,56957,3863340
579115,568917,3,10198,6535340
579123,520235,3,58888,3236640
579132,556781,3,22351,6334370
579136,522186,3,56950,3735390
579139,520335,3,58804,6539340
579154,545170,53,33984,c0[00^43]027402f9027082e7080
579208,569032,12,10176,842f8b807f842f8b808983030
579222,554701,60,24521,94f82537fb6c56a3b50092d3951f84f5f6c835b4f580b902445ae401dc[00^28]64fa850
579283,554762,176,24521,[00^31]40[00^31]02[00^31]40[00^30]0160[00^31]e404e45aaf[00^12]0
579459,534840,32,44619,a219439258ca9da29e9cc4ce5596924745e12b93[00^12]0
579491,554970,113,24521,e5d7c2a44ffddf6b295a15c148167daaaf5cf34f[00^30]09c4[00^31]02[00^29]0
579607,578744,27,863,[00^26]2d0
579639,555118,121,24521,[00^91]4449404b7c[00^25]0
579760,579632,19,128,002d2dc9225f6f[00^12]0
579799,565236,72,14563,[00^28]c0[00^43]0
579871,568415,7,11456,7102f86e82e7080
579878,578855,12,1023,02842f8b807f842f8b8089820
579892,563020,40,16872,94176211869ca2b568f2a7d4ee941e073a821ee1ff80b844095ea7b3[00^12]0
579932,533190,48,46742,80e38291e06339d10aab483c65695d004dbd5c69[00^28]0
579980,538509,49,41471,2d0df155c0[00^44]0
580029,577213,9,2816,00005102f84e82e7080
580044,580039,4,5,842e14cb0
580051,573629,2,6422,000a0
580080,527897,13,52183,[00^12]d50
580093,580091,1,2,000
580112,557904,100,22208,c0[00^45]010df9010a01842aea5400829d78940872ec4426103482a50f26ffc32acefcec61b3c980b8e4f242432a[00^12]0
580212,573072,20,7140,3b86cc4429ad1a15726977815ad1a5035d08fbe40
580232,547112,256,33120,[00^12]aec3cacef9457ff2821d9f85429ce3d90b001459[00^31]05[00^31]01[00^31]a0[00^64]82e7088080[00^49]01eff901ec80842aea540
580488,547368,225,33120,0083015f90940872ec4426103482a50f26ffc32acefcec61b3c980b901c4d4dfd6bc[00^127]01[00^31]01[00^28]6514150
580714,571594,160,9120,[00^63]05[00^62]0140[00^31]410
580938,559274,85,21664,1b[00^31]82e7088080[00^47]010
581023,580159,53,864,0df9010a01842aea5400829d78940872ec4426103482a50f26ffc32acefcec61b3c980b8e4f242432a[00^12]0
581076,573052,20,8024,bd427b3326458a257d4b550b5ed2e9943e7b647d0
581096,580232,256,864,[00^12]aec3cacef9457ff2821d9f85429ce3d90b001459[00^31]05[00^31]01[00^31]a0[00^64]82e7088080[00^49]01eff901ec80842aea540
581352,580488,225,864,0083015f90940872ec4426103482a50f26ffc32acefcec61b3c980b901c4d4dfd6bc[00^127]01[00^31]01[00^28]6514150
581578,580714,160,864,[00^63]05[00^62]0140[00^31]410
581802,559274,97,22528,1b[00^31]82e7088080[00^47]01eff901ec80842aea540083010
581901,560429,220,21472,940872ec4426103482a50f26ffc32acefcec61b3c980b901c4d4dfd6bc[00^127]01[00^31]01[00^28]6522110
582122,581578,160,544,[00^63]05[00^62]0140[00^31]410
582324,582117,2,207,00650
582328,575575,2,6753,00210
582346,581802,84,544,1b[00^31]82e7088080[00^47]0
582430,524382,13,58048,002ceb4f842aea5400825208940
582463,524319,76,58144,865af3107a40008082e7088080[00^51]2ceb4f842aea5400825208940
582559,582463,76,96,865af3107a40008082e7088080[00^51]2ceb4f842aea5400825208940
582655,549215,95,33440,865af3107a40008082e7088080[00^82]0
582752,572512,40,10240,45a318273749d6eb00f5f6ca3bc7cd3de26d642a45a318273749d6eb00f5f6ca3bc7cd3de26d642a0
582792,572572,40,10220,b8ff877ed78ba520ece21b1de7843a8a57ca47cbe93685f3bba03016f02bd1828badd6195988d9500
582852,576235,20,6617,02ec8af780b1a5a159a8b37be8a43cbb34e36e7a0
582872,549752,20,33120,42601170d8cb28522671979bd89a708b93ac11b10
582892,577276,20,5616,786c772c1b232c927d244ce96bbf36b98847c5c10
582932,561072,20,21860,94e9dbee7f3bfdd887fedc8227b4b0c2cb69bf9e0
582955,582780,1,175,000
582972,578662,20,4310,c75f2eaf9f0cc1bcc5ab628a12f20ba35bf824180
583012,579779,20,3233,fb0efcb02b94811fc32e6d6fcb3982c61f95a8290
583032,549452,20,33580,2d318c186f321ff6e9e60fc3ec8798762c5cd76d0
583072,580212,20,2860,3b86cc4429ad1a15726977815ad1a5035d08fbe40
583092,571915,20,11177,23014ee5e9297351a8ba16816653b11a51cc878a0
583112,581076,20,2036,bd427b3326458a257d4b550b5ed2e9943e7b647d0
583132,572299,20,10833,81a2928da93433dcae3b07599856fd8b184039970
583152,572397,20,10755,1ad8e2b7f3c8a9f5bea8781d293f01561125c3c30
583172,549912,92,33260,f269e8574583c27fe74b69b3f998a64efd8d0448c65347b43019f8f453d7b486d259fd6146da334e40082e6f1c15d2b27b3de80cb7ad04e9ed1219[00^33]0
583296,573248,31,10048,[00^28]64fa840
583328,578779,62,4549,[00^31]c0[00^30]0
583392,583360,30,32,[00^30]0
583423,574304,32,9119,[00^31]360
583456,567450,62,16006,[00^31]20[00^30]0
583519,543515,32,40004,[00^31]040
583552,583520,31,32,[00^30]040
583583,529496,32,54087,c0[00^30]080
583616,573600,31,10016,[00^30]0a0
583648,561888,62,21760,[00^30]0ba0[00^30]0
583711,573663,32,10048,20[00^30]0e0
583744,562080,94,21664,[00^30]0fa0[00^30]11[00^31]0
583840,573856,31,9984,[00^30]160
583872,550784,31,33088,[00^30]170
583904,562400,62,21504,[00^30]1c60[00^30]0
583968,574048,31,9920,[00^30]1e0
583999,583807,31,192,[00^31]0
584032,562496,31,21536,[00^30]1f0
584064,562560,62,21504,[00^30]2220[00^30]0
584128,574176,31,9952,[00^30]230
584159,551103,32,33056,e0[00^30]260
584192,573376,31,10816,[00^30]270
584224,584192,31,32,[00^30]270
584256,562720,62,21536,[00^30]2920[00^30]0
584320,582593,31,1727,[00^30]2c0
584352,572353,31,11999,[00^30]2e0
584384,569377,31,15007,[00^30]300
584416,557825,31,26591,[00^30]310
584448,568545,31,15903,[00^30]320
584480,584448,31,32,[00^30]320
584512,574304,39,10208,[00^31]3602f482e70882ab0
584552,574344,16,10208,8502040eba5285026b44df95825a3c940
584588,574284,59,10304,87354a6ba7a1800780c0[00^41]3602f482e70882ab0
584648,584552,16,96,8502040eba5285026b44df95825a3c940
584684,584588,50,96,87354a6ba7a1800780c0[00^40]0
584734,577438,5,7296,034ff9034c0
584745,577449,256,7296,83027132941d0188c4b276a09366d05d6be06af61a73bc753580b90324d3115a8a[00^31]60[00^31]c0[00^30]0120[00^31]02[00^12]176211869ca2b568f2a7d4ee941e073a821ee1ffeeeeeeeeeeeeeeeeeeeeeeeeeeeeeeeeeeeeeeeeeeeeeeeeeeeeeeeeeeeeeeee[00^31]0
585001,577705,29,7296,02[00^28]0
585034,577738,256,7296,[00^63]02[00^31]40[00^30]0120[00^12]e2c67a9b15e9e7ff8a9cb0dfb8fee5609923e5db[00^31]60[00^31]c0[00^31]020
585290,577994,249,7296,0002[00^14]7fffffffffffffffffffffffffffffff0101[00^14]7fffffffffffffffffffffffffffffff[00^32]05[00^62]60[00^31]a0[00^31]010101[00^14]ffffffffffffffffff0
585539,564830,2,20709,00cd0
585546,581256,84,4290,[00^32]82e7088080[00^47]0
585630,574430,8,11200,0232f9022f8303060
585639,574439,133,11200,843ad88e1183048d9c94cb566e3b6934fa77258d68ea18e931fa75e1aaaa80b902046c459a28[00^12]38de71124f7a447a01d67945a51edce9ff491251[00^31]80[00^28]64fad90
585773,574573,99,11200,[00^30]0140[00^31]84704316e5[00^31]0
585905,575841,32,10064,[00^31]140
585937,585873,63,64,8a56308391da8cd6c36bc57a57c08589db8e19d683d0e99e1803552eea1d239c[00^31]0
586000,585550,29,450,[00^28]820
586158,551758,81,34400,1c[00^30]82e7088080[00^45]0
586239,564831,3,21408,cdf8cb0
586243,564835,7,21408,8435a4e90083030
586252,564844,59,21408,94bc7f67fa9c72f9fccf917cbcee2a50deb031462a80b8a45f4b9bde[00^31]0
586311,585774,30,537,[00^29]010
586343,586316,25,27,[00^24]010
586376,564968,63,21408,[00^12]3d391afffed2255a2dd00325c3a96a5a8e023ff8[00^28]64fa890
586440,581288,55,5152,82e7088080[00^49]010
586500,586243,6,257,8435a4e900830
586509,542006,22,44503,94032b241de86a8660f1ae0691a4760b426ea246d7870
586531,564777,7,21754,2386f26fc100000
586538,542035,83,44503,b9012475ceafe6[00^31]20[00^31]a0[00^12]0
586641,584133,26,2508,[00^25]230
586667,586532,6,135,86f26fc100000
586673,586672,29,1,[00^29]0
586704,567385,31,19319,5e[00^28]64fa0
586737,542234,96,44503,[00^31]2be5d7c2a44ffddf6b295a15c148167daaaf5cf34f0001f4176211869ca2b568f2a7d4ee941e073a821ee1ff[00^21]0
586833,586440,45,393,82e7088080[00^40]0
586878,557022,12,29856,011b02f9011782e70880842f0
586892,521900,3,64992,8b842f0
586902,557046,22,29856,948731d54e9d02c286767d56ac03e8037c07e01e98880
586932,557076,37,29856,b8e41114cd2a[00^31]0
586970,586957,12,13,[00^12]0
587002,585450,56,1552,[00^31]a0[00^24]0
587066,587034,25,32,[00^24]020
587098,585905,32,1193,[00^31]140
587130,586982,32,148,ed826ce2c8a16ed83e504bd94d9f6f4262691850[00^12]0
587162,578810,37,8352,c0[00^35]010
587199,586879,8,320,1b02f9011782e7080
587208,586888,12,320,842f912e8b842f912e9583070
587222,557046,23,30176,948731d54e9d02c286767d56ac03e8037c07e01e9888010
587251,557075,51,30176,96b8e41114cd2a[00^31]6e[00^12]0
587321,538738,57,48583,ed[00^31]a0[00^24]0
587385,587173,26,212,[00^25]010
587417,575840,33,11577,[00^32]140
587450,587302,32,148,fe71606ff0d7ebbbeaed320a542290939d0703ed[00^12]0
587482,587162,37,320,c0[00^35]010
587519,578495,11,9024,3b02f9013782e70880842f0
587530,587210,9,320,912e8b842f912e95830
587541,587517,1,24,000
587542,578518,144,9024,94272e156df8da513c69cb41cc7a99185d53f926bb87071afd498d0000b90104a8c9ed67[00^12]e5d7c2a44ffddf6b295a15c148167daaaf5cf34f[00^12]7d43aabc515c356145049227cee54b608342c0ad[00^31]28[00^12]0
587706,586705,31,1001,[00^28]64fa890
587738,578714,133,9024,[00^25]071afd498d[00^26]2da0a9d1f1764c5e[00^32]c0[00^35]010
587871,587519,21,352,3b02f9013782e70880842f912e8b842f912e9583030
587894,587542,22,352,94272e156df8da513c69cb41cc7a99185d53f926bb870
587921,587569,53,352,0000b90104a8c9ed67[00^12]e5d7c2a44ffddf6b295a15c148167daaaf5cf34f[00^12]0
587974,555978,51,31996,176211869ca2b568f2a7d4ee941e073a821ee1ff[00^31]0
588026,545783,60,42243,[00^12]e821e4b24562b8f659dbd1997bd42c8e9b01a8cc[00^28]0
588086,587734,29,352,64fa8959[00^25]0
588115,587916,7,199,415eb3d7de00000
588122,587842,29,280,[00^28]010
588154,587802,68,352,[00^32]c0[00^35]0
588224,576320,3,11904,02f9030
588228,544868,6,43360,82e70808842f0
588234,587882,9,352,912e8b842f912e95830
588267,584770,3,3497,80b9030
588271,542967,67,45304,ac9650d8[00^31]20[00^31]0
588339,567674,62,20665,[00^31]80[00^30]0
588402,534795,32,53607,60[00^30]020
588435,588403,31,32,[00^30]020
588467,588339,31,128,[00^31]0
588503,573536,31,14967,[00^30]060
588535,545861,27,42674,[00^26]920
588567,582129,57,6438,[00^56]050
588631,579251,31,9380,[00^28]64fa850
588663,586281,59,2382,[00^59]0
588727,588503,58,224,[00^30]068f[00^26]0
588785,588784,22,1,[00^22]0
588807,554616,16,34191,ffffffffffffffffffffffffffffffff0
588823,588791,48,32,[00^16]ffffffffffffffffffffffffffffffff[00^16]0
588871,579687,72,9184,[00^43]4449404b7c[00^24]0
588943,588623,20,320,054607fc96a5f934[00^12]0
588983,588855,59,128,[00^59]0
589047,587962,63,1085,[00^12]176211869ca2b568f2a7d4ee941e073a821ee1ff[00^31]0
589110,578322,14,10788,[00^13]6c0
589124,588964,47,160,325d0121bec268af0c44c30e428ace5d68551c[00^28]0
589171,566771,44,22400,c0[00^42]010
589215,578847,8,10368,3302f9012f82e7080
589224,588232,10,992,842f912e8b842f912e950
589234,578866,128,10368,827e5494d1a3abf42f9e66be86cfdea8c5c2c74f041c5e1480b901045b7d7482[00^31]40[00^31]a0[00^31]400
589362,545159,3,44203,3733300
589368,544718,3,44650,3363390
589371,569788,3,19583,3563610
589374,569680,5,19694,38353963660
589380,568840,3,20540,6637310
589387,556875,3,32512,3734640
589394,589384,3,10,6664340
589399,556370,3,33029,3830310
589402,544774,3,44628,3134360
589406,568942,3,20464,3230390
589410,545068,4,44342,613364330
589416,545053,3,44363,6231620
589426,569714,33,19712,[00^31]40640
589459,556839,3,32620,3738320
589462,589416,3,46,6231620
589469,528803,3,60666,3835320
589472,569689,3,19783,3737350
589477,531707,3,57770,3363380
589482,545058,4,44424,333731370
589488,544790,3,44698,3630650
589491,544768,3,44723,3465650
589512,579109,4,10403,613838630
589516,556730,4,32786,363530340
589523,543503,44,46020,[00^43]040
589567,566111,3,23456,9402f90
589571,566115,4,23456,9082e7080
589575,544871,4,44704,08842f8d0
589579,578507,8,11072,f2ce842f8df2d8830
589590,566134,23,23456,9480e38291e06339d10aab483c65695d004dbd5c6980b90
589619,584842,55,4777,[00^30]0120[00^23]0
589683,567386,31,22297,[00^28]64fab30
589715,579447,32,10268,[00^12]a219439258ca9da29e9cc4ce5596924745e12b930
589747,554600,32,35147,ffffffffffffffffffffffffffffffffffffffffffffffffffffffffffffffff0
589779,589683,31,96,[00^28]64fab30
589811,562399,32,27412,[00^31]1c0
589907,567418,108,22489,[00^31]01[00^31]20[00^31]60[00^12]0
590015,534840,48,55175,a219439258ca9da29e9cc4ce5596924745e12b93[00^28]0
590067,579315,108,10752,[00^31]02[00^31]40[00^30]0160[00^12]0
590195,567674,140,22521,[00^31]80[00^62]01[00^32]60[00^12]0
590335,590015,32,320,a219439258ca9da29e9cc4ce5596924745e12b93[00^12]0
590387,582674,76,7713,[00^76]0
590463,590367,51,96,4a1a485c5dd548c7c57e7f329442a78df5e5a246[00^31]0
590514,566546,141,23968,80[00^62]01[00^32]60[00^12]7d43aabc515c356145049227cee54b608342c0ad[00^12]0
590675,567866,101,22809,[00^31]02[00^32]c0[00^36]0
590776,568568,13,22208,[00^7]3202f082e7080
590790,589576,10,1214,842f8df2ce842f8df2d80
590800,582631,4,8169,825208940
590830,568014,49,22816,800080c0[00^44]010
590879,587199,8,3680,1b02f9011782e7080
590888,590795,3,93,842f8d0
590893,590888,4,5,842f8d490
590898,586898,3,4000,83076a0
590902,587222,23,3680,948731d54e9d02c286767d56ac03e8037c07e01e9888010
590932,586932,50,4000,b8e41114cd2a[00^31]6f[00^12]0
591002,587322,57,3680,[00^31]a0[00^24]010
591064,590852,27,212,[00^26]010
591097,587417,33,3680,[00^32]140
591130,590982,32,148,58c45a80ce70cb14824ead2c395bed7207b58f52[00^12]0
591162,568378,44,22784,c0[00^36]7102f86e82e7080
591207,590888,10,319,842f8d4986842f8d49900
591241,578368,71,12873,80b844a22cb465[00^12]1a7b46c660603ebb5fbe3ae51e80ad21df00bdd1[00^31]010
591313,555505,53,35808,[00^46]7102f86e82e7080
591367,591207,11,160,842f8d4986842f8d4990820
591380,579892,40,11488,94176211869ca2b568f2a7d4ee941e073a821ee1ff80b844095ea7b3[00^12]0
591420,557367,20,34053,678aa4bf4e210cf2166753e054d5b7c31cc7fa860
591440,588595,29,2845,[00^28]050
591473,585585,46,5888,[00^45]020
591519,588223,3,3296,b402f90
591523,588227,4,3296,b082e7080
591528,579208,11,12320,842f8b807f842f8b8089830
591542,579222,24,12320,94f82537fb6c56a3b50092d3951f84f5f6c835b4f580b9020
591567,579247,35,12320,5ae401dc[00^28]64fa850
591603,579283,127,12320,[00^31]40[00^31]02[00^31]40[00^30]010
591730,532601,33,59129,a0[00^30]01240
591763,543835,80,47928,b858183f[00^31]20[00^31]80[00^12]0
591843,591647,48,196,[00^19]02[00^28]0
591895,589542,25,2353,[00^24]040
591927,543999,32,47928,[00^31]420
591959,568166,21,23793,eb466342c4d449bc9f53a865d5cb90586f405215000
591980,544052,25,47928,09c47d43aabc515c356145049227cee54b608342c0ad0009c40
592005,532885,81,59120,e5d7c2a44ffddf6b295a15c148167daaaf5cf34f[00^61]0
592086,588886,57,3200,[00^28]4449404b7c[00^24]0
592143,591919,20,224,0409f9f22ca85b34[00^12]0
592183,590711,72,1472,[00^28]c0[00^43]0
592255,569407,6,22848,3002ee82e7080
592261,556583,3,35678,0b842f0
592264,591530,9,734,8b807f842f8b8089830
592273,569425,86,22848,010b3694cce9d3f392c135dc038b147ca73ec496f7f89d938084183ff085c0[00^46]013302f9012f82e7080
592359,587207,3,5152,0d842f0
592362,578858,136,13504,8b807f842f8b8089827e5494d1a3abf42f9e66be86cfdea8c5c2c74f041c5e1480b901045b7d7482[00^31]40[00^31]a0[00^31]400
592500,556836,3,35664,3134660
592512,544811,3,47701,3234340
592516,556383,3,36133,3165620
592519,544778,4,47741,653331350
592523,579115,4,13408,653534660
592531,579133,4,13398,343736370
592536,545167,3,47369,3063300
592544,545145,3,47399,3133660
592548,579111,3,13437,3863340
592561,569713,33,22848,36[00^31]400
592598,556830,3,35768,6662620
592603,579008,3,13595,3733390
592606,540642,3,51964,3438380
592610,569708,3,22902,6535320
592613,589412,3,3201,6433370
592619,568849,3,23770,3065390
592622,556759,3,35863,3334610
592642,568865,3,23777,6639330
592647,592522,3,125,3565350
592651,589392,3,3259,3164660
592654,556378,4,36276,633538640
592658,579154,45,13504,c0[00^43]020
592703,591519,8,1184,b402f902b082e7080
592711,589575,3,3136,08842f0
592714,592264,9,450,8b807f842f8b8089830
592726,557366,21,35360,94678aa4bf4e210cf2166753e054d5b7c31cc7fa860
592747,591563,256,1184,80b902845ae401dc[00^28]64fa85ed[00^31]40[00^31]02[00^31]40[00^30]01a0[00^30]0124b858183f[00^31]20[00^20]0
593003,591819,72,1184,[00^11]80[00^31]02[00^28]0
593079,583590,25,9489,[00^24]080
593111,591927,32,1184,[00^31]420
593143,590335,22,2808,a219439258ca9da29e9cc4ce5596924745e12b9300000
593166,589059,21,4107,176211869ca2b568f2a7d4ee941e073a821ee1ff000
593189,592005,138,1184,e5d7c2a44ffddf6b295a15c148167daaaf5cf34f[00^89]4449404b7c[00^24]0
593327,593103,20,224,088d2a8a14d6a6fe[00^12]0
593367,592183,72,1184,[00^28]c0[00^43]0
593439,565183,10,28256,5102f84e82e70880842f0
593449,592264,10,1185,8b807f842f8b808983010
593459,565203,107,28256,0a3b949dba31e492b7e98b8195e254ee13b6b027e4a59d80a4a7f68792766f7465[00^28]c0[00^45]0
593566,568414,11,25152,007102f86e82e70805842f0
593577,579881,51,13696,8b807f842f8b808982eb8694176211869ca2b568f2a7d4ee941e073a821ee1ff80b844095ea7b3[00^12]0
593648,576194,30,17454,[00^29]2d0
593680,580112,100,13568,c0[00^45]010df9010a01842aea5400829d78940872ec4426103482a50f26ffc32acefcec61b3c980b8e4f242432a[00^12]0
593780,583092,20,10688,23014ee5e9297351a8ba16816653b11a51cc878a0
593800,546248,256,47552,[00^12]aec3cacef9457ff2821d9f85429ce3d90b001459[00^31]05[00^31]01[00^31]a0[00^64]82e7088080[00^49]01eff901ec80842aea540
594056,546504,225,47552,0083015f90940872ec4426103482a50f26ffc32acefcec61b3c980b901c4d4dfd6bc[00^127]01[00^31]01[00^28]6514170
594282,582122,160,12160,[00^63]05[00^62]0140[00^31]410
594506,580938,138,13568,1b[00^31]82e7088080[00^47]010df9010a01842aea5400829d78940872ec4426103482a50f26ffc32acefcec61b3c980b8e4f242432a[00^12]0
594644,583132,20,11512,81a2928da93433dcae3b07599856fd8b184039970
594664,570568,256,24096,[00^12]aec3cacef9457ff2821d9f85429ce3d90b001459[00^31]05[00^31]01[00^31]a0[00^64]82e7088080[00^49]01eff901ec80842aea540
594920,570824,225,24096,0083015f90940872ec4426103482a50f26ffc32acefcec61b3c980b901c4d4dfd6bc[00^127]01[00^31]01[00^28]6514140
595146,594282,160,864,[00^63]05[00^62]0140[00^31]410
595370,559274,256,36096,1b[00^31]82e7088080[00^47]01eff901ec80842aea540083015f90940872ec4426103482a50f26ffc32acefcec61b3c980b901c4d4dfd6bc[00^127]010
595626,559530,63,36096,[00^31]01[00^28]6514160
595690,595146,160,544,[00^63]05[00^62]0140[00^31]410
595914,582346,85,13568,1b[00^31]82e7088080[00^48]0
595999,571999,52,24000,ecf8ea01842aea5400829b28940872ec4426103482a50f26ffc32acefcec61b3c980b8c4f242432a[00^12]0
596051,583152,20,12899,1ad8e2b7f3c8a9f5bea8781d293f01561125c3c30
596071,572071,218,24000,[00^12]01e4a663fffaf1430d3a36588b2c14b72231d8b4[00^31]05[00^31]01[00^31]a0[00^32]82e7088080[00^51]2ceb0
596289,582625,10,13664,4f842aea5400825208940
596319,560255,76,36064,865af3107a40008082e7088080[00^51]2ceb4e842aea5400825208940
596397,588024,2,8373,00280
596404,596133,2,271,00050
596415,572319,68,24096,865af3107a40008082e7088080[00^51]2eed82020
596484,596386,9,98,842aea5400825208940
596513,572417,94,24096,8654953ff6d0008082e7088080[00^80]020
596608,572512,80,24096,45a318273749d6eb00f5f6ca3bc7cd3de26d642a45a318273749d6eb00f5f6ca3bc7cd3de26d642a4ff7308017c6c7ccfce40c2e08efce91259d639fb8ff877ed78ba520ece21b1de7843a8a57ca47cb0
596688,586388,20,10300,3d391afffed2255a2dd00325c3a96a5a8e023ff80
596708,586621,20,10087,fcdb212e7e7588d2dd2cc44c30f6c79fb507db4b0
596728,587130,20,9598,ed826ce2c8a16ed83e504bd94d9f6f42626918500
596748,587450,20,9298,fe71606ff0d7ebbbeaed320a542290939d0703ed0
596768,587686,20,9082,97bd845f07c2f1557290c0fad634345510d0a6770
596788,588038,20,8750,e821e4b24562b8f659dbd1997bd42c8e9b01a8cc0
596808,589123,20,7685,6c325d0121bec268af0c44c30e428ace5d68551c0
596848,590655,20,6193,eb30f3f6c9e5501283aed59745ba19ba6ab856cb0
596868,572892,20,23976,859e8a75af297726c506d297613af5bd396ff61c0
596888,591130,20,5758,58c45a80ce70cb14824ead2c395bed7207b58f520
596928,561272,20,35656,905ef06810b5d168d0c8d351593ed5d1880dbc280
596948,592163,20,4785,02b03934f71bb6de4465051de5eee5c05e09774a0
596991,596636,1,355,000
597008,593347,20,3661,8305fba9ed35363d691bd30935c602aba23bbe5f0
597068,593780,20,3288,23014ee5e9297351a8ba16816653b11a51cc878a0
597088,582443,20,14645,b1a8a26c3fe0a142d71053bcc8664108d4cd45750
597108,594644,20,2464,81a2928da93433dcae3b07599856fd8b184039970
597128,582635,20,14493,c0416708b0f643119608167749906c515b8198990
597148,582539,20,14609,3aa95afda96ad4a75522d8f54b6b8c8867f0526c0
597168,596051,20,1117,1ad8e2b7f3c8a9f5bea8781d293f01561125c3c30
597188,561432,20,35756,9dbad420963e53775a51ea9aad4afa3af6e5d7530
597208,561412,20,35796,f6f8b5bc021ff67a9932346447dd7e78aa6742240
597228,573152,52,24076,01e4a663fffaf1430d3a36588b2c14b72231d8b4[00^32]0
597312,583296,31,14016,[00^28]64fa840
597344,590708,62,6636,[00^31]c0[00^30]0
597408,597376,31,32,[00^30]360
597440,597408,30,32,[00^30]0
597472,597344,31,128,[00^31]0
597504,588192,31,9312,[00^30]030
597535,561823,32,35712,e0[00^30]050
597568,583234,31,14334,[00^30]070
597600,573632,62,23968,[00^30]0b20[00^30]0
597663,597472,31,191,[00^31]0
597694,583742,33,13952,0e60[00^30]0f0
597727,597663,31,64,[00^31]0
597760,583808,31,13952,[00^30]120
597791,550719,32,47072,e0[00^30]140
597824,597792,31,32,[00^30]140
597855,573823,63,24032,a0[00^30]15[00^31]0
597919,583839,32,14080,60[00^30]160
597952,597250,31,702,[00^30]170
597984,573409,31,24575,[00^30]180
598016,573920,31,24096,[00^30]190
598048,573984,31,24064,[00^30]1b0
598080,574016,31,24064,[00^30]1d0
598112,592952,31,5160,[00^30]200
598144,551008,62,47136,[00^30]20a0[00^30]0
598207,584063,32,14144,40[00^30]220
598240,561632,31,36608,[00^30]2a0
598272,586738,31,11534,[00^30]2b0
598303,550079,32,48224,a0[00^30]2c0
598336,598304,30,32,[00^30]0
598367,592224,32,6143,[00^31]300
598399,584479,32,13920,40[00^30]320
598432,598400,31,32,[00^30]320
598463,583359,32,15104,c0[00^30]330
598495,543802,32,54693,20[00^30]010
598541,590902,22,7639,948731d54e9d02c286767d56ac03e8037c07e01e98880
598571,590932,37,7639,b8e41114cd2a[00^31]0
598609,598596,12,13,[00^12]0
598641,596167,56,2474,[00^31]a0[00^24]0
598703,597892,27,811,[00^26]150
598736,591097,33,7639,[00^32]140
598769,598621,32,148,8cd398f7b6a869ada246818a6ee3f26346de3ca9[00^12]0
598801,596521,45,2280,82e7088080[00^40]0
598847,590879,3,7968,1b02f90
598851,586883,6,11968,1782e70880840
598857,534535,4,64322,3b9aca000
598861,534534,6,64327,843b9aca00830
598870,557366,22,41504,94678aa4bf4e210cf2166753e054d5b7c31cc7fa86870
598899,543668,37,55231,b901e45ae401dc[00^28]64fa0
598938,543707,208,55231,[00^31]40[00^31]01[00^31]20[00^30]0124b858183f[00^31]20[00^31]80[00^12]0
599166,597573,26,1593,[00^25]070
599192,598893,6,299,fe54379209060
599198,597441,30,1757,[00^29]380
599230,543999,53,55231,[00^31]42e5d7c2a44ffddf6b295a15c148167daaaf5cf34f000
599283,593164,23,6119,0064176211869ca2b568f2a7d4ee941e073a821ee1ff000
599306,599283,2,23,00640
599308,534840,51,64468,a219439258ca9da29e9cc4ce5596924745e12b93[00^31]0
599359,588159,64,11200,[00^27]c0[00^35]030
599423,575039,7,24384,92f9038f8303050
599430,551238,3,48192,38843a0
599436,563788,129,35648,8313f7c094a658742d33ebd2ce2f0bdff73515aa797fd161d980b90364252f7b01[00^31]6f[00^12]45f1a95a4d3f3836523f5c83673c797f4d4d263b[00^29]0432380
599565,574737,32,24828,a3bff6519e716b0b479a48a3e1ebf774449f86fa7ba7bf1362930dfaece9f1f60
599597,574737,63,24860,a3bff6519e716b0b479a48a3e1ebf774449f86fa7ba7bf1362930dfaece9f1f6[00^31]0
599660,564012,72,35648,c0[00^30]0274[00^12]4d73adb72bc3dd368966edd0f0b2148401a178e2[00^6]8a0
599733,564085,256,35648,006f701a95707a0290ac8b90b3719e8ee5b21036088300b745f1a95a4d3f3836523f5c83673c797f4d4d263b[00^31]01[00^31]0d[00^31]0d[00^87]23dc4efd3e76df838e[00^20]0
599989,564341,4,35648,[00^4]0
600001,599075,27,926,[00^26]200
600032,597540,27,2492,[00^26]050
600065,595696,58,4369,[00^57]050
600123,600059,30,64,ba533c7b8c07[00^24]0
600161,575777,96,24384,[00^30]01c0[00^30]02[00^32]140
600277,594800,105,5477,[00^56]82e7088080[00^44]0
600387,599427,3,960,8303050
600390,563174,3,37216,39843a0
600400,599440,21,960,94a658742d33ebd2ce2f0bdff73515aa797fd161d90
600421,555755,10,44666,870221b262dd8000b9010
600436,585841,32,14595,[00^31]660
600468,600455,12,13,[00^12]0
600480,569047,20,31433,c9b753d73b17ddb5e87093ff04a9e31845a43af00
600500,569275,32,31225,[00^29]030d400
600532,585937,32,14595,8a56308391da8cd6c36bc57a57c08589db8e19d683d0e99e1803552eea1d239c0
600564,585937,63,14627,8a56308391da8cd6c36bc57a57c08589db8e19d683d0e99e1803552eea1d239c[00^31]0
600628,600615,12,13,[00^12]0
600640,542554,51,58086,5065d26cf60080425710e2d76079bb4e3e3419c9[00^31]0
600692,599693,38,999,[00^12]4d73adb72bc3dd368966edd0f0b2148401a178e2[00^6]0
600732,600466,2,266,00660
600742,586387,2,14355,003d0
600754,599755,2,999,00b70
600756,600480,20,276,c9b753d73b17ddb5e87093ff04a9e31845a43af00
600776,600640,44,136,5065d26cf60080425710e2d76079bb4e3e3419c9[00^24]0
600820,600333,42,487,82e7088080[00^37]0
600862,592350,9,8512,013302f9012f82e7080
600906,592394,4,8512,80b901040
600914,588026,13,12888,[00^12]e80
600946,600914,44,32,[00^12]e815264a16e15dd1d8c9404905432a0d60fad92b[00^12]0
600990,564431,45,36559,[00^44]060
601040,599895,65,1145,[00^65]0
601106,600500,30,606,[00^29]030
601138,590707,76,10431,[00^32]c0[00^43]0
601214,579870,10,21344,007102f86e82e70802840
601257,593609,19,7648,80b844095ea7b3[00^12]0
601281,573012,3,28269,ff0bc80
601296,542833,77,58463,ffffffffffffffffffffffffffffffffffffffffffffffffffffffffffffffffc0[00^44]0
601373,600861,10,512,00013302f9012f82e7080
601384,586500,5,14884,8435a4e9000
601389,601384,5,5,8435a4e9000
601397,568693,126,32704,94d1a3abf42f9e66be86cfdea8c5c2c74f041c5e1480b901045b7d7482[00^31]40[00^31]a0[00^31]40660
601530,556390,3,45140,3733640
601533,556418,3,45115,3962390
601542,589505,3,12037,6534620
601548,568824,3,32724,6631370
601566,592509,3,9057,3130620
601569,568847,3,32722,6364300
601579,569778,3,31801,6632320
601586,556338,33,45248,[00^31]40380
601620,569805,3,31815,3339310
601625,545139,3,56486,3733620
601628,556518,3,45110,3962320
601634,545063,3,56571,3761340
601638,592551,3,9087,6261340
601647,578996,4,22651,653235370
601652,592514,3,9138,3436310
601656,544810,3,56846,6532340
601669,592625,3,9044,6261370
601678,568934,3,32744,6665380
601681,545169,46,56512,30c0[00^43]020
601727,576319,3,25408,5b02f90
601731,576323,16,25408,5782e70880843109cbb9843109cbb9830
601750,586509,22,15241,94032b241de86a8660f1ae0691a4760b426ea246d7870
601778,567314,3,34464,00b9020
601782,542967,131,58815,ac9650d8[00^31]20[00^31]02[00^31]40[00^30]010
601913,592914,33,8999,a0[00^30]01240
601946,586541,80,15405,75ceafe6[00^31]20[00^31]a0[00^12]0
602046,601988,25,58,[00^25]0
602071,601772,7,299,53b1f5420964000
602078,601821,29,257,[00^28]020
602110,598906,30,3204,[00^28]64fa0
602142,586737,53,15405,[00^31]2be5d7c2a44ffddf6b295a15c148167daaaf5cf34f000
602197,589059,64,13138,176211869ca2b568f2a7d4ee941e073a821ee1ff[00^44]0
602261,543510,104,58751,[00^36]0412210e8a[00^28]c0[00^34]0
602365,601943,2,422,00010
602372,601741,3,631,8431090
602381,544214,22,58167,948731d54e9d02c286767d56ac03e8037c07e01e98870
602408,598569,52,3839,161eb8e41114cd2a[00^31]b8[00^12]0
602480,601458,57,1022,[00^31]a0[00^25]0
602542,602484,27,58,[00^27]0
602575,600224,33,2351,[00^32]140
602608,602460,32,148,45ddf217e45b6098c7f82e0de475ac4c737a20d8[00^12]0
602640,600333,47,2307,82e7088080[00^42]0
602693,577228,7,25465,843105c7de83010
602729,602659,28,70,[00^28]0
602760,578438,55,24322,0182e7088080[00^49]0
602818,555716,5,47102,82e70803840
602827,602822,4,5,843008fb0
602832,596489,4,6343,825208940
602864,590831,47,12033,0080c0[00^44]0
602911,569407,8,33504,3002ee82e70826840
602922,589228,3,13694,8b842f0
602928,592272,90,10656,83010b3694cce9d3f392c135dc038b147ca73ec496f7f89d938084183ff085c0[00^46]013302f9012f82e7080d842f0
603018,602920,8,98,90c08b842f90c0950
603026,569522,129,33504,827e5494d1a3abf42f9e66be86cfdea8c5c2c74f041c5e1480b901045b7d7482[00^31]40[00^31]a0[00^31]40640
603155,579132,3,24023,6334370
603159,556503,3,46656,6437620
603168,579094,3,24074,3465310
603171,601648,3,1523,3235370
603176,569747,3,33429,3962360
603189,568862,3,34327,3662610
603196,592534,4,10662,376330630
603200,568844,3,34356,6564660
603204,537748,4,65456,353632370
603208,589366,3,13842,6665330
603215,589506,3,13709,3462660
603218,592562,33,10656,[00^31]40310
603256,568846,3,34410,6663640
603259,545122,3,58137,6438340
603262,540605,3,62657,3939390
603265,544812,3,58453,3434390
603273,579039,3,24234,3038630
603276,568878,3,34398,3665630
603280,545050,4,58230,623038620
603284,601564,3,1720,6135310
603292,545158,3,58134,6237330
603296,592554,3,10742,6538630
603304,603164,3,140,3266380
603310,592518,3,10792,6265330
603314,602866,51,448,c0[00^44]3002ee82e7080
603365,567173,3,36192,06842f0
603368,602920,95,448,90c08b842f90c09583010b3694cce9d3f392c135dc038b147ca73ec496f7f89d938084183ff085c0[00^46]013302f9012f82e7080
603464,603016,138,448,842f90c08b842f90c095827e5494d1a3abf42f9e66be86cfdea8c5c2c74f041c5e1480b901045b7d7482[00^31]40[00^31]a0[00^31]400
603603,556488,4,47115,313662640
603608,545054,3,58554,3162350
603615,592628,3,10987,6361330
603624,589389,3,14235,6436360
603630,544792,3,58838,6561390
603633,603198,3,435,3063650
603636,556426,3,47210,6563640
603650,544695,3,58955,3766330
603654,568966,3,34688,6664380
603660,568932,3,34728,3731660
603663,603202,3,461,6638350
603666,579058,33,24608,[00^31]40300
603699,592608,3,11091,3836650
603703,568965,3,34738,3266640
603706,603257,3,449,6364640
603710,601528,3,2182,6239370
603713,556422,3,47291,3033370
603717,592631,3,11086,3430310
603736,568879,3,34857,6563300
603739,544716,3,59023,6638330
603744,556511,3,47233,6636310
603749,540844,3,62905,6332660
603753,601662,3,2091,3265360
603759,556722,3,47037,3963640
603762,556530,53,47232,c0[00^43]013302f9012f82e7080
603815,567271,3,36544,04842f0
603818,603466,136,352,90c08b842f90c095827e5494d1a3abf42f9e66be86cfdea8c5c2c74f041c5e1480b901045b7d7482[00^31]40[00^31]a0[00^31]400
603956,556824,3,47132,3738620
603969,589394,3,14575,6664340
603974,556846,3,47128,3838640
603979,578994,3,24985,3566650
603986,603633,3,353,3063650
603989,579104,3,24885,3538340
603999,603303,3,696,6132660
604004,592633,3,11371,3130330
604011,556761,3,47250,6166310
604014,603305,3,709,6638620
604018,568882,33,35136,[00^31]40360
604053,556470,3,47583,3566360
604057,601657,3,2400,3234380
604060,601577,3,2483,3239660
604064,603640,3,424,3136330
604073,556387,3,47686,3932310
604076,568850,3,35226,6539630
604080,568914,3,35166,3635350
604083,603196,3,887,3763300
604090,601570,3,2520,6430380
604097,604092,3,5,3835300
604105,545165,3,58940,6235300
604110,568943,3,35167,3039330
604114,603762,53,352,c0[00^43]013302f9012f82e7080
604167,589223,3,14944,0e842f0
604170,603818,136,352,90c08b842f90c095827e5494d1a3abf42f9e66be86cfdea8c5c2c74f041c5e1480b901045b7d7482[00^31]40[00^31]a0[00^31]400
604312,589461,3,14851,3262310
604315,540635,3,63680,3836320
604320,568826,3,35494,3734390
604323,540596,3,63727,3630340
604327,579003,3,25324,3137620
604333,568848,3,35485,6430650
604346,545144,3,59202,3431330
604349,544686,3,59663,3738390
604356,603293,3,1063,3733640
604363,556481,3,47882,3261630
604366,569674,3,34692,6332390
604369,556433,33,47936,34[00^31]400
604403,604354,4,49,346437330
604407,603709,3,698,6162390
604412,556765,3,47647,3037360
604415,592523,3,11892,6535340
604419,568869,3,35550,3537660
604422,601549,3,2873,3137650
604425,603745,3,680,3631630
604431,603986,3,445,3063650
604434,604069,4,365,623832370
604439,568862,4,35577,366261660
604444,579011,3,25433,6335650
604447,579102,5,25345,37323538340
604452,556780,3,47672,6263340
604456,576023,3,28433,3930330
604462,589458,3,15004,6437380
604466,604114,45,352,c0[00^43]010
604511,553983,8,50528,f402f901f082e7080
604519,544871,11,59648,08842f8de966842f8de96f0
604534,589590,23,14944,9480e38291e06339d10aab483c65695d004dbd5c6980b90
604563,567642,63,36921,[00^12]7f72e0d8e9abf9133a92322b8b50bd8e0f9dcfcb[00^31]0
604626,584841,32,19785,c0[00^30]010
604659,602273,25,2386,[00^24]040
604691,595754,63,8937,[00^62]010
604755,601818,44,2937,[00^31]02[00^12]0
604799,566367,44,38432,7d43aabc515c356145049227cee54b608342c0ad[00^23]010
604851,539818,107,65033,[00^95]20[00^11]0
604958,566686,52,38272,007fa2a0db85e3dee05c6ada495391f8daf995acdf[00^31]0
605010,601169,44,3841,00c0[00^42]0
605054,566110,9,38944,029402f9029082e7080
605063,555719,3,49344,03842f0
605066,593449,10,11617,8b807f842f8b808983010
605078,566134,86,38944,9480e38291e06339d10aab483c65695d004dbd5c6980b902642cc4081e[00^31]60[00^25]0
605171,589779,31,15392,[00^28]64fab30
605203,566259,151,38944,[00^31]01[00^31]20[00^31]60[00^12]7d43aabc515c356145049227cee54b608342c0ad[00^23]0
605354,602814,2,2540,00330
605363,566419,256,38944,[00^31]01[00^31]20[00^12]7f72e0d8e9abf9133a92322b8b50bd8e0f9dcfcb[00^31]80[00^62]01[00^32]60[00^12]7d43aabc515c356145049227cee54b608342c0ad0
605619,566675,12,38944,[00^12]0
605651,566707,107,38944,[00^31]01[00^32]c0[00^42]0
605758,590981,2,14777,00580
605763,593443,16,12320,82e70880842f8b807f842f8b808983010
605809,588497,2,17312,00a40
605815,605023,32,792,[00^31]020
605848,601176,46,4672,[00^39]7102f86e82e7080
605895,593575,53,12320,842f8b807f842f8b808982eb8694176211869ca2b568f2a7d4ee941e073a821ee1ff80b844095ea7b3[00^12]0
605948,591420,48,14528,678aa4bf4e210cf2166753e054d5b7c31cc7fa86[00^28]0
605996,584029,2,21967,001e0
606000,601328,55,4672,c0[00^45]013302f9012f82e7080
606061,606056,4,5,842e13100
606066,603826,129,2240,827e5494d1a3abf42f9e66be86cfdea8c5c2c74f041c5e1480b901045b7d7482[00^31]40[00^31]a0[00^31]40610
606195,545067,3,61128,6561330
606200,603197,3,3003,6330630
606203,589378,3,16825,6639660
606207,603155,3,3052,6334370
606213,603996,3,2217,6337610
606216,592638,3,13578,3538310
606223,592632,3,13591,3031300
606227,579139,3,27088,6539340
606236,603161,3,3075,6238380
606239,604327,3,1912,3137620
606242,579143,3,27099,3763370
606248,544775,3,61473,3436650
606253,592640,3,13613,3165660
606258,606162,33,96,[00^31]40610
606291,601637,3,4654,6462610
606297,568829,3,37468,3835650
606300,556758,3,49542,3533340
606306,568956,3,37350,3338380
606314,604091,3,2223,3038350
606321,592648,3,13673,6535320
606329,545147,3,61182,6634310
606334,603170,3,3164,3132350
606339,568860,3,37479,3964360
606343,601635,3,4708,6134640
606346,569787,3,36559,6535630
606355,551955,44,54400,[00^43]070
606399,567263,3,39136,9b02f90
606403,567267,4,39136,9782e7080
606409,606056,10,353,842e131051842e1310580
606423,552022,22,54401,940cab6977a9c70e04458b740476b498b214019641860
606450,552049,3,54401,00b9070
606454,552053,8,54401,a4d73041[00^4]0
606462,595685,2,10777,00650
606502,584950,20,21552,eeeeeeeeeeeeeeeeeeeeeeeeeeeeeeeeeeeeeeee0
606534,552133,20,54401,7538262ae993ca117a0e481f908209137a46268e0
606558,606397,2,161,00070
606602,606558,1,44,000
606618,552217,64,54401,[00^31]c0[00^30]06800
606683,605575,12,1108,[00^11]600
606714,552313,12,54401,003201[00^6]c803e80
606726,606470,20,256,2275fe0244d75b42dfcf1774f50c7bd83f6e163d0
606746,550136,7,56610,[00^6]5a0
606753,606446,5,307,dbc80358000
606758,598188,19,8570,[00^18]210
606778,606746,30,32,[00^6]5adbc80358[00^19]0
606810,606778,31,32,[00^6]5adbc80358[00^19]1c0
606842,606746,31,96,[00^6]5adbc80358[00^19]210
606874,606842,31,32,[00^6]5adbc80358[00^19]210
606906,606810,31,96,[00^6]5adbc80358[00^19]1c0
606938,606874,31,64,[00^6]5adbc80358[00^19]210
606970,606906,31,64,[00^6]5adbc80358[00^19]1c0
607002,606938,31,64,[00^6]5adbc80358[00^19]210
607034,606970,31,64,[00^6]5adbc80358[00^19]1c0
607066,607034,31,32,[00^6]5adbc80358[00^19]1c0
607098,607066,31,32,[00^6]5adbc80358[00^19]1c0
607130,607002,31,128,[00^6]5adbc80358[00^19]210
607162,607130,31,32,[00^6]5adbc80358[00^19]210
607194,607162,31,32,[00^6]5adbc80358[00^19]210
607226,607098,31,128,[00^6]5adbc80358[00^19]1c0
607258,607194,31,64,[00^6]5adbc80358[00^19]210
607290,607258,31,32,[00^6]5adbc80358[00^19]210
607322,607290,31,32,[00^6]5adbc80358[00^19]210
607354,607226,31,128,[00^6]5adbc80358[00^19]1c0
607386,607322,31,64,[00^6]5adbc80358[00^19]210
607418,607386,31,32,[00^6]5adbc80358[00^19]210
607450,607354,31,96,[00^6]5adbc80358[00^19]1c0
607482,607418,31,64,[00^6]5adbc80358[00^19]210
607514,607450,31,64,[00^6]5adbc80358[00^19]1c0
607546,607482,31,64,[00^6]5adbc80358[00^19]210
607578,607514,31,64,[00^6]5adbc80358[00^19]1c0
607610,607546,31,64,[00^6]5adbc80358[00^19]210
607642,607610,31,32,[00^6]5adbc80358[00^19]210
607674,607578,31,96,[00^6]5adbc80358[00^19]1c0
607706,607674,31,32,[00^6]5adbc80358[00^19]1c0
607738,607706,30,32,[00^6]5adbc80358[00^19]0
607770,607738,31,32,[00^6]5adbc80358[00^19]150
607802,607642,31,160,[00^6]5adbc80358[00^19]210
607834,607706,31,128,[00^6]5adbc80358[00^19]1c0
607866,607802,31,64,[00^6]5adbc80358[00^19]210
607898,607834,31,64,[00^6]5adbc80358[00^19]1c0
607930,607866,31,64,[00^6]5adbc80358[00^19]210
607962,607898,31,64,[00^6]5adbc80358[00^19]1c0
607994,607930,31,64,[00^6]5adbc80358[00^19]210
608026,607962,31,64,[00^6]5adbc80358[00^19]1c0
608058,607994,31,64,[00^6]5adbc80358[00^19]210
608090,608026,31,64,[00^6]5adbc80358[00^19]1c0
608122,608058,31,64,[00^6]5adbc80358[00^19]210
608154,608090,31,64,[00^6]5adbc80358[00^19]1c0
608186,608122,31,64,[00^6]5adbc80358[00^19]210
608218,608186,31,32,[00^6]5adbc80358[00^19]210
608250,608218,31,32,[00^6]5adbc80358[00^19]210
608282,607770,31,512,[00^6]5adbc80358[00^19]150
608313,606905,31,1408,71[00^6]5adbc80358[00^19]0
608346,602330,37,6016,c0[00^35]010
608383,594591,53,13792,0df9010a01842aea5400829d78940872ec4426103482a50f26ffc32acefcec61b3c980b8e4f242432a[00^12]0
608436,597148,20,11288,3aa95afda96ad4a75522d8f54b6b8c8867f0526c0
608456,570248,256,38208,[00^12]aec3cacef9457ff2821d9f85429ce3d90b001459[00^31]05[00^31]01[00^31]a0[00^64]82e7088080[00^49]010df9010a01842aea540
608712,570504,44,38208,00829d78940872ec4426103482a50f26ffc32acefcec61b3c980b8e4f242432a[00^12]0
608756,597088,20,11668,b1a8a26c3fe0a142d71053bcc8664108d4cd45750
608776,594664,256,14112,[00^12]aec3cacef9457ff2821d9f85429ce3d90b001459[00^31]05[00^31]01[00^31]a0[00^64]82e7088080[00^49]01eff901ec80842aea540
609032,594920,225,14112,0083015f90940872ec4426103482a50f26ffc32acefcec61b3c980b901c4d4dfd6bc[00^127]01[00^31]01[00^28]6514140
609258,546730,161,62528,[00^63]05[00^62]0140[00^31]41fc0
609482,594506,138,14976,1b[00^31]82e7088080[00^47]010df9010a01842aea5400829d78940872ec4426103482a50f26ffc32acefcec61b3c980b8e4f242432a[00^12]0
609620,597128,20,12492,c0416708b0f643119608167749906c515b8198990
609640,608776,256,864,[00^12]aec3cacef9457ff2821d9f85429ce3d90b001459[00^31]05[00^31]01[00^31]a0[00^64]82e7088080[00^49]01eff901ec80842aea540
609896,609032,224,864,0083015f90940872ec4426103482a50f26ffc32acefcec61b3c980b901c4d4dfd6bc[00^127]01[00^31]01[00^28]65140
610122,595690,161,14432,[00^63]05[00^62]0140[00^31]41440
610346,582346,87,28000,1b[00^31]82e7088080[00^48]2ceb0
610433,596385,10,14048,4e842aea5400825208940
610463,596319,66,14144,865af3107a40008082e7088080[00^51]2ceb0
610530,610434,9,96,842aea5400825208940
610559,560351,77,50208,865af3107a40008082e7088080[00^50]01eff901ec80842aea54008301590
610636,554005,221,56631,1c940872ec4426103482a50f26ffc32acefcec61b3c980b901c4d4dfd6bc[00^127]01[00^31]01[00^28]6522110
610858,610122,160,736,[00^63]05[00^62]0140[00^31]410
611082,610346,85,736,1b[00^31]82e7088080[00^48]0
611167,605815,32,5352,[00^31]020
611200,598769,20,12431,8cd398f7b6a869ada246818a6ee3f26346de3ca90
611220,599146,20,12074,4371b56325fe9335e91d5f87aed5403fcdbea8660
611240,582812,20,28428,e93685f3bba03016f02bd1828badd6195988d9500
611260,611240,20,20,e93685f3bba03016f02bd1828badd6195988d9500
611280,600958,20,10322,e815264a16e15dd1d8c9404905432a0d60fad92b0
611317,600754,2,10563,00b70
611340,602026,20,9314,3764630307e5095d5f0a0891543b7ed41738d69f0
611360,602608,20,8752,45ddf217e45b6098c7f82e0de475ac4c737a20d80
611480,572712,20,38768,f8c2f5617408d94e0109c016a5806de1092393500
611540,604959,20,6581,7fa2a0db85e3dee05c6ada495391f8daf995acdf0
611560,605631,20,5929,84167e276f9f4fce0825a59b61ee61c4a0966e910
611611,569338,2,42273,00850
611640,606490,8,5150,84ff5b0a8162e60a0
611648,606522,12,5126,fc599ad98d7209eeb36a6a140
611660,608436,20,3224,3aa95afda96ad4a75522d8f54b6b8c8867f0526c0
611680,608756,20,2924,b1a8a26c3fe0a142d71053bcc8664108d4cd45750
611700,596299,20,15401,a5866ac516395d4e1f54d23813ebc3bd9ad077950
611720,609620,20,2100,c0416708b0f643119608167749906c515b8198990
611740,596395,20,15345,498f00284b4ca84bb60005876e97d4d7dd439d5d0
611760,573132,20,38628,b268e06dd9826e7c47c4b6bbc9f16df2d3bdc9ae0
611780,573092,20,38688,161dbc3f770dc97288eed3c864daba618a209a240
611800,596493,20,15307,7904110ca274b7d2283597498e752a8cc19138590
611820,611146,52,674,[00^52]0
66320,106,4869,[00^56]130,e7231,088,80128,80128,[00^45]1
371295,341503,3,29792,6d109,f8248,6b107,011
371299,341507,7,29792,84132,3553,a4164,e9233,0083131,011,011
371329,370208,3,1121,80128,b8184,4468,011
371336,355835,13,15501,[00^12]125,011
371368,359407,80,11961,[00^31]1,82130,e7231,088,80128,80128,[00^43]1
371448,371393,7,55,[00^6]1,011
371460,371400,3,60,82130,e7231,088,011
371473,358636,22,12837,94148,80128,e3227,82130,91145,e0224,6399,3957,d1209,0a10,ab171,4872,3c60,65101,69105,5d93,004d77,bd189,5c92,69105,87135,011
371495,311570,7,59925,2739,1420,71113,1420,87135,80128,00011
371502,366755,3,4747,b9185,011,c4196,011
371509,358992,63,12517,[00^12]127,72114,e0224,d8216,e9233,ab171,f9249,1319,3a58,92146,3250,2b43,8b139,5080,bd189,8e142,0f15,9d157,cf207,cb203,[00^31]1
371572,328211,32,43361,c0192,[00^30]1,011
371605,366795,95,4810,[00^94]1,011
371701,328340,87,43361,[00^31]2,[00^55]1
371788,311568,21,60220,00002739,1420,71113,1420,87135,80128,[00^13]1
371809,355847,44,15962,7d125,4367,aa170,bc188,5181,5c92,3553,6197,4569,044,92146,2739,ce206,e5229,4b75,6096,83131,4266,c0192,ad173,[00^24]1
371861,361267,44,10594,[00^31]32,[00^12]1
371925,361555,73,10370,[00^32]192,[00^40]1
371998,328990,9,43008,022,d4212,022,f9249,022,d0208,82130,e7231,088,011
372008,371464,5,544,84132,3048,b2178,a5165,db219,011
372013,371464,6,549,84132,3048,b2178,a5165,db219,83131,011
372019,329011,254,43008,044,9c156,64100,94148,ab171,ef239,cf207,f8248,1b27,1f31,0090144,5f95,5e94,fc252,5888,71113,6298,6e110,79121,3e62,2032,a5165,dc220,80128,b9185,022,a4164,3351,1218,3957,2638,[00^29]2,a1161,6d109,[00^12]70,93147,5888,b4180,72114,4b75,a9169,5888,1218,82130,6096,5f95,80128,099,2234,bf191,5484,3c60,1d29,4569,[00^31]160,[00^30]1,6096,[00^30]2,2032,[00^31]5,[00^28]12,1d29,011
372275,372243,31,32,[00^28]12,1d29,044,011
372307,372275,31,32,[00^28]12,1d29,044,011
372339,372307,31,32,[00^28]12,1d29,044,011
372371,372339,31,32,[00^28]12,1d29,044,011
372403,329395,224,43008,[00^31]5,[00^29]2,a1161,6d109,[00^29]2,a1161,6d109,[00^29]2,a1161,6d109,[00^29]2,a1161,6d109,[00^29]2,a1161,6d109,[00^31]65,011
372691,342931,75,29760,1c28,[00^31]192,[00^42]1
372774,372013,6,761,84132,3048,b2178,a5165,db219,83131,011
372819,372115,57,704,[00^31]160,[00^25]1
372876,372805,7,71,e9233,ad173,95149,ff255,d0208,f3243,4064,011
372915,368512,44,4403,[00^30]4,4064,[00^12]1
372979,370689,62,2290,[00^31]1,[00^30]1
373042,323615,32,49427,c0192,[00^30]33,011
373075,371702,57,1373,[00^30]2,[00^26]1
373139,373075,30,64,[00^30]1
373171,344443,57,28728,[00^30]2,4064,[00^25]1
373228,372876,7,352,e9233,ad173,95149,ff255,d0208,f3243,4064,011
373235,373171,31,64,[00^30]2,011
373267,373235,31,32,[00^30]2,011
373299,357243,60,16056,[00^30]3,[00^29]1
373359,373327,3,32,0000033,011
373362,353791,32,19571,4064,[00^30]3,011
373395,338016,62,35379,[00^30]3,80128,[00^30]1
373457,371167,2,2290,001420,011
373479,371747,43,1732,[00^43]1
373523,371636,63,1887,[00^63]1
373586,373522,65,64,1420,[00^63]20,011
373651,373459,64,192,7e126,5181,5484,3452,4670,f5245,4e78,3e62,c5197,ae174,6096,4e78,3755,1319,af175,3452,033,a0160,82130,1521,[00^43]20,011
373715,373651,127,64,7e126,5181,5484,3452,4670,f5245,4e78,3e62,c5197,ae174,6096,4e78,3755,1319,af175,3452,033,a0160,82130,1521,[00^43]20,7e126,5181,5484,3452,4670,f5245,4e78,3e62,c5197,ae174,6096,4e78,3755,1319,af175,3452,033,a0160,82130,1521,[00^43]1
373842,373841,97,1,[00^97]1
373939,371400,43,2539,82130,e7231,088,80128,80128,[00^38]1
373987,333478,3,40509,055,84132,2f47,011
373992,371303,2,2689,0083131,011
373997,328119,189,45878,94148,1d29,011,88136,c4196,b2178,76118,a0160,93147,66102,d0208,5d93,6b107,e0224,6a106,f6246,1a26,73115,bc188,75117,3553,80128,b9185,033,2436,d3211,1117,5a90,8a138,[00^31]96,[00^31]192,[00^30]1,2032,[00^31]2,[00^12]23,6298,1117,86134,9c156,a2162,b5181,68104,f2242,a7167,d4212,ee238,94148,1e30,077,3a58,82130,1e30,e1225,ff255,011
374186,356858,63,17328,ee238,ee238,ee238,ee238,ee238,ee238,ee238,ee238,ee238,ee238,ee238,ee238,ee238,ee238,ee238,ee238,ee238,ee238,ee238,ee238,ee238,ee238,ee238,ee238,ee238,ee238,ee238,ee238,ee238,ee238,ee238,ee238,[00^31]1
374250,368770,29,5480,[00^28]16,011
374282,357018,127,17264,[00^63]2,[00^31]64,[00^30]1,011
374410,357146,95,17264,[00^12]226,c6198,7a122,9b155,1521,e9233,e7231,ff255,8a138,9c156,b0176,df223,b8184,fe254,e5229,6096,99153,2335,e5229,db219,[00^31]96,[00^31]1
374505,328627,34,45878,c0192,[00^31]2,00011
374539,357563,31,16976,022,[00^14]127,ff255,ff255,ff255,ff255,ff255,ff255,ff255,ff255,ff255,ff255,ff255,ff255,ff255,ff255,ff255,011
374571,328661,31,45910,011,[00^14]127,ff255,ff255,ff255,ff255,ff255,ff255,ff255,ff255,ff255,ff255,ff255,ff255,ff255,ff255,ff255,011
374602,328724,160,45878,[00^32]5,[00^62]96,[00^31]160,[00^31]1,011
374763,357307,23,17456,011,[00^14]255,ff255,ff255,ff255,ff255,ff255,ff255,ff255,011
374794,366344,84,8450,[00^32]130,e7231,088,80128,80128,[00^47]1
374880,369824,3,5056,022,f9249,011,011
374884,360099,4,14785,82130,e7231,088,81129,011
374894,374889,4,5,84132,2f47,6b107,9a154,011
374899,346066,129,28833,82130,7e126,5484,94148,d1209,a3163,ab171,f4244,2f47,9e158,66102,be190,86134,cf207,de222,a8168,c5197,c2194,c7199,4f79,044,1c28,5e94,1420,80128,b9185,011,044,5b91,7d125,74116,82130,[00^31]64,[00^31]160,[00^31]64,3856,011
375029,331509,3,43520,3957,3957,6399,011
375033,348518,3,26515,64100,3654,3351,011
375049,346332,3,28717,3452,6399,3048,011
375055,326694,3,48361,3452,3755,3351,011
375061,311886,3,63175,3755,3149,66102,011
375072,331597,3,43475,6399,66102,6298,011
375077,326682,3,48395,3351,66102,66102,011
375081,331515,4,43566,6399,3957,3553,6399,011
375085,362896,4,12189,3553,3553,3351,3048,011
375090,346257,33,28833,3351,[00^31]64,011
375123,370017,3,5106,3957,3048,64100,011
375131,331629,3,43502,6298,3957,64100,011
375143,348498,3,26645,3452,3452,3351,011
375146,311017,3,64129,6197,6197,3351,011
375150,362917,3,12233,64100,3553,3048,011
375155,331612,3,43543,6298,3250,3351,011
375160,375035,3,125,3351,3351,65101,011
375164,348520,3,26644,3351,6197,6298,011
375168,346329,3,28839,6399,3351,6298,011
375174,331476,3,43698,3957,3755,3957,011
375180,359872,3,15308,6197,66102,6399,011
375187,362579,44,12608,c0192,[00^42]1,011
375231,312159,3,63072,3b59,022,f9249,011
375235,312163,7,63072,3755,82130,e7231,088,80128,84132,2f47,011
375242,374891,8,351,6b107,9a154,70112,84132,2f47,6b107,9a154,7a122,011
375250,355762,3,19488,83131,033,3250,011
375254,355766,21,19488,94148,2739,2e46,1521,6d109,f8248,da218,5181,3c60,69105,cb203,4165,cc204,7a122,99153,1824,5d93,5383,f9249,2638,bb187,011
375275,329802,8,45473,87135,077,1a26,fd253,4973,8d141,0000011
375283,355796,101,19487,b9185,011,044,a8168,c9201,ed237,67103,[00^12]229,d7215,c2194,a4164,4f79,fd253,df223,6b107,2941,5a90,1521,c1193,4872,1622,7d125,aa170,af175,5c92,f3243,4f79,[00^12]125,4367,aa170,bc188,5181,5c92,3553,6197,4569,044,92146,2739,ce206,e5229,4b75,6096,83131,4266,c0192,ad173,[00^30]1
375384,370871,2,4513,002840,011
375386,375373,12,13,[00^12]1
375398,337352,20,38046,b6182,ed237,c9201,cf207,77119,9c156,b3179,3856,cd205,fb251,0b11,1a26,6e110,d8216,e9233,f5245,1117,a9169,d0208,3755,011
375418,368320,30,7098,[00^28]100,fa250,011
375450,329848,32,45602,[00^25]7,1a26,fd253,4973,8d141,0000011
375482,353510,25,21972,[00^24]45,011
375514,371925,69,3589,[00^32]192,[00^36]1
375583,363391,7,12192,71113,022,f8248,6e110,82130,e7231,088,011
375591,374889,11,702,84132,2f47,6b107,9a154,70112,84132,2f47,6b107,9a154,7a122,82130,011
375604,358165,40,17439,94148,1723,6298,1117,86134,9c156,a2162,b5181,68104,f2242,a7167,d4212,ee238,94148,1e30,077,3a58,82130,1e30,e1225,ff255,80128,b8184,4468,099,5e94,a7167,b3179,[00^12]1
375644,360119,20,15525,3351,3d61,8b139,4872,0b11,db219,2537,ea234,7b123,e4228,dd221,87135,ee238,b3179,5989,98152,8c140,e1225,b3179,0d13,011
375664,375202,29,462,[00^28]1,011
375696,364112,47,11584,c0192,[00^45]1,011
375743,369823,8,5920,3351,022,f9249,011,2f47,82130,e7231,088,011
375757,375752,4,5,84132,2f47,5e94,e2226,011
375762,359602,129,16160,82130,7e126,5484,94148,d1209,a3163,ab171,f4244,2f47,9e158,66102,be190,86134,cf207,de222,a8168,c5197,c2194,c7199,4f79,044,1c28,5e94,1420,80128,b9185,011,044,5b91,7d125,74116,82130,[00^31]64,[00^31]160,[00^31]64,6399,011
375892,326650,3,49242,6298,6197,3048,011
375901,359776,3,16125,3048,6298,64100,011
375904,370028,3,5876,66102,6197,64100,011
375916,331603,3,44313,64100,6298,3250,011
375921,346303,3,29618,3250,3351,3755,011
375930,348652,3,27278,3351,66102,3452,011
375933,346327,3,29606,3149,3250,6399,011
375939,375897,3,42,3856,3048,65101,011
375944,375039,3,905,3351,3048,3654,011
375949,370097,3,5852,6298,3553,3048,011
375954,346258,34,29696,[00^31]64,3553,3654,011
375991,311887,3,64104,3149,66102,65101,011
375996,348594,3,27402,3250,3351,3553,011
376002,348555,3,27447,3452,3553,3149,011
376006,326576,4,49430,6399,65101,3048,3755,011
376016,311000,3,65016,3553,64100,3654,011
376023,362869,3,13154,65101,6197,3452,011
376026,331615,3,44411,6298,3048,3856,011
376029,312004,3,64025,6298,3149,6298,011
376037,376035,3,2,3755,3149,3755,011
376040,376024,3,16,6197,3452,6298,011
376044,370007,3,6037,6197,3351,64100,011
376050,346354,45,29696,c0192,[00^43]2,011
376096,372000,3,4096,022,f9249,022,011
376100,374884,4,1216,82130,e7231,088,81129,011
376105,375752,10,353,84132,2f47,5e94,e2226,be190,84132,2f47,5e94,e2226,c8200,011
376119,360950,86,15169,94148,80128,e3227,82130,91145,e0224,6399,3957,d1209,0a10,ab171,4872,3c60,65101,69105,5d93,004d77,bd189,5c92,69105,80128,b9185,022,64100,2c44,c4196,088,1e30,[00^31]96,[00^25]1
376205,364208,5,11997,[00^4]115,011
376212,361043,31,15169,[00^28]100,fa250,b4180,011
376244,361075,108,15169,[00^31]1,[00^31]32,[00^31]96,[00^12]1
376352,360805,44,15547,4a74,f1241,5e94,c2194,a0160,bd189,4367,db219,75117,dd221,044,e6230,2f47,aa170,3b59,8e142,f3243,6b107,00d5213,[00^24]1
376404,376244,76,160,[00^31]1,[00^31]32,[00^12]1
376500,361331,140,15169,[00^31]128,[00^62]1,[00^32]96,[00^12]1
376640,376352,32,288,4a74,f1241,5e94,c2194,a0160,bd189,4367,db219,75117,dd221,044,e6230,2f47,aa170,3b59,8e142,f3243,6b107,00d5213,[00^12]1
376692,333081,102,43611,[00^31]2,[00^32]192,[00^37]1
376794,375226,16,1568,[00^4]1,3b59,022,f9249,011,3755,82130,e7231,088,80128,84132,2f47,011
376810,376107,9,703,5e94,e2226,be190,84132,2f47,5e94,e2226,c8200,83131,011
376819,375251,147,1568,033,3250,0b11,94148,2739,2e46,1521,6d109,f8248,da218,5181,3c60,69105,cb203,4165,cc204,7a122,99153,1824,5d93,5383,f9249,2638,bb187,87135,077,1a26,fd253,4973,8d141,0000b9185,011,044,a8168,c9201,ed237,67103,[00^12]229,d7215,c2194,a4164,4f79,fd253,df223,6b107,2941,5a90,1521,c1193,4872,1622,7d125,aa170,af175,5c92,f3243,4f79,[00^12]125,4367,aa170,bc188,5181,5c92,3553,6197,4569,044,92146,2739,ce206,e5229,4b75,6096,83131,4266,c0192,ad173,[00^31]40,[00^12]1
376966,322584,20,54382,d2210,c4196,b0176,84132,4e78,b2178,3d61,3b59,89137,044,4a74,c9201,2e46,2032,93147,de222,3048,077,ef239,a3163,011
376986,375418,172,1568,[00^28]100,fa250,89137,dd221,[00^25]7,1a26,fd253,4973,8d141,[00^26]45,92146,c3195,89137,93147,90144,f8248,e6230,[00^32]192,[00^36]113,022,f8248,6e110,82130,e7231,088,011
377159,375752,11,1407,84132,2f47,5e94,e2226,be190,84132,2f47,5e94,e2226,c8200,82130,011
377170,375602,42,1568,eb235,92146,94148,1723,6298,1117,86134,9c156,a2162,b5181,68104,f2242,a7167,d4212,ee238,94148,1e30,077,3a58,82130,1e30,e1225,ff255,80128,b8184,4468,099,5e94,a7167,b3179,[00^12]1
377212,331740,50,45472,67103,8a138,a4164,bf191,4e78,2133,0c12,f2242,1622,67103,5383,e0224,5484,d5213,b7183,c3195,1c28,c7199,fa250,86134,[00^28]2,9f159,011
377264,363888,53,13376,c0192,[00^46]48,022,ee238,82130,e7231,088,011
377322,369836,2,7486,0084132,011
377324,377319,3,5,2f47,5181,90144,011
377328,363952,79,13376,83131,011,0b11,3654,94148,cc204,e9233,d3211,f3243,92146,c1193,3553,dc220,033,8b139,1420,7c124,a7167,3e62,c4196,96150,f7247,f8248,9d157,93147,80128,84132,1824,3f63,f0240,85133,c0192,[00^47]1
377407,343007,7,34400,3149,022,ef239,82130,e7231,088,81129,011
377415,377318,11,97,84132,2f47,5181,90144,0084132,2f47,5181,90144,099,83131,011
377456,375696,47,1760,c0192,[00^45]1,011
377503,345727,11,31776,1a26,022,f9249,011,1622,82130,e7231,088,011,84132,2f47,011
377514,377417,9,97,5181,90144,0084132,2f47,5181,90144,099,83131,011
377526,345750,22,31776,94148,87135,3149,d5213,4e78,9d157,022,c2194,86134,76118,7d125,5686,ac172,033,e8232,033,7c124,077,e0224,1e30,98152,87135,011
377554,345778,51,31776,1e30,b8184,e4228,1117,1420,cd205,2a42,[00^31]184,[00^12]1
377625,375826,57,1799,[00^31]160,[00^25]1
377682,312205,7,65477,033,8d141,7e126,a4164,c6198,80128,00011
377689,377657,26,32,[00^25]3,011
377720,373746,33,3974,[00^32]20,011
377753,377605,32,148,1f31,0b11,088,fd253,86134,2e46,7f127,5787,3351,055,2840,044,9a154,9a154,088,3c60,d8216,1d29,7e126,b4180,[00^12]1
377785,348313,46,29472,c0192,[00^36]1,3351,022,f9249,011,2f47,82130,e7231,088,011
377832,377512,10,320,84132,2f47,5181,90144,0084132,2f47,5181,90144,099,011
377842,369842,129,8000,82130,7e126,5484,94148,d1209,a3163,ab171,f4244,2f47,9e158,66102,be190,86134,cf207,de222,a8168,c5197,c2194,c7199,4f79,044,1c28,5e94,1420,80128,b9185,011,044,5b91,7d125,74116,82130,[00^31]64,[00^31]160,[00^31]64,64100,011
377987,369984,3,8003,65101,3755,3351,011
377996,369977,3,8019,3149,3856,6399,011
378007,375940,3,2067,3048,65101,6298,011
378011,348655,3,29356,3452,3048,66102,011
378015,326567,3,51448,3957,65101,3553,011
378021,346338,3,31683,3048,6298,3957,011
378028,359788,3,18240,6298,3351,3957,011
378033,359793,33,18240,6197,[00^31]64,011
378067,348607,3,29460,66102,3856,3351,011
378071,331497,3,46574,3553,6197,65101,011
378076,348546,3,29530,3553,3452,3755,011
378080,348551,3,29529,3856,3250,3654,011
378084,377978,3,106,66102,3149,6298,011
378087,326571,3,51516,3452,6298,6197,011
378093,370066,3,8027,3250,3048,3149,011
378097,359870,3,18227,3654,66102,6197,011
378102,375904,3,2198,66102,6197,64100,011
378111,370101,3,8010,3553,6298,3250,011
378114,318073,3,60041,3452,3351,3957,011
378117,346211,3,31906,3149,66102,6197,011
378120,359883,3,18237,3452,3957,3755,011
378123,370092,3,8031,6197,3553,3351,011
378127,375138,3,2989,3654,3250,3957,011
378131,377363,51,768,[00^44]49,022,ef239,82130,e7231,088,81129,011
378183,377415,12,768,84132,2f47,5181,90144,0084132,2f47,5181,90144,099,83131,022,011
378218,377450,52,768,80128,84132,4e78,71113,d9217,2d45,c0192,[00^45]1
378270,318430,10,59840,003250,022,f0240,82130,e7231,088,80128,84132,2f47,011
378280,377834,9,446,5181,90144,0084132,2f47,5181,90144,099,82130,011
378289,369643,3,8646,5282,088,94148,011
378322,356210,52,22112,[00^45]113,022,f8248,6e110,82130,e7231,088,011
378380,378375,4,5,84132,2d45,f4244,2638,011
378409,377193,19,1216,80128,b8184,4468,099,5e94,a7167,b3179,[00^12]1
378448,369346,29,9102,[00^28]41,011
378480,364112,100,14368,c0192,[00^45]1,0d13,f9249,011,0a10,011,84132,2a42,ea234,5484,0082130,9d157,78120,94148,088,72114,ec236,4468,2638,1016,3452,82130,a5165,0f15,2638,ff255,c3195,2a42,ce206,fc252,ec236,6197,b3179,c9201,80128,b8184,e4228,f2242,4266,4367,2a42,[00^12]1
378600,349352,256,29248,[00^12]174,c3195,ca202,ce206,f9249,4569,7f127,f2242,82130,1d29,9f159,85133,4266,9c156,e3227,d9217,0b11,001420,5989,[00^31]5,[00^31]1,[00^31]160,[00^64]130,e7231,088,80128,80128,[00^49]1,0d13,f9249,011,0a10,011,84132,2a42,ea234,5484,011
378856,349608,44,29248,0082130,9d157,78120,94148,088,72114,ec236,4468,2638,1016,3452,82130,a5165,0f15,2638,ff255,c3195,2a42,ce206,fc252,ec236,6197,b3179,c9201,80128,b8184,e4228,f2242,4266,4367,2a42,[00^12]1
378920,378600,256,320,[00^12]174,c3195,ca202,ce206,f9249,4569,7f127,f2242,82130,1d29,9f159,85133,4266,9c156,e3227,d9217,0b11,001420,5989,[00^31]5,[00^31]1,[00^31]160,[00^64]130,e7231,088,80128,80128,[00^49]1,0d13,f9249,011,0a10,011,84132,2a42,ea234,5484,011
379176,378856,44,320,0082130,9d157,78120,94148,088,72114,ec236,4468,2638,1016,3452,82130,a5165,0f15,2638,ff255,c3195,2a42,ce206,fc252,ec236,6197,b3179,c9201,80128,b8184,e4228,f2242,4266,4367,2a42,[00^12]1
379240,349672,256,29568,[00^12]174,c3195,ca202,ce206,f9249,4569,7f127,f2242,82130,1d29,9f159,85133,4266,9c156,e3227,d9217,0b11,001420,5989,[00^31]5,[00^31]1,[00^31]160,[00^64]130,e7231,088,80128,80128,[00^49]1,ef239,f9249,011,ec236,80128,84132,2a42,ea234,5484,011
379496,349928,225,29568,0083131,011,5f95,90144,94148,088,72114,ec236,4468,2638,1016,3452,82130,a5165,0f15,2638,ff255,c3195,2a42,ce206,fc252,ec236,6197,b3179,c9201,80128,b9185,011,c4196,d4212,df223,d6214,bc188,[00^127]1,[00^31]1,[00^28]101,1420,1420,011
379722,366954,160,12768,[00^63]5,[00^62]1,4064,[00^31]65,011
379946,367178,85,12768,1c28,[00^31]130,e7231,088,80128,80128,[00^48]1
380031,351103,52,28928,ec236,f8248,ea234,011,84132,2a42,ea234,5484,0082130,9b155,2840,94148,088,72114,ec236,4468,2638,1016,3452,82130,a5165,0f15,2638,ff255,c3195,2a42,ce206,fc252,ec236,6197,b3179,c9201,80128,b8184,c4196,f2242,4266,4367,2a42,[00^12]1
380103,351175,215,28928,[00^12]1,e4228,a6166,6399,ff255,fa250,f1241,4367,0d13,3a58,3654,5888,8b139,2c44,1420,b7183,2234,3149,d8216,b4180,[00^31]5,[00^31]1,[00^31]160,[00^32]130,e7231,088,80128,80128,[00^50]1
380318,350462,235,29856,011,ef239,f9249,011,ec236,80128,84132,2a42,ea234,5484,0083131,011,5f95,90144,94148,088,72114,ec236,4468,2638,1016,3452,82130,a5165,0f15,2638,ff255,c3195,2a42,ce206,fc252,ec236,6197,b3179,c9201,80128,b9185,011,c4196,d4212,df223,d6214,bc188,[00^127]1,[00^31]1,[00^28]101,1420,1824,011
380554,379722,160,832,[00^63]5,[00^62]1,4064,[00^31]65,011
380778,379946,85,832,1c28,[00^31]130,e7231,088,80128,80128,[00^48]1
380863,351583,4,29280,2e46,ed237,82130,022,011
380868,366626,9,14242,84132,2a42,ea234,5484,0082130,5282,088,94148,011
380880,380862,2,18,002e46,011
380897,351617,62,29280,86134,5484,95149,3f63,f6246,d0208,0080128,82130,e7231,088,80128,80128,[00^49]1
380962,380868,9,94,84132,2a42,ea234,5484,0082130,5282,088,94148,011
380991,366559,66,14432,86134,5a90,f3243,1016,7a122,4064,0080128,82130,e7231,088,80128,80128,[00^51]44,eb235,011
381057,351009,10,30048,4f79,84132,2a42,ea234,5484,0082130,5282,088,94148,011
381087,351423,76,29664,86134,5a90,f3243,1016,7a122,4064,0080128,82130,e7231,088,80128,80128,[00^51]44,eb235,5181,84132,2a42,ea234,5484,0082130,5282,088,94148,011
381183,337055,96,44128,86134,5a90,f3243,1016,7a122,4064,0080128,82130,e7231,088,80128,80128,[00^82]2,011
381280,337152,20,44128,2f47,c6198,1723,e9233,3351,a5165,2739,1319,2436,7c124,e2226,5787,3048,f6246,69105,5989,2032,b3179,be190,fe254,011
381300,322304,20,58996,4569,a3163,1824,2739,3755,4973,d6214,eb235,00f5245,f6246,ca202,3b59,c7199,cd205,3d61,e2226,6d109,64100,2a42,011
381360,367316,20,14044,e9233,3654,85133,f3243,bb187,a0160,3048,1622,f0240,2b43,d1209,82130,8b139,ad173,d6214,1925,5989,88136,d9217,5080,011
381380,351792,20,29588,3d61,3957,1a26,ff255,fe254,d2210,2537,5a90,2d45,d0208,033,2537,c3195,a9169,6a106,5a90,8e142,022,3f63,f8248,011
381400,371905,20,9495,0d13,2739,68104,4367,c5197,6c108,2436,a0160,5a90,7d125,91145,0d13,3452,ae174,b7183,d2210,83131,e8232,088,3b59,011
381440,372959,20,8481,5585,5c92,e2226,3654,c0192,2234,066,95149,b6182,83131,4165,bc188,4872,c6198,8d141,5282,2133,0c12,c3195,5b91,011
381500,375398,20,6102,b6182,ed237,c9201,cf207,77119,9c156,b3179,3856,cd205,fb251,0b11,1a26,6e110,d8216,e9233,f5245,1117,a9169,d0208,3755,011
381560,376672,20,4888,86134,69105,5989,f5245,a6166,7c124,5b91,79121,1a26,7a122,4266,d7215,77119,a3163,3e62,3452,fd253,0e14,3c60,c6198,011
381580,376966,20,4614,d2210,c4196,b0176,84132,4e78,b2178,3d61,3b59,89137,044,4a74,c9201,2e46,2032,93147,de222,3048,077,ef239,a3163,011
381600,367636,20,13964,5f95,92146,a4164,0a10,6d109,5888,2e46,f8248,85133,6f111,a2162,7f127,cd205,91145,89137,68104,2b43,5484,f2242,a7167,011
381640,337312,20,44328,76118,b1177,70112,77119,ea234,5787,6c108,5383,1f31,2638,cc204,5f95,4c76,6197,3048,1420,b6182,bb187,b5181,e5229,011
381660,377753,20,3907,1f31,0b11,088,fd253,86134,2e46,7f127,5787,3351,055,2840,044,9a154,9a154,088,3c60,d8216,1d29,7e126,b4180,011
381700,381640,20,60,76118,b1177,70112,77119,ea234,5787,6c108,5383,1f31,2638,cc204,5f95,4c76,6197,3048,1420,b6182,bb187,b5181,e5229,011
381760,378580,20,3180,1521,3a58,5686,2d45,f4244,75117,9d157,3654,c1193,78120,c9201,c6198,91145,2b43,91145,90144,6d109,c0192,96150,0c12,011
381780,378900,20,2880,bd189,8e142,af175,4e78,71113,d5213,f4244,2c44,a3163,6399,1925,3b59,a1161,b4180,db219,4d77,6096,3957,1521,8e142,011
381800,379220,20,2580,9c156,b4180,1c28,3553,022,033,ac172,1016,8c140,e2226,8b139,ee238,67103,89137,011,4569,4569,ce206,f4244,77119,011
381840,380083,20,1757,fd253,2f47,81129,82130,ea234,6c108,5181,077,b8184,1622,68104,1218,b4180,ce206,4973,cd205,95149,9a154,84132,a6166,011
381880,380115,20,1765,011,e4228,a6166,6399,ff255,fa250,f1241,4367,0d13,3a58,3654,5888,8b139,2c44,1420,b7183,2234,3149,d8216,b4180,011
381900,352172,20,29728,1622,1d29,bc188,3f63,77119,0d13,c9201,72114,88136,ee238,d3211,c8200,64100,da218,ba186,6197,8a138,2032,9a154,2436,011
381920,352232,20,29688,5080,ee238,2a42,1723,89137,f7247,81129,74116,bf191,7f127,ad173,3a58,2e46,9b155,2133,de222,c8200,ed237,0e14,b7183,011
381940,352212,20,29728,b2178,68104,e0224,6d109,d9217,82130,6e110,7c124,4771,c4196,b6182,bb187,c9201,f1241,6d109,f2242,d3211,bd189,c9201,ae174,011
381960,381222,56,738,[00^56]1
382048,368320,31,13728,[00^28]100,fa250,85133,011
382080,377083,62,4997,[00^31]192,[00^30]1
382143,353215,32,28928,a0160,[00^30]37,011
382176,323744,62,58432,[00^30]40,2032,[00^30]1
382238,338014,64,44224,001c28,[00^30]3,80128,[00^30]1
382304,368608,31,13696,[00^30]6,011
382336,368640,31,13696,[00^30]7,011
382368,381986,31,382,[00^30]11,011
382399,323295,32,59104,c0192,[00^30]12,011
382431,352703,64,29728,6096,[00^30]15,[00^31]15,011
382496,382464,31,32,[00^30]15,011
382528,368768,62,13760,[00^30]16,80128,[00^30]1
382592,382560,30,32,[00^30]1
382624,352768,62,29856,[00^30]19,e0224,[00^30]1
382687,368799,32,13888,80128,[00^30]21,011
382719,344639,32,38080,[00^31]21,011
382752,352832,31,29920,[00^30]22,011
382784,352864,31,29920,[00^30]23,011
382816,368832,31,13984,[00^30]24,011
382848,382816,31,32,[00^30]24,011
382879,323487,32,59392,a0160,[00^30]25,011
382912,382209,61,703,[00^30]28,[00^30]1
382973,353117,2,29856,001e30,011
382976,368992,63,13984,[00^30]32,4064,[00^30]33,011
383040,383008,31,32,[00^30]33,011
383072,369056,94,14016,[00^30]34,4064,[00^30]34,a0160,[00^30]1
383166,369726,9,13440,003654,022,f4244,82130,e7231,088,82130,ab171,011
383176,369736,16,13440,85133,022,044,0e14,ba186,5282,85133,022,6b107,4468,df223,95149,82130,5a90,3c60,94148,011
383212,369772,50,13440,87135,3553,4a74,6b107,a7167,a1161,80128,077,80128,c0192,[00^40]1
383262,340894,8,42368,022,3250,f9249,022,2f47,83131,033,066,011
383270,325446,3,57824,4569,84132,3a58,011
383273,370345,4,12928,6f111,fa250,3a58,83131,011
383277,340909,127,42368,044,8d141,9c156,94148,cb203,5686,6e110,3b59,69105,3452,fa250,77119,2537,8d141,68104,ea234,1824,e9233,3149,fa250,75117,e1225,aa170,aa170,80128,b9185,022,044,6c108,4569,9a154,2840,[00^12]56,de222,71113,1218,4f79,7a122,4468,7a122,011,d6214,79121,4569,a5165,1e30,dc220,e9233,ff255,4973,1218,5181,[00^31]128,[00^28]100,fa250,d9217,011
383405,341037,99,42368,[00^30]1,4064,[00^31]132,70112,4367,1622,e5229,[00^31]1
383537,377721,32,5816,[00^31]20,011
383569,383505,63,64,4064,077,74116,9a154,7d125,dd221,3e62,3c60,85133,2e46,3452,f8248,5787,93147,0b11,5787,d1209,77119,1a26,65101,97151,e4228,055,ef239,5080,8b139,055,2a42,fe254,1016,67103,68104,[00^31]1
383632,380782,29,2850,[00^28]130,011
383791,355663,80,28128,[00^30]130,e7231,088,80128,80128,[00^44]1,011
383871,358303,4,25568,1521,f9249,011,1218,011
383885,377526,22,6359,94148,87135,3149,d5213,4e78,9d157,022,c2194,86134,76118,7d125,5686,ac172,033,e8232,033,7c124,077,e0224,1e30,98152,87135,011
383914,377555,50,6359,b8184,e4228,1117,1420,cd205,2a42,[00^31]184,[00^12]1
383984,380199,57,3785,[00^31]160,[00^25]1
384048,384016,25,32,[00^25]1
384080,383537,32,543,[00^31]20,011
384112,383964,32,148,1c28,7e126,75117,fa250,011,0e14,b3179,088,d0208,7b123,6c108,077,ca202,4f79,8b139,83131,0f15,099,0d13,df223,[00^12]1
384144,383821,46,323,82130,e7231,088,80128,80128,[00^41]1
384190,356574,12,27616,044,1b27,022,f9249,044,1723,82130,e7231,088,099,84132,3048,011
384202,372010,10,12192,b2178,a5165,db219,84132,3048,b2178,a5165,db219,83131,044,011
384214,327030,23,57184,94148,1d29,011,88136,c4196,b2178,76118,a0160,93147,66102,d0208,5d93,6b107,e0224,6a106,f6246,1a26,73115,bc188,75117,3553,87135,0e14,011
384243,356627,256,27616,b9185,033,e4228,d3211,1117,5a90,8a138,[00^31]96,[00^30]1,[00^31]1,a0160,[00^31]4,[00^12]23,6298,1117,86134,9c156,a2162,b5181,68104,f2242,a7167,d4212,ee238,94148,1e30,077,3a58,82130,1e30,e1225,ff255,[00^12]204,2234,f6246,aa170,6197,0d13,1b27,2a42,0e14,89137,ef239,2234,80128,79121,cb203,3e62,1824,3149,b1177,d1209,[00^12]226,c6198,7a122,9b155,1521,e9233,e7231,ff255,8a138,9c156,b0176,df223,b8184,fe254,e5229,6096,99153,2335,e5229,db219,ee238,ee238,ee238,ee238,ee238,ee238,ee238,ee238,ee238,ee238,ee238,ee238,ee238,ee238,ee238,ee238,ee238,ee238,ee238,ee238,ee238,ee238,ee238,ee238,ee238,011
384499,356883,256,27616,ee238,ee238,ee238,ee238,ee238,ee238,ee238,[00^31]4,[00^159]2,[00^31]64,[00^25]1
384755,357139,164,27616,[00^5]1,4064,[00^12]226,c6198,7a122,9b155,1521,e9233,e7231,ff255,8a138,9c156,b0176,df223,b8184,fe254,e5229,6096,99153,2335,e5229,db219,[00^31]96,[00^31]224,[00^31]3,[00^29]1
384922,357306,27,27616,022,011,[00^14]255,ff255,ff255,ff255,ff255,ff255,ff255,ff255,ff255,ff255,ff255,011
384954,327770,26,57184,033,[00^24]14,011
384980,384237,6,743,1420,76118,1622,d3211,c1193,ef239,011
384986,357370,256,27616,[00^32]1,[00^11]226,c6198,7a122,9b155,1521,e9233,e7231,ff255,8a138,9c156,b0176,df223,b8184,fe254,e5229,6096,99153,2335,e5229,db219,[00^31]96,[00^31]192,[00^31]2,011,011,[00^30]2,022,[00^14]127,ff255,ff255,ff255,ff255,ff255,ff255,ff255,ff255,ff255,ff255,ff255,ff255,ff255,ff255,ff255,[00^32]1
385242,357626,36,27616,c0192,[00^35]1
385278,378366,8,6912,0071113,022,f8248,6e110,82130,e7231,088,011
385287,384200,10,1087,84132,3048,b2178,a5165,db219,84132,3048,b2178,a5165,db219,011
385297,377169,43,8128,82130,eb235,92146,94148,1723,6298,1117,86134,9c156,a2162,b5181,68104,f2242,a7167,d4212,ee238,94148,1e30,077,3a58,82130,1e30,e1225,ff255,80128,b8184,4468,099,5e94,a7167,b3179,[00^12]1
385340,384215,20,1125,1d29,011,88136,c4196,b2178,76118,a0160,93147,66102,d0208,5d93,6b107,e0224,6a106,f6246,1a26,73115,bc188,75117,3553,011
385360,384990,29,370,[00^28]1,011
385392,360304,47,25088,c0192,[00^45]2,011
385453,347126,60,38327,94148,f8248,2537,3755,fb251,6c108,5686,a3163,b5181,0092146,d3211,95149,1f31,84132,f5245,f6246,c8200,3553,b4180,f5245,80128,b9185,022,4468,5a90,e4228,011,dc220,[00^28]100,fa250,86134,011
385514,347187,176,38327,[00^31]64,[00^31]2,[00^31]64,[00^30]1,6096,[00^31]228,044,e4228,5a90,af175,[00^12]1
385690,384390,32,1300,1723,6298,1117,86134,9c156,a2162,b5181,68104,f2242,a7167,d4212,ee238,94148,1e30,077,3a58,82130,1e30,e1225,ff255,[00^12]1
385722,347395,107,38327,e5229,d7215,c2194,a4164,4f79,fd253,df223,6b107,2941,5a90,1521,c1193,4872,1622,7d125,aa170,af175,5c92,f3243,4f79,[00^30]9,c4196,[00^31]2,[00^23]1
385829,384009,7,1820,[00^6]160,011
385838,382757,26,3081,[00^25]22,011
385870,347543,121,38327,[00^91]68,4973,4064,4b75,7c124,[00^25]1
385991,385863,19,128,1622,94148,94148,3856,6096,b5181,3452,[00^12]1
386030,380782,81,5248,[00^28]130,e7231,088,80128,80128,[00^48]1
386115,373988,5,12127,84132,2f47,af175,088,00011
386124,385722,20,402,e5229,d7215,c2194,a4164,4f79,fd253,df223,6b107,2941,5a90,1521,c1193,4872,1622,7d125,aa170,af175,5c92,f3243,4f79,011
386150,382918,25,3232,[00^24]28,011
386180,367208,59,18972,000082130,e7231,088,80128,80128,[00^52]1
386239,377311,6,8928,3048,022,ee238,82130,e7231,088,011
386246,376808,11,9438,84132,2f47,5e94,e2226,be190,84132,2f47,5e94,e2226,c8200,83131,011
386257,377329,78,8928,011,0b11,3654,94148,cc204,e9233,d3211,f3243,92146,c1193,3553,dc220,033,8b139,1420,7c124,a7167,3e62,c4196,96150,f7247,f8248,9d157,93147,80128,84132,1824,3f63,f0240,85133,c0192,[00^47]1
386335,385279,7,1056,71113,022,f8248,6e110,82130,e7231,088,011
386343,377159,11,9184,84132,2f47,5e94,e2226,be190,84132,2f47,5e94,e2226,c8200,82130,011
386377,371329,19,15048,80128,b8184,4468,a2162,2c44,b4180,65101,[00^12]1
386413,378899,2,7514,00bd189,011
386416,364080,79,22336,[00^31]1,c0192,[00^45]1,011
386495,355743,8,30752,3c60,022,f9249,011,3856,82130,e7231,088,011
386503,377831,3,8672,044,84132,2f47,011
386506,386248,9,258,5e94,e2226,be190,84132,2f47,5e94,e2226,c8200,83131,011
386518,355766,22,30752,94148,2739,2e46,1521,6d109,f8248,da218,5181,3c60,69105,cb203,4165,cc204,7a122,99153,1824,5d93,5383,f9249,2638,bb187,88136,011
386546,371500,4,15046,80128,00b9185,011,011
386550,376853,49,9697,044,a8168,c9201,ed237,67103,[00^12]229,d7215,c2194,a4164,4f79,fd253,df223,6b107,2941,5a90,1521,c1193,4872,1622,7d125,aa170,af175,5c92,f3243,4f79,[00^12]1
386599,342293,51,44306,1723,6298,1117,86134,9c156,a2162,b5181,68104,f2242,a7167,d4212,ee238,94148,1e30,077,3a58,82130,1e30,e1225,ff255,[00^31]1
386651,385998,13,653,[00^12]89,011
386664,337513,19,49151,67103,5888,cb203,bf191,0b11,1117,8d141,a1161,3b59,cf207,95149,a6166,9e158,ed237,055,0a10,b9185,7a122,0d13,011
386683,376986,31,9697,[00^28]100,fa250,89137,011
386715,386470,25,245,[00^24]1,011
386740,386541,7,199,fc252,099,be190,0a10,e1225,80128,00011
386747,370756,29,15991,[00^28]13,011
386779,385210,68,1569,[00^32]192,[00^35]1
386847,358143,7,28704,72114,022,f8248,6f111,82130,e7231,088,011
386855,386504,11,351,84132,2f47,5e94,e2226,be190,84132,2f47,5e94,e2226,c8200,83131,011
386869,329781,21,57088,94148,009a154,0b11,7c124,3856,b5181,4266,2032,89137,3654,f1241,1723,91145,5181,cd205,088,e2226,94148,3856,3351,011
386890,386377,3,513,80128,b8184,4468,011
386897,369394,13,17503,[00^12]42,011
386929,344347,32,42582,[00^28]29,cd205,65101,00011
386961,358257,46,28704,c0192,[00^44]1,011
387007,375743,11,11264,3351,022,f9249,011,2f47,82130,e7231,088,088,84132,2f47,011
387018,377834,136,9184,5181,90144,0084132,2f47,5181,90144,099,82130,7e126,5484,94148,d1209,a3163,ab171,f4244,2f47,9e158,66102,be190,86134,cf207,de222,a8168,c5197,c2194,c7199,4f79,044,1c28,5e94,1420,80128,b9185,011,044,5b91,7d125,74116,82130,[00^31]64,[00^31]160,[00^31]64,011
387158,370126,4,17032,3553,3351,64100,3149,011
387162,375153,3,12009,6197,66102,6298,011
387165,378108,3,9057,66102,3553,3351,011
387168,370024,3,17144,3452,65101,65101,011
387172,375931,3,11241,66102,3452,3149,011
387178,346241,3,40937,65101,3351,3149,011
387185,331501,3,55684,3957,6399,3856,011
387188,348531,3,38657,64100,3048,3654,011
387191,376022,3,11169,3048,65101,6197,011
387195,331617,3,55578,3856,3553,3351,011
387202,359880,3,27322,66102,3048,66102,011
387206,375146,3,12060,6197,6197,3351,011
387218,375858,34,11360,[00^31]64,6399,3351,011
387270,326572,3,60698,6298,6197,3553,011
387274,362799,3,24475,3957,3856,64100,011
387283,376014,3,11269,66102,65101,3553,011
387287,362813,3,24474,3755,66102,3351,011
387291,370025,3,17266,65101,65101,3553,011
387303,375141,3,12162,3250,65101,3452,011
387308,378067,3,9241,66102,3856,3351,011
387312,331632,54,55680,3957,6399,c0192,[00^44]113,022,f8248,6e110,82130,e7231,088,011
387366,377511,11,9855,011,84132,2f47,5181,90144,0084132,2f47,5181,90144,099,011
387377,385297,43,2080,82130,eb235,92146,94148,1723,6298,1117,86134,9c156,a2162,b5181,68104,f2242,a7167,d4212,ee238,94148,1e30,077,3a58,82130,1e30,e1225,ff255,80128,b8184,4468,099,5e94,a7167,b3179,[00^12]1
387440,385777,29,1663,[00^28]2,011
387472,360048,55,27424,c0192,[00^46]82,022,f8248,4f79,82130,e7231,088,81129,011
387528,377512,12,10016,84132,2f47,5181,90144,0084132,2f47,5181,90144,099,83131,077,011
387569,387507,12,62,[00^12]1
387581,381700,20,5881,76118,b1177,70112,77119,ea234,5787,6c108,5383,1f31,2638,cc204,5f95,4c76,6197,3048,1420,b6182,bb187,b5181,e5229,011
387601,378321,53,9280,c0192,[00^45]113,022,f8248,6e110,82130,e7231,088,011
387655,387367,11,288,84132,2f47,5181,90144,0084132,2f47,5181,90144,099,82130,011
387668,331700,40,55968,94148,a2162,1925,4367,92146,5888,ca202,9d157,a2162,9e158,9c156,c4196,ce206,5585,96150,92146,4771,4569,e1225,2b43,93147,80128,b8184,4468,099,5e94,a7167,b3179,[00^12]1
387728,361203,30,26525,[00^29]124,011
387760,386448,47,1312,c0192,[00^45]1,011
387808,387008,3,800,022,f9249,011,011
387812,331844,6,55968,82130,e7231,088,099,84132,2f47,011
387818,387530,9,288,5181,90144,0084132,2f47,5181,90144,099,83131,011
387851,379201,3,8650,80128,b8184,e4228,011
387858,338079,32,49779,[00^31]7,011
387890,328788,97,59102,[00^31]96,[00^31]160,[00^31]1,00011
387987,387986,29,1,[00^29]1
388018,387954,58,64,[00^31]1,[00^26]1
388082,387314,52,768,c0192,[00^44]113,022,f8248,6e110,82130,e7231,088,011
388134,386503,3,1631,044,84132,2f47,011
388140,388135,3,5,84132,2f47,3c60,011
388145,387377,43,768,82130,eb235,92146,94148,1723,6298,1117,86134,9c156,a2162,b5181,68104,f2242,a7167,d4212,ee238,94148,1e30,077,3a58,82130,1e30,e1225,ff255,80128,b8184,4468,099,5e94,a7167,b3179,[00^12]1
388188,386909,48,1279,2a42,d6214,9a154,0c12,f2242,72114,b9185,94148,1c28,7d125,dc220,ad173,a7167,b0176,2739,3e62,90144,4670,c4196,b0176,[00^28]1
388240,356368,54,31872,c0192,[00^46]114,022,f8248,6f111,82130,e7231,088,011
388300,388295,4,5,84132,2d45,c6198,a6166,011
388310,378428,20,9882,bf191,055,db219,69105,1723,6e110,4771,bf191,89137,a6166,b1177,9f159,74116,92146,d5213,077,5181,d2210,044,5282,011
388330,388169,3,161,80128,b8184,4468,011
388337,380586,60,7751,[00^31]5,[00^28]1
388397,378476,50,9921,2941,c9201,79121,ac172,c0192,[00^45]1
388447,348831,9,39616,5181,022,f8248,4e78,82130,e7231,088,80128,84132,011
388459,388454,6,5,80128,84132,2d45,6b107,3250,80128,011
388465,348849,163,39616,83131,011,0a10,3b59,94148,9d157,ba186,3149,e4228,92146,b7183,e9233,8b139,81129,95149,e2226,5484,ee238,1319,b6182,b0176,2739,e4228,a5165,9d157,80128,a4164,a7167,f6246,87135,92146,76118,6f111,74116,65101,[00^28]192,[00^45]1,0d13,f9249,011,0a10,011,84132,2a42,ea234,5484,0082130,9d157,78120,94148,088,72114,ec236,4468,2638,1016,3452,82130,a5165,0f15,2638,ff255,c3195,2a42,ce206,fc252,ec236,6197,b3179,c9201,80128,b8184,e4228,f2242,4266,4367,2a42,[00^12]1
388628,381860,20,6768,d0208,1b27,f4244,96150,1e30,066,2638,3b59,2234,4872,4771,3250,f0240,cf207,be190,1622,9f159,8d141,ad173,5a90,011
388648,379240,256,9408,[00^12]174,c3195,ca202,ce206,f9249,4569,7f127,f2242,82130,1d29,9f159,85133,4266,9c156,e3227,d9217,0b11,001420,5989,[00^31]5,[00^31]1,[00^31]160,[00^64]130,e7231,088,80128,80128,[00^49]1,ef239,f9249,011,ec236,80128,84132,2a42,ea234,5484,011
388904,379496,224,9408,0083131,011,5f95,90144,94148,088,72114,ec236,4468,2638,1016,3452,82130,a5165,0f15,2638,ff255,c3195,2a42,ce206,fc252,ec236,6197,b3179,c9201,80128,b9185,011,c4196,d4212,df223,d6214,bc188,[00^127]1,[00^31]1,[00^28]101,1420,011
389130,380554,160,8576,[00^63]5,[00^62]1,4064,[00^31]65,011
389290,386547,2,2743,00b9185,011
389354,364938,256,24416,1c28,[00^31]130,e7231,088,80128,80128,[00^47]1,ef239,f9249,011,ec236,80128,84132,2a42,ea234,5484,0083131,011,5f95,90144,94148,088,72114,ec236,4468,2638,1016,3452,82130,a5165,0f15,2638,ff255,c3195,2a42,ce206,fc252,ec236,6197,b3179,c9201,80128,b9185,011,c4196,d4212,df223,d6214,bc188,[00^127]1,011
389610,365194,63,24416,[00^31]1,[00^28]101,1420,1622,011
389674,389130,160,544,[00^63]5,[00^62]1,4064,[00^31]65,011
389898,365482,256,24416,1b27,[00^31]130,e7231,088,80128,80128,[00^47]1,ef239,f9249,011,ec236,80128,84132,2a42,ea234,5484,0083131,011,5f95,90144,94148,088,72114,ec236,4468,2638,1016,3452,82130,a5165,0f15,2638,ff255,c3195,2a42,ce206,fc252,ec236,6197,b3179,c9201,80128,b9185,011,c4196,d4212,df223,d6214,bc188,[00^127]1,011
390154,365738,62,24416,[00^31]1,[00^28]101,1420,011
390218,389674,160,544,[00^63]5,[00^62]1,4064,[00^31]65,011
390442,366026,138,24416,1c28,[00^31]130,e7231,088,80128,80128,[00^47]1,0d13,f9249,011,0a10,011,84132,2a42,ea234,5484,0082130,9d157,78120,94148,088,72114,ec236,4468,2638,1016,3452,82130,a5165,0f15,2638,ff255,c3195,2a42,ce206,fc252,ec236,6197,b3179,c9201,80128,b8184,e4228,f2242,4266,4367,2a42,[00^12]1
390580,381820,20,8760,3e62,85133,76118,b3179,3149,2f47,c6198,fd253,4872,3250,4e78,1723,7c124,c8200,f0240,a0160,d7215,c3195,99153,e8232,011
390600,366184,249,24416,[00^12]174,c3195,ca202,ce206,f9249,4569,7f127,f2242,82130,1d29,9f159,85133,4266,9c156,e3227,d9217,0b11,001420,5989,[00^31]5,[00^31]1,[00^31]160,[00^64]130,e7231,088,80128,80128,[00^50]44,eb235,011
390849,351393,10,39456,5383,84132,2a42,ea234,5484,0082130,5282,088,94148,011
390879,336959,76,53920,86134,5a90,f3243,1016,7a122,4064,0080128,82130,e7231,088,80128,80128,[00^51]44,eb235,5383,84132,2a42,ea234,5484,0082130,5282,088,94148,011
390975,390879,76,96,86134,5a90,f3243,1016,7a122,4064,0080128,82130,e7231,088,80128,80128,[00^51]44,eb235,5383,84132,2a42,ea234,5484,0082130,5282,088,94148,011
391071,366655,256,24416,86134,5a90,f3243,1016,7a122,4064,0080128,82130,e7231,088,80128,80128,[00^50]1,ef239,f9249,011,ec236,80128,84132,2a42,ea234,5484,0083131,011,5989,1016,94148,088,72114,ec236,4468,2638,1016,3452,82130,a5165,0f15,2638,ff255,c3195,2a42,ce206,fc252,ec236,6197,b3179,c9201,80128,b9185,011,c4196,d4212,df223,d6214,bc188,[00^127]1,[00^21]1
391327,366911,42,24416,[00^10]1,[00^28]101,2234,1218,011
391370,390218,160,1152,[00^63]5,[00^62]1,4064,[00^31]65,011
391533,384072,2,7461,004e78,011
391594,367178,116,24416,1c28,[00^31]130,e7231,088,80128,80128,[00^79]1
391712,381300,20,10412,4569,a3163,1824,2739,3755,4973,d6214,eb235,00f5245,f6246,ca202,3b59,c7199,cd205,3d61,e2226,6d109,64100,2a42,011
391732,351772,20,39960,b8184,ff255,87135,7e126,d7215,8b139,a5165,2032,ec236,e2226,1b27,1d29,e7231,84132,3a58,8a138,5787,ca202,4771,cb203,011
391752,384112,20,7640,1c28,7e126,75117,fa250,011,0e14,b3179,088,d0208,7b123,6c108,077,ca202,4f79,8b139,83131,0f15,099,0d13,df223,011
391812,386010,20,5802,5989,2a42,79121,85133,4771,e5229,1b27,bb187,ad173,73115,c5197,e8232,74116,f3243,a5165,e7231,ed237,2e46,7b123,fb251,011
391892,386663,20,5229,5989,67103,5888,cb203,bf191,0b11,1117,8d141,a1161,3b59,cf207,95149,a6166,9e158,ed237,055,0a10,b9185,7a122,0d13,011
391912,351892,20,40020,78120,b0176,5686,88136,be190,b4180,78120,a0160,3149,6096,cd205,75117,78120,066,d0208,89137,3452,077,bd189,c1193,011
391972,387581,20,4391,76118,b1177,70112,77119,ea234,5787,6c108,5383,1f31,2638,cc204,5f95,4c76,6197,3048,1420,b6182,bb187,b5181,e5229,011
391992,367656,20,24336,fc252,0c12,2d45,f0240,2b43,1622,1622,b0176,5c92,2234,b3179,044,4c76,5888,2c44,4165,5080,cf207,d3211,a9169,011
392052,381740,20,10312,0a10,3d61,077,055,93147,7c124,2e46,011,3755,5181,4f79,65101,ff255,1e30,84132,1218,4266,6197,3048,033,011
392090,391720,1,370,00011
392092,388628,20,3464,d0208,1b27,f4244,96150,1e30,066,2638,3b59,2234,4872,4771,3250,f0240,cf207,be190,1622,9f159,8d141,ad173,5a90,011
392112,380971,20,11141,b5181,b9185,3654,5383,3c60,c5197,7b123,da218,2a42,b9185,a7167,fe254,2e46,5e94,9e158,98152,7d125,d9217,4872,9c156,011
392132,381163,20,10969,af175,84132,5282,6a106,95149,7f127,74116,4266,ac172,5383,9a154,d3211,3d61,1521,aa170,6f111,6096,5787,ae174,3048,011
392152,381067,20,11085,e1225,72114,92146,3f63,87135,74116,2d45,3e62,4973,011,c0192,69105,4973,bd189,f6246,6a106,1c28,bd189,6197,6b107,011
392172,390580,20,1592,3e62,85133,76118,b3179,3149,2f47,c6198,fd253,4872,3250,4e78,1723,7c124,c8200,f0240,a0160,d7215,c3195,99153,e8232,011
392192,368036,20,24156,4064,088,2e46,6f111,1c28,1521,d2210,b2178,7b123,3d61,e8232,0c12,b7183,ad173,044,e9233,ed237,1218,1925,00011
392212,368016,20,24196,f2242,69105,e8232,5787,4569,83131,c2194,7f127,e7231,4b75,69105,b3179,f9249,98152,a6166,4e78,fd253,8d141,044,4872,011
392232,367996,20,24236,c6198,5383,4771,b4180,3048,1925,f8248,f4244,5383,d7215,b4180,86134,d2210,5989,fd253,6197,4670,da218,3351,4e78,011
392252,380877,20,11375,7f127,c3195,5787,002e46,8c140,81129,d4212,3a58,8f143,5686,8a138,3351,6c108,76118,a7167,b5181,74116,2840,3048,011
392272,391662,48,610,[00^48]1
392326,392319,1,7,00011
392352,382048,31,10304,[00^28]100,fa250,85133,011
392384,386780,62,5604,[00^31]192,[00^30]1
392448,392416,31,32,[00^30]45,011
392480,369472,62,23008,[00^30]48,2032,[00^30]1
392542,338365,32,54177,001e30,[00^30]1
392576,384507,31,8069,[00^30]4,011
392608,392576,31,32,[00^30]4,011
392640,368672,31,23968,[00^30]10,011
392672,382400,31,10272,[00^30]12,011
392703,382527,32,10176,e0224,[00^30]16,011
392736,382560,31,10176,[00^30]17,011
392768,382592,31,10176,[00^30]18,011
392800,382592,62,10208,[00^30]18,80128,[00^30]1
392862,382686,64,10176,1420,80128,[00^30]21,[00^31]1
392928,382784,31,10144,[00^30]23,011
392959,352863,32,40096,6096,[00^30]23,011
392992,382848,31,10144,[00^30]24,011
393024,352896,94,40128,[00^30]26,6096,[00^30]27,[00^31]1
393119,392512,32,607,[00^31]30,011
393152,393120,31,32,[00^30]30,011
393184,382976,94,10208,[00^30]32,4064,[00^30]33,80128,[00^30]1
393280,369152,31,24128,[00^30]36,011
393311,392289,32,1022,[00^31]38,011
393344,369312,62,24032,[00^30]40,4064,[00^30]1
393408,369376,62,24032,[00^30]42,c0192,[00^30]1
393472,391009,31,2463,[00^30]44,011
393504,383136,39,10368,[00^31]54,022,f4244,82130,e7231,088,82130,ab171,011
393544,383176,16,10368,85133,022,044,0e14,ba186,5282,85133,022,6b107,4468,df223,95149,82130,5a90,3c60,94148,011
393580,383212,50,10368,87135,3553,4a74,6b107,a7167,a1161,80128,077,80128,c0192,[00^40]1
393630,393534,9,96,003654,022,f4244,82130,e7231,088,82130,ab171,011
393640,393544,16,96,85133,022,044,0e14,ba186,5282,85133,022,6b107,4468,df223,95149,82130,5a90,3c60,94148,011
393676,358657,7,35019,87135,4771,0d13,e4228,df223,82130,00011
393683,393587,43,96,077,80128,c0192,[00^40]1
393732,393634,4,98,82130,e7231,088,82130,011
393738,369832,9,23906,84132,5989,68104,2f47,0084132,5989,68104,2f47,011
393781,387890,62,5891,[00^31]96,[00^30]1
393843,368574,33,25269,044,a0160,[00^30]5,011
393877,384858,61,9019,[00^31]3,[00^29]1
393938,384279,34,9659,00006096,[00^30]1,011
393973,391680,31,2293,[00^30]2,011
394005,393941,31,64,[00^30]1,011
394041,382642,13,11399,[00^12]19,011
394054,393754,19,300,9a154,bb187,67103,a3163,3f63,6d109,dc220,f0240,0f15,ba186,b5181,e3227,2133,1824,4f79,4e78,5c92,2234,e1225,011
394073,394005,30,68,[00^30]1
394105,384029,13,10076,[00^12]79,011
394137,380838,26,13299,[00^25]46,011
394169,378240,32,15929,[00^31]50,011
394201,394073,44,128,[00^30]63,c4196,[00^12]1
394245,339013,84,55232,[00^19]1,[00^64]1
394329,394009,95,320,[00^26]1,044,6096,1218,ed237,2d45,[00^12]19,9a154,bb187,67103,a3163,3f63,6d109,dc220,f0240,0f15,ba186,b5181,e3227,2133,1824,4f79,4e78,5c92,2234,e1225,[00^30]63,011
394425,376954,13,17471,[00^12]210,011
394457,394137,26,320,[00^25]46,011
394489,394169,63,320,[00^31]50,[00^30]63,011
394553,394233,191,320,[00^31]1,[00^90]1,044,6096,1218,ed237,2d45,[00^12]19,9a154,bb187,67103,a3163,3f63,6d109,dc220,f0240,0f15,ba186,b5181,e3227,2133,1824,4f79,4e78,5c92,2234,e1225,[00^30]63,011
394745,333832,13,60913,[00^12]106,011
394776,380837,27,13939,[00^26]46,011
394808,394168,64,640,4064,[00^31]50,[00^30]63,011
394873,394553,122,320,[00^31]1,[00^90]1
394995,393907,27,1088,00033,[00^25]1
395029,394997,26,32,[00^25]46,011
395061,395029,27,32,[00^25]46,af175,011
395093,391498,32,3595,[00^31]65,011
395189,372691,73,22498,1c28,[00^31]192,[00^40]1
395262,383262,8,12000,022,3250,f9249,022,2f47,83131,033,066,011
395270,339942,3,55328,4670,84132,3a58,011
395276,383276,128,12000,83131,044,8d141,9c156,94148,cb203,5686,6e110,3b59,69105,3452,fa250,77119,2537,8d141,68104,ea234,1824,e9233,3149,fa250,75117,e1225,aa170,aa170,80128,b9185,022,044,6c108,4569,9a154,2840,[00^12]56,de222,71113,1218,4f79,7a122,4468,7a122,011,d6214,79121,4569,a5165,1e30,dc220,e9233,ff255,4973,1218,5181,[00^31]128,[00^28]100,fa250,d9217,011
395405,341037,100,54368,[00^30]1,4064,[00^31]132,70112,4367,1622,e5229,[00^31]184,011
395537,343071,33,52466,[00^31]10,1420,011
395570,395506,62,64,4468,3f63,92146,ad173,1d29,65101,93147,0b11,6197,3149,fc252,3149,6197,a7167,da218,e9233,011,79121,5888,0a10,c8200,b1177,0d13,f7247,055,4771,99153,3553,eb235,ce206,1b27,[00^31]1
395632,391598,29,4034,[00^28]130,011
395790,341422,80,54368,1c28,[00^30]130,e7231,088,80128,80128,[00^44]1
395870,370334,8,25536,033,92146,f9249,033,8f143,83131,033,055,011
395879,395271,6,608,84132,3a58,4c76,088,68104,83131,011
395885,370349,63,25536,1319,f7247,c0192,94148,a6166,5888,74116,2d45,3351,eb235,d2210,ce206,2f47,0b11,df223,f7247,3553,1521,aa170,79121,7f127,d1209,6197,d9217,80128,b9185,033,64100,2537,2f47,7b123,011,[00^31]1
395949,370413,64,25536,[00^12]69,f1241,a9169,5a90,4d77,3f63,3856,3654,5282,3f63,5c92,83131,67103,3c60,79121,7f127,4d77,4d77,2638,3b59,[00^29]4,3250,3856,011
396013,383569,32,12444,4064,077,74116,9a154,7d125,dd221,3e62,3c60,85133,2e46,3452,f8248,5787,93147,0b11,5787,d1209,77119,1a26,65101,97151,e4228,055,ef239,5080,8b139,055,2a42,fe254,1016,67103,68104,011
396045,383569,63,12476,4064,077,74116,9a154,7d125,dd221,3e62,3c60,85133,2e46,3452,f8248,5787,93147,0b11,5787,d1209,77119,1a26,65101,97151,e4228,055,ef239,5080,8b139,055,2a42,fe254,1016,67103,68104,[00^31]1
396108,354060,71,42048,c0192,[00^30]2,74116,[00^12]77,73115,ad173,b7183,2b43,c3195,dd221,3654,89137,66102,ed237,d0208,f0240,b2178,1420,84132,011,a1161,78120,e2226,[00^6]1
396181,395947,2,234,006f111,011
396203,370667,205,25536,00b7183,4569,f1241,a9169,5a90,4d77,3f63,3856,3654,5282,3f63,5c92,83131,67103,3c60,79121,7f127,4d77,4d77,2638,3b59,[00^31]1,[00^31]13,[00^31]13,[00^87]1
396417,395845,26,572,[00^25]3,011
396449,382307,28,14142,[00^27]6,011
396480,376771,29,19709,[00^27]1,3b59,011
396513,394617,59,1896,[00^58]1,011
396572,396508,30,64,3b59,71113,e3227,6f111,ae174,[00^25]1
396609,371073,96,25536,[00^30]1,c0192,[00^30]2,[00^32]20,011
396705,348073,46,48632,bc188,1f31,cf207,dc220,c8200,4f79,2234,e7231,a8168,8b139,cb203,4872,5d93,d9217,6e110,93147,5f95,4165,4569,5b91,[00^26]1
396751,391596,80,5155,[00^30]130,e7231,088,80128,80128,[00^45]1
396835,371299,6,25536,84132,3553,a4164,e9233,0083131,011
396845,371348,20,25497,7d125,5b91,a5165,3654,ab171,2436,4a74,aa170,1e30,a4164,2a42,b8184,84132,2840,84132,7f127,2537,e3227,e6230,76118,011
396872,396345,63,527,[00^63]1
396935,360466,63,36469,4064,[00^31]1,[00^30]1
397000,391626,55,5374,82130,e7231,088,80128,80128,[00^50]1
397058,347107,4,49951,70112,82130,e7231,088,011
397064,386246,12,10818,84132,2f47,5e94,e2226,be190,84132,2f47,5e94,e2226,c8200,83131,011,011
397076,341514,42,55562,6399,5383,94148,1723,6298,1117,86134,9c156,a2162,b5181,68104,f2242,a7167,d4212,ee238,94148,1e30,077,3a58,82130,1e30,e1225,ff255,80128,b8184,4468,099,5e94,a7167,b3179,[00^12]1
397118,375644,20,21474,3351,3d61,8b139,4872,0b11,db219,2537,ea234,7b123,e4228,dd221,87135,ee238,b3179,5989,98152,8c140,e1225,b3179,0d13,011
397138,360016,77,37122,ff255,ff255,ff255,ff255,ff255,ff255,ff255,ff255,ff255,ff255,ff255,ff255,ff255,ff255,ff255,ff255,ff255,ff255,ff255,ff255,ff255,ff255,ff255,ff255,ff255,ff255,ff255,ff255,ff255,ff255,ff255,ff255,c0192,[00^44]1
397215,386239,6,10976,3048,022,ee238,82130,e7231,088,011
397222,386246,88,10976,84132,2f47,5e94,e2226,be190,84132,2f47,5e94,e2226,c8200,83131,011,0b11,3654,94148,cc204,e9233,d3211,f3243,92146,c1193,3553,dc220,033,8b139,1420,7c124,a7167,3e62,c4196,96150,f7247,f8248,9d157,93147,80128,84132,1824,3f63,f0240,85133,c0192,[00^46]1
397311,332159,3,65152,da218,022,f9249,011
397315,332163,4,65152,d6214,82130,e7231,088,011
397325,397320,4,5,84132,2f47,4872,79121,011
397334,347798,22,49536,94148,67103,8a138,a4164,bf191,4e78,2133,0c12,f2242,1622,67103,5383,e0224,5484,d5213,b7183,c3195,1c28,c7199,fa250,86134,86134,011
397361,386547,3,10814,00b9185,011,011
397365,385478,35,11887,5a90,e4228,011,dc220,[00^28]100,fa250,86134,011
397401,360435,126,36966,[00^31]64,[00^31]1,[00^31]32,[00^30]1
397527,385672,18,11855,00e4228,044,e4228,5a90,af175,[00^12]1
397545,386567,83,10978,e5229,d7215,c2194,a4164,4f79,fd253,df223,6b107,2941,5a90,1521,c1193,4872,1622,7d125,aa170,af175,5c92,f3243,4f79,[00^12]23,6298,1117,86134,9c156,a2162,b5181,68104,f2242,a7167,d4212,ee238,94148,1e30,077,3a58,82130,1e30,e1225,ff255,[00^31]1
397629,371054,13,26575,[00^12]57,011
397661,392452,27,5209,[00^26]45,011
397688,397357,5,331,79121,88136,3d61,2032,00011
397693,397435,30,258,[00^29]1,011
397725,345623,98,52102,[00^60]192,[00^37]1
397823,388447,7,9376,5181,022,f8248,4e78,82130,e7231,088,011
397830,386114,3,11716,1521,84132,2f47,011
397833,397322,9,511,4872,79121,5e94,84132,2f47,4872,79121,68104,83131,011
397842,388466,109,9376,011,0a10,3b59,94148,9d157,ba186,3149,e4228,92146,b7183,e9233,8b139,81129,95149,e2226,5484,ee238,1319,b6182,b0176,2739,e4228,a5165,9d157,80128,a4164,a7167,f6246,87135,92146,76118,6f111,74116,65101,[00^28]192,[00^45]1,011
397951,361631,8,36320,1b27,022,f9249,011,1723,82130,e7231,088,011
397959,346055,3,51904,1420,84132,2f47,011
397962,397833,9,129,4872,79121,5e94,84132,2f47,4872,79121,68104,83131,011
397974,361654,22,36320,94148,87135,3149,d5213,4e78,9d157,022,c2194,86134,76118,7d125,5686,ac172,033,e8232,033,7c124,077,e0224,1e30,98152,88136,011
398004,383914,37,14090,b8184,e4228,1117,1420,cd205,2a42,[00^31]1
398042,386099,13,11943,[00^12]75,011
398074,390696,56,7378,[00^31]160,[00^24]1
398137,393317,26,4820,[00^25]38,011
398169,396672,33,1497,[00^32]20,011
398202,398054,32,148,4b75,1f31,fd253,7e126,fe254,5181,b4180,8f143,c1193,99153,4569,fe254,78120,a1161,bb187,7a122,5282,6096,b8184,97151,[00^12]1
398235,397914,36,321,[00^36]1
398274,378177,4,20097,ef239,82130,e7231,088,011
398279,397320,12,959,84132,2f47,4872,79121,5e94,84132,2f47,4872,79121,68104,83131,033,011
398294,387708,20,10586,bc188,7f127,67103,fa250,9c156,72114,f9249,fc252,cf207,91145,7c124,bc188,ee238,2a42,5080,de222,b0176,3149,4670,2a42,011
398314,380064,3,18250,80128,b8184,c4196,011
398317,344635,35,53682,8f143,6b107,de222,aa170,[00^31]1
398353,396874,61,1479,[00^61]1
398417,398385,30,32,[00^29]124,011
398449,361491,60,36958,[00^12]252,0c12,2d45,f0240,2b43,1622,1622,b0176,5c92,2234,b3179,044,4c76,5888,2c44,4165,5080,cf207,d3211,a9169,[00^28]1
398509,397397,3,1112,64100,fa250,86134,011
398514,390994,46,7520,[00^45]44,011
398562,357668,5,40894,82130,e7231,088,0b11,84132,011
398567,398280,11,287,2f47,4872,79121,5e94,84132,2f47,4872,79121,68104,83131,033,011
398578,362996,3,35582,5787,5787,94148,011
398581,367756,20,30825,1f31,ea234,4670,7a122,89137,2840,70112,ca202,6c108,a7167,5282,aa170,a3163,ef239,3250,c7199,6d109,80128,4872,5585,011
398604,356204,58,42400,[00^51]113,022,f8248,6e110,82130,e7231,088,011
398663,388135,11,10528,84132,2f47,3c60,a5165,f9249,84132,2f47,3c60,a6166,033,82130,011
398676,397078,40,1598,94148,1723,6298,1117,86134,9c156,a2162,b5181,68104,f2242,a7167,d4212,ee238,94148,1e30,077,3a58,82130,1e30,e1225,ff255,80128,b8184,4468,099,5e94,a7167,b3179,[00^12]1
398736,360016,78,38720,ff255,ff255,ff255,ff255,ff255,ff255,ff255,ff255,ff255,ff255,ff255,ff255,ff255,ff255,ff255,ff255,ff255,ff255,ff255,ff255,ff255,ff255,ff255,ff255,ff255,ff255,ff255,ff255,ff255,ff255,ff255,ff255,c0192,[00^45]1
398815,371999,3,26816,d4212,022,f9249,011
398819,372003,4,26816,d0208,82130,e7231,088,011
398824,398663,10,161,84132,2f47,3c60,a5165,f9249,84132,2f47,3c60,a6166,033,011
398838,360374,24,38464,94148,67103,8a138,a4164,bf191,4e78,2133,0c12,f2242,1622,67103,5383,e0224,5484,d5213,b7183,c3195,1c28,c7199,fa250,86134,80128,b9185,011,011
398862,397364,181,1498,a4164,5a90,e4228,011,dc220,[00^28]100,fa250,86134,7d125,[00^31]64,[00^31]1,[00^31]32,[00^31]228,044,e4228,5a90,af175,[00^12]1
399043,397577,32,1466,1723,6298,1117,86134,9c156,a2162,b5181,68104,f2242,a7167,d4212,ee238,94148,1e30,077,3a58,82130,1e30,e1225,ff255,[00^12]1
399075,360759,22,38316,a2162,1925,4367,92146,5888,ca202,9d157,a2162,9e158,9c156,c4196,ce206,5585,96150,92146,4771,4569,e1225,2b43,93147,0000011
399097,397599,42,1498,[00^29]100,[00^12]1
399139,360643,50,38496,5f95,92146,a4164,0a10,6d109,5888,2e46,f8248,85133,6f111,a2162,7f127,cd205,91145,89137,68104,2b43,5484,f2242,a7167,[00^28]2,9f159,011
399191,399159,29,32,[00^28]2,011
399223,345623,103,53600,[00^60]192,[00^42]1
399326,398654,8,672,0071113,022,f8248,6e110,82130,e7231,088,011
399335,398663,11,672,84132,2f47,3c60,a5165,f9249,84132,2f47,3c60,a6166,033,82130,011
399349,347363,20,51986,92146,011,f3243,b9185,df223,ab171,7c124,1319,cd205,65101,9a154,c5197,69105,5d93,1218,d6214,055,b5181,f1241,e6230,011
399369,363433,62,35936,80128,b8184,4468,099,5e94,a7167,b3179,[00^12]248,2537,3755,fb251,6c108,5686,a3163,b5181,0092146,d3211,95149,1f31,84132,f5245,f6246,c8200,3553,b4180,f5245,[00^23]1
399431,347502,9,51929,044,af175,6096,1824,8d141,c3195,f0240,1622,c2194,011
399440,398768,47,672,c0192,[00^45]1,011
399488,398816,3,672,022,f9249,011,011
399492,341667,5,57825,82130,e7231,088,1723,84132,011
399497,398825,10,672,2f47,3c60,a5165,f9249,84132,2f47,3c60,a6166,033,83131,011
399510,385453,21,14057,94148,f8248,2537,3755,fb251,6c108,5686,a3163,b5181,0092146,d3211,95149,1f31,84132,f5245,f6246,c8200,3553,b4180,f5245,011
399537,376849,4,22688,0000b9185,011,011
399541,397364,213,2177,a4164,5a90,e4228,011,dc220,[00^28]100,fa250,86134,7d125,[00^31]64,[00^31]1,[00^31]32,[00^31]228,044,e4228,5a90,af175,[00^12]229,d7215,c2194,a4164,4f79,fd253,df223,6b107,2941,5a90,1521,c1193,4872,1622,7d125,aa170,af175,5c92,f3243,4f79,[00^12]1
399754,376902,51,22852,7d125,4367,aa170,bc188,5181,5c92,3553,6197,4569,044,92146,2739,ce206,e5229,4b75,6096,83131,4266,c0192,ad173,[00^31]1
399806,399793,12,13,[00^12]1
399818,367576,20,32242,93147,4468,dc220,76118,3856,9a154,6f111,8a138,a2162,cd205,bf191,0f15,f2242,1218,4064,2840,2d45,3b59,c1193,e9233,011
399838,399780,25,58,[00^25]1
399863,399532,7,331,6a106,94148,d7215,4f79,4367,0000011
399870,381255,25,18615,[00^23]2,a8168,011
399902,399223,96,679,[00^60]192,[00^35]1
399998,387006,9,12992,011,3351,022,f9249,011,2f47,82130,e7231,088,011
400007,361639,3,38368,077,84132,2f47,011
400010,359594,136,40416,1f31,97151,d6214,84132,2f47,1f31,97151,e0224,82130,7e126,5484,94148,d1209,a3163,ab171,f4244,2f47,9e158,66102,be190,86134,cf207,de222,a8168,c5197,c2194,c7199,4f79,044,1c28,5e94,1420,80128,b9185,011,044,5b91,7d125,74116,82130,[00^31]64,[00^31]160,[00^31]64,011
400146,362886,3,37260,64100,3856,6197,011
400163,375903,3,24260,64100,66102,6197,011
400172,348625,3,51547,66102,3149,3149,011
400175,359839,3,40336,64100,6197,3149,011
400178,375155,3,25023,6298,3250,3351,011
400184,348502,3,51682,65101,3250,64100,011
400191,359735,3,40456,65101,3957,3452,011
400209,378033,33,22176,6197,[00^31]64,011
400246,387269,3,12977,3856,6298,6197,011
400249,348549,3,51700,3452,3957,3856,011
400252,378069,3,22183,3351,6298,3553,011
400256,370022,3,30234,6197,3250,3452,011
400269,362914,3,37355,3553,3654,65101,011
400274,400171,3,103,6298,66102,3149,011
400278,387254,3,13024,6298,3553,3149,011
400288,362879,3,37409,3654,6399,3957,011
400291,376016,3,24275,3553,64100,3654,011
400296,400279,4,17,3553,3149,3755,3048,011
400306,348658,52,51648,c0192,[00^44]81,022,f8248,4e78,82130,e7231,088,011
400364,400359,4,5,84132,2d45,d2210,1b27,011
400369,364049,110,36320,83131,033,2941,1b27,94148,7e126,2335,de222,f3243,3d61,ee238,73115,a4164,db219,90144,c4196,da218,b6182,5989,1c28,8f143,f1241,b3179,1824,0d13,80128,a4164,ef239,ef239,3957,a1161,[00^31]1,c0192,[00^45]1,011
400479,399999,8,480,3351,022,f9249,011,2f47,82130,e7231,088,011
400488,388295,10,12193,84132,2d45,c6198,a6166,1e30,84132,2d45,c6198,a6166,2638,011
400498,400018,128,480,82130,7e126,5484,94148,d1209,a3163,ab171,f4244,2f47,9e158,66102,be190,86134,cf207,de222,a8168,c5197,c2194,c7199,4f79,044,1c28,5e94,1420,80128,b9185,011,044,5b91,7d125,74116,82130,[00^31]64,[00^31]160,[00^31]64,011
400628,362924,3,37704,3755,3553,64100,011
400636,362818,3,37818,6399,3856,3452,011
400642,378122,3,22520,3755,6197,3553,011
400652,400627,3,25,3149,3755,3553,011
400656,346346,4,54310,3149,3856,6298,3351,011
400660,375038,3,25622,6399,3351,3048,011
400663,362823,3,37840,3553,3149,64100,011
400675,346319,3,54356,3654,3957,64100,011
400685,376043,4,24642,65101,6197,3351,64100,011
400690,400594,32,96,[00^31]64,011
400723,362802,3,37921,6298,6197,64100,011
400726,400250,3,476,3957,3856,3351,011
400730,375173,3,25557,3957,3957,3755,011
400737,359836,3,40901,6399,3149,6399,011
400748,362922,3,37826,3149,3048,3755,011
400754,378123,3,22631,6197,3553,3351,011
400759,400264,3,495,3654,6399,3048,011
400768,346250,3,54518,3250,3755,65101,011
400772,387155,3,13617,3654,3856,3250,011
400777,378100,3,22677,3553,3250,66102,011
400780,400727,3,53,3856,3351,6197,011
400786,362930,45,37856,c0192,[00^43]1,011
400831,390527,53,10304,0d13,f9249,011,0a10,011,84132,2a42,ea234,5484,0082130,9d157,78120,94148,088,72114,ec236,4468,2638,1016,3452,82130,a5165,0f15,2638,ff255,c3195,2a42,ce206,fc252,ec236,6197,b3179,c9201,80128,b8184,e4228,f2242,4266,4367,2a42,[00^12]1
400884,392152,20,8732,e1225,72114,92146,3f63,87135,74116,2d45,3e62,4973,011,c0192,69105,4973,bd189,f6246,6a106,1c28,bd189,6197,6b107,011
400904,378920,256,21984,[00^12]174,c3195,ca202,ce206,f9249,4569,7f127,f2242,82130,1d29,9f159,85133,4266,9c156,e3227,d9217,0b11,001420,5989,[00^31]5,[00^31]1,[00^31]160,[00^64]130,e7231,088,80128,80128,[00^49]1,0d13,f9249,011,0a10,011,84132,2a42,ea234,5484,011
401160,379176,44,21984,0082130,9d157,78120,94148,088,72114,ec236,4468,2638,1016,3452,82130,a5165,0f15,2638,ff255,c3195,2a42,ce206,fc252,ec236,6197,b3179,c9201,80128,b8184,e4228,f2242,4266,4367,2a42,[00^12]1
401204,392132,20,9072,af175,84132,5282,6a106,95149,7f127,74116,4266,ac172,5383,9a154,d3211,3d61,1521,aa170,6f111,6096,5787,ae174,3048,011
401224,400904,256,320,[00^12]174,c3195,ca202,ce206,f9249,4569,7f127,f2242,82130,1d29,9f159,85133,4266,9c156,e3227,d9217,0b11,001420,5989,[00^31]5,[00^31]1,[00^31]160,[00^64]130,e7231,088,80128,80128,[00^49]1,0d13,f9249,011,0a10,011,84132,2a42,ea234,5484,011
401480,401160,44,320,0082130,9d157,78120,94148,088,72114,ec236,4468,2638,1016,3452,82130,a5165,0f15,2638,ff255,c3195,2a42,ce206,fc252,ec236,6197,b3179,c9201,80128,b8184,e4228,f2242,4266,4367,2a42,[00^12]1
401524,392112,20,9412,b5181,b9185,3654,5383,3c60,c5197,7b123,da218,2a42,b9185,a7167,fe254,2e46,5e94,9e158,98152,7d125,d9217,4872,9c156,011
401544,379240,256,22304,[00^12]174,c3195,ca202,ce206,f9249,4569,7f127,f2242,82130,1d29,9f159,85133,4266,9c156,e3227,d9217,0b11,001420,5989,[00^31]5,[00^31]1,[00^31]160,[00^64]130,e7231,088,80128,80128,[00^49]1,ef239,f9249,011,ec236,80128,84132,2a42,ea234,5484,011
401800,379496,225,22304,0083131,011,5f95,90144,94148,088,72114,ec236,4468,2638,1016,3452,82130,a5165,0f15,2638,ff255,c3195,2a42,ce206,fc252,ec236,6197,b3179,c9201,80128,b9185,011,c4196,d4212,df223,d6214,bc188,[00^127]1,[00^31]1,[00^28]101,1420,1420,011
402026,391370,160,10656,[00^63]5,[00^62]1,4064,[00^31]65,011
402250,389898,256,12352,1b27,[00^31]130,e7231,088,80128,80128,[00^47]1,ef239,f9249,011,ec236,80128,84132,2a42,ea234,5484,0083131,011,5f95,90144,94148,088,72114,ec236,4468,2638,1016,3452,82130,a5165,0f15,2638,ff255,c3195,2a42,ce206,fc252,ec236,6197,b3179,c9201,80128,b9185,011,c4196,d4212,df223,d6214,bc188,[00^127]1,011
402506,390154,63,12352,[00^31]1,[00^28]101,1420,1723,011
402570,402026,160,544,[00^63]5,[00^62]1,4064,[00^31]65,011
402732,402728,1,4,00011
402794,402250,256,544,1b27,[00^31]130,e7231,088,80128,80128,[00^47]1,ef239,f9249,011,ec236,80128,84132,2a42,ea234,5484,0083131,011,5f95,90144,94148,088,72114,ec236,4468,2638,1016,3452,82130,a5165,0f15,2638,ff255,c3195,2a42,ce206,fc252,ec236,6197,b3179,c9201,80128,b9185,011,c4196,d4212,df223,d6214,bc188,[00^127]1,011
403050,402506,62,544,[00^31]1,[00^28]101,1420,011
403114,402570,160,544,[00^63]5,[00^62]1,4064,[00^31]65,011
403338,402794,84,544,1b27,[00^31]130,e7231,088,80128,80128,[00^47]1
403422,391038,13,12384,002c44,eb235,5383,84132,2a42,ea234,5484,0082130,5282,088,94148,011
403455,390975,66,12480,86134,5a90,f3243,1016,7a122,4064,0080128,82130,e7231,088,80128,80128,[00^51]44,eb235,011
403522,403426,9,96,84132,2a42,ea234,5484,0082130,5282,088,94148,011
403551,351039,75,52512,86134,5a90,f3243,1016,7a122,4064,0080128,82130,e7231,088,80128,80128,[00^51]236,f8248,ea234,011,84132,2a42,ea234,5484,0082130,9b155,011
403627,380043,40,23584,94148,088,72114,ec236,4468,2638,1016,3452,82130,a5165,0f15,2638,ff255,c3195,2a42,ce206,fc252,ec236,6197,b3179,c9201,80128,b8184,c4196,f2242,4266,4367,2a42,[00^12]1
403667,392252,32,11415,7f127,c3195,5787,002e46,8c140,81129,d4212,3a58,8f143,5686,8a138,3351,6c108,76118,a7167,b5181,74116,2840,3048,[00^12]1
403699,351187,204,52512,011,e4228,a6166,6399,ff255,fa250,f1241,4367,0d13,3a58,3654,5888,8b139,2c44,1420,b7183,2234,3149,d8216,b4180,[00^31]5,[00^31]1,[00^31]160,[00^32]130,e7231,088,80128,80128,[00^51]1
403903,380863,4,23040,2e46,ed237,82130,022,011
403908,403522,9,386,84132,2a42,ea234,5484,0082130,5282,088,94148,011
403937,351617,94,52320,86134,5484,95149,3f63,f6246,d0208,0080128,82130,e7231,088,80128,80128,[00^80]2,011
404032,391712,20,12320,4569,a3163,1824,2739,3755,4973,d6214,eb235,00f5245,f6246,ca202,3b59,c7199,cd205,3d61,e2226,6d109,64100,2a42,011
404052,404032,20,20,4569,a3163,1824,2739,3755,4973,d6214,eb235,00f5245,f6246,ca202,3b59,c7199,cd205,3d61,e2226,6d109,64100,2a42,011
404092,391732,20,12360,b8184,ff255,87135,7e126,d7215,8b139,a5165,2032,ec236,e2226,1b27,1d29,e7231,84132,3a58,8a138,5787,ca202,4771,cb203,011
404112,381360,40,22752,e9233,3654,85133,f3243,bb187,a0160,3048,1622,f0240,2b43,d1209,82130,8b139,ad173,d6214,1925,5989,88136,d9217,5080,3d61,3957,1a26,ff255,fe254,d2210,2537,5a90,2d45,d0208,033,2537,c3195,a9169,6a106,5a90,8e142,022,3f63,f8248,011
404152,367596,20,36556,5b91,a5165,e3227,0b11,055,aa170,6197,cc204,6197,1420,2941,2c44,1a26,ba186,f9249,92146,9d157,5989,1925,65101,011
404192,397641,20,6551,3957,5383,ed237,c6198,9b155,fa250,d1209,099,c8200,b6182,a9169,4064,70112,ad173,b3179,2739,cb203,e4228,0f15,077,011
404232,398202,20,6030,4b75,1f31,fd253,7e126,fe254,5181,b4180,8f143,c1193,99153,4569,fe254,78120,a1161,bb187,7a122,5282,6096,b8184,97151,011
404252,398461,20,5791,fc252,0c12,2d45,f0240,2b43,1622,1622,b0176,5c92,2234,b3179,044,4c76,5888,2c44,4165,5080,cf207,d3211,a9169,011
404272,398581,20,5691,1f31,ea234,4670,7a122,89137,2840,70112,ca202,6c108,a7167,5282,aa170,a3163,ef239,3250,c7199,6d109,80128,4872,5585,011
404312,399139,20,5173,5f95,92146,a4164,0a10,6d109,5888,2e46,f8248,85133,6f111,a2162,7f127,cd205,91145,89137,68104,2b43,5484,f2242,a7167,011
404332,351972,20,52360,f9249,89137,d7215,74116,bc188,a0160,fe254,1218,6399,f0240,2335,a3163,3755,4771,6298,a4164,2638,6298,cc204,e5229,011
404352,399818,20,4534,93147,4468,dc220,76118,3856,9a154,6f111,8a138,a2162,cd205,bf191,0f15,f2242,1218,4064,2840,2d45,3b59,c1193,e9233,011
404432,400884,20,3548,e1225,72114,92146,3f63,87135,74116,2d45,3e62,4973,011,c0192,69105,4973,bd189,f6246,6a106,1c28,bd189,6197,6b107,011
404452,401204,20,3248,af175,84132,5282,6a106,95149,7f127,74116,4266,ac172,5383,9a154,d3211,3d61,1521,aa170,6f111,6096,5787,ae174,3048,011
404472,380971,21,23501,b5181,b9185,3654,5383,3c60,c5197,7b123,da218,2a42,b9185,a7167,fe254,2e46,5e94,9e158,98152,7d125,d9217,4872,9c156,86134,011
404493,390860,19,13633,bd189,5a90,2f47,0f15,0f15,d8216,2b43,ca202,a5165,8d141,4973,72114,f7247,5989,c6198,f5245,9e158,b4180,1925,011
404512,390955,20,13557,4165,ce206,91145,d0208,d2210,2335,b2178,81129,f4244,3755,1319,1319,9d157,e7231,bd189,da218,ff255,4468,5282,5a90,011
404532,391051,20,13481,c7199,64100,a5165,65101,c1193,f8248,f0240,e2226,7a122,4973,9d157,ce206,d1209,c5197,65101,4872,044,6c108,0b11,1b27,011
404592,403667,20,925,7f127,c3195,5787,002e46,8c140,81129,d4212,3a58,8f143,5686,8a138,3351,6c108,76118,a7167,b5181,74116,2840,3048,011
404612,352252,60,52360,011,e4228,a6166,6399,ff255,fa250,f1241,4367,0d13,3a58,3654,5888,8b139,2c44,1420,b7183,2234,3149,d8216,b4180,[00^40]1
404704,392352,31,12352,[00^28]100,fa250,85133,011
404736,399931,62,4805,[00^31]192,[00^30]1
404800,404768,31,32,[00^30]69,011
404832,404800,30,32,[00^30]1
404864,404736,31,128,[00^31]1
404896,382272,62,22624,[00^30]3,e0224,[00^30]1
404958,368542,64,36416,044,4064,[00^30]4,a0160,[00^30]1
405023,392927,32,12096,4064,[00^30]23,011
405055,399642,32,5413,[00^31]32,011
405088,393216,62,11872,[00^30]33,80128,[00^30]1
405152,393440,62,11712,[00^30]43,2032,[00^30]1
405216,339809,31,65407,[00^30]47,011
405248,369568,62,35680,[00^30]49,4064,[00^30]1
405311,353599,32,51712,a0160,[00^30]50,011
405344,405312,31,32,[00^30]50,011
405376,359457,31,45919,[00^30]51,011
405408,353632,62,51776,[00^30]52,e0224,[00^30]1
405472,405440,31,32,[00^30]53,011
405504,393601,31,11903,[00^30]54,011
405536,353760,31,51776,[00^30]55,011
405568,405536,30,32,[00^30]1
405599,405055,31,544,[00^31]1
405632,352448,31,53184,[00^30]58,011
405664,405632,30,32,[00^30]1
405695,405599,31,96,[00^31]1
405728,394841,31,10887,[00^30]63,011
405760,403243,31,2517,[00^30]65,011
405792,405760,31,32,[00^30]65,011
405824,360728,31,45096,[00^30]66,011
405856,405824,31,32,[00^30]66,011
405887,383135,40,22752,a0160,[00^31]54,022,f4244,82130,e7231,088,82130,ab171,011
405928,393640,16,12288,85133,022,044,0e14,ba186,5282,85133,022,6b107,4468,df223,95149,82130,5a90,3c60,94148,011
405964,393580,51,12384,87135,3553,4a74,6b107,a7167,a1161,80128,077,80128,c0192,[00^41]1
406015,397215,6,8800,3048,022,ee238,82130,e7231,088,011
406022,369832,10,36190,84132,5989,68104,2f47,0084132,5989,68104,2f47,088,011
406032,397232,78,8800,83131,011,0b11,3654,94148,cc204,e9233,d3211,f3243,92146,c1193,3553,dc220,033,8b139,1420,7c124,a7167,3e62,c4196,96150,f7247,f8248,9d157,93147,80128,84132,1824,3f63,f0240,85133,c0192,[00^46]1
406126,370227,20,35899,6399,5282,a5165,6c108,aa170,dc220,4f79,1e30,2537,cd205,6c108,75117,97151,0f15,a7167,68104,a3163,3048,4e78,64100,011
406154,405170,13,984,[00^12]43,011
406186,393909,63,12277,[00^31]96,[00^30]1,011
406250,399742,44,6508,[00^12]125,4367,aa170,bc188,5181,5c92,3553,6197,4569,044,92146,2739,ce206,e5229,4b75,6096,83131,4266,c0192,ad173,[00^12]1
406294,384486,32,21808,ee238,ee238,ee238,ee238,ee238,ee238,ee238,ee238,ee238,ee238,ee238,ee238,ee238,ee238,ee238,ee238,ee238,ee238,ee238,ee238,[00^12]1
406326,406166,32,160,2b43,5f95,70112,4a74,b7183,066,1f31,b4180,db219,fc252,5888,76118,b0176,2436,f4244,bd189,b2178,f5245,e8232,b6182,[00^12]1
406358,381340,20,25018,4f79,f7247,3048,80128,1723,c6198,c7199,cc204,fc252,e4228,0c12,2e46,088,ef239,ce206,91145,2537,9d157,6399,9f159,011
406378,370247,32,36131,[00^23]8,d9217,5888,033,f0240,86134,5888,e0224,5e94,011
406410,406224,25,186,[00^24]1,011
406442,406410,25,32,[00^24]1,011
406474,385774,44,20700,[00^31]2,[00^12]1
406538,403210,63,3328,[00^30]1,4064,[00^31]1
406601,403145,64,3456,[00^32]5,[00^31]1
406666,352544,62,54122,[00^30]4,e0224,[00^30]1
406730,371005,31,35725,[00^30]8,011
406762,396968,31,9794,[00^30]10,011
406793,384569,128,22224,[00^128]1
406921,382271,32,24650,80128,[00^30]3,011
406958,399742,47,7216,[00^12]125,4367,aa170,bc188,5181,5c92,3553,6197,4569,044,92146,2739,ce206,e5229,4b75,6096,83131,4266,c0192,ad173,[00^15]1
407006,403767,47,3239,[00^15]1,[00^31]1
407053,406921,32,132,80128,[00^30]3,011
407085,341913,96,65172,2032,[00^31]2,[00^31]64,[00^30]1,011
407182,406794,158,388,[00^127]128,[00^30]1
407340,404731,2,2609,0064100,011
407346,406958,44,388,[00^12]125,4367,aa170,bc188,5181,5c92,3553,6197,4569,044,92146,2739,ce206,e5229,4b75,6096,83131,4266,c0192,ad173,[00^12]1
407410,406378,56,1032,[00^23]8,d9217,5888,033,f0240,86134,5888,e0224,5e94,[00^24]1
407466,399311,17,8155,[00^16]113,011
407483,407391,42,92,6096,5787,0b11,b1177,5383,ed237,d0208,ea234,1723,75117,ec236,2b43,2a42,c9201,b6182,5f95,1a26,b6182,1b27,[00^23]1
407525,407237,105,288,[00^72]128,[00^31]100,011
407634,407346,44,288,[00^12]125,4367,aa170,bc188,5181,5c92,3553,6197,4569,044,92146,2739,ce206,e5229,4b75,6096,83131,4266,c0192,ad173,[00^12]1
407678,371521,43,36157,7f127,72114,e0224,d8216,e9233,ab171,f9249,1319,3a58,92146,3250,2b43,8b139,5080,bd189,8e142,0f15,9d157,cf207,cb203,[00^23]1
407721,407433,49,288,088,d9217,5888,033,f0240,86134,5888,e0224,5e94,[00^40]1
407770,407098,51,672,[00^19]2,[00^31]1
407822,407790,63,32,[00^31]68,[00^31]1
407885,371512,60,36373,[00^9]127,72114,e0224,d8216,e9233,ab171,f9249,1319,3a58,92146,3250,2b43,8b139,5080,bd189,8e142,0f15,9d157,cf207,cb203,[00^31]1
407945,407533,95,412,[00^64]128,[00^30]1
408046,407978,44,68,[00^31]128,[00^12]1
408090,406166,51,1924,2b43,5f95,70112,4a74,b7183,066,1f31,b4180,db219,fc252,5888,76118,b0176,2436,f4244,bd189,b2178,f5245,e8232,b6182,[00^31]1
408141,376563,77,31578,[00^31]1,[00^32]96,[00^12]1
408218,407646,32,572,7d125,4367,aa170,bc188,5181,5c92,3553,6197,4569,044,92146,2739,ce206,e5229,4b75,6096,83131,4266,c0192,ad173,[00^12]1
408250,408090,51,160,2b43,5f95,70112,4a74,b7183,066,1f31,b4180,db219,fc252,5888,76118,b0176,2436,f4244,bd189,b2178,f5245,e8232,b6182,[00^31]1
408302,384538,159,23764,[00^159]1
408461,407981,60,480,[00^28]128,[00^30]1,011
408526,385710,47,22816,[00^12]229,d7215,c2194,a4164,4f79,fd253,df223,6b107,2941,5a90,1521,c1193,4872,1622,7d125,aa170,af175,5c92,f3243,4f79,[00^15]1
408573,407005,79,1568,011,[00^15]1,[00^31]128,[00^30]1
408652,384536,14,24116,00044,[00^12]1
408666,385722,50,22944,e5229,d7215,c2194,a4164,4f79,fd253,df223,6b107,2941,5a90,1521,c1193,4872,1622,7d125,aa170,af175,5c92,f3243,4f79,[00^30]1
408716,407532,97,1184,[00^65]128,[00^31]1
408814,386146,28,22668,2e46,1a26,7d125,4d77,[00^24]1
408842,394897,99,13945,[00^7]1,[00^91]1
408941,407505,125,1436,[00^92]128,[00^31]100,011
409070,406282,44,2788,[00^12]238,ee238,ee238,ee238,ee238,ee238,ee238,ee238,ee238,ee238,ee238,ee238,ee238,ee238,ee238,ee238,ee238,ee238,ee238,ee238,[00^12]1
409136,406444,61,2692,[00^22]1,5e94,ea234,94148,ff255,9a154,1f31,90144,[00^31]1
409197,408365,156,832,[00^124]128,[00^30]1,011
409354,408522,16,832,9f159,86134,5484,2234,[00^12]1
409370,384486,35,24884,ee238,ee238,ee238,ee238,ee238,ee238,ee238,ee238,ee238,ee238,ee238,ee238,ee238,ee238,ee238,ee238,ee238,ee238,ee238,ee238,[00^15]1
409405,408573,80,832,011,[00^15]1,[00^31]128,[00^31]1
409486,408906,160,580,[00^127]128,[00^31]100,011
409650,409358,44,292,[00^12]238,ee238,ee238,ee238,ee238,ee238,ee238,ee238,ee238,ee238,ee238,ee238,ee238,ee238,ee238,ee238,ee238,ee238,ee238,ee238,[00^12]1
409694,406358,43,3336,4f79,f7247,3048,80128,1723,c6198,c7199,cc204,fc252,e4228,0c12,2e46,088,ef239,ce206,91145,2537,9d157,6399,9f159,[00^23]1
409737,408841,65,896,[00^8]1,[00^56]1
409802,403945,52,5857,82130,e7231,088,80128,80128,[00^47]1
409854,395870,8,13984,033,92146,f9249,033,8f143,83131,033,055,011
409868,370348,129,39520,83131,1319,f7247,c0192,94148,a6166,5888,74116,2d45,3351,eb235,d2210,ce206,2f47,0b11,df223,f7247,3553,1521,aa170,79121,7f127,d1209,6197,d9217,80128,b9185,033,64100,2537,2f47,7b123,011,[00^31]184,[00^12]69,f1241,a9169,5a90,4d77,3f63,3856,3654,5282,3f63,5c92,83131,67103,3c60,79121,7f127,4d77,4d77,2638,3b59,[00^29]4,3250,3856,011
409997,395569,32,14428,1420,4468,3f63,92146,ad173,1d29,65101,93147,0b11,6197,3149,fc252,3149,6197,a7167,da218,e9233,011,79121,5888,0a10,c8200,b1177,0d13,f7247,055,4771,99153,3553,eb235,ce206,1b27,011
410029,395569,63,14460,1420,4468,3f63,92146,ad173,1d29,65101,93147,0b11,6197,3149,fc252,3149,6197,a7167,da218,e9233,011,79121,5888,0a10,c8200,b1177,0d13,f7247,055,4771,99153,3553,eb235,ce206,1b27,[00^31]1
410092,370572,72,39520,c0192,[00^30]2,74116,[00^12]56,de222,71113,1218,4f79,7a122,4468,7a122,011,d6214,79121,4569,a5165,1e30,dc220,e9233,ff255,4973,1218,5181,[00^6]162,011
410165,370645,197,39520,00b8184,af175,5484,be190,5b91,6e110,ec236,2436,d6214,bf191,ac172,f1241,cc204,e4228,ea234,f6246,80128,a8168,2335,93147,98152,00b7183,4569,f1241,a9169,5a90,4d77,3f63,3856,3654,5282,3f63,5c92,83131,67103,3c60,79121,7f127,4d77,4d77,2638,3b59,[00^31]1,[00^31]13,[00^31]13,[00^57]1
410369,355297,57,55072,[00^23]40,2234,eb235,f2242,2f47,2c44,df223,6c108,e3227,[00^25]1
410426,387419,2,23007,006d109,011
410432,410333,29,99,[00^29]1
410464,409521,92,943,[00^92]1
410560,371268,28,39292,[00^27]109,011
410592,355520,97,55072,[00^31]1,c0192,[00^30]2,[00^32]20,011
410704,379219,2,31485,009c156,011
410709,409746,105,963,[00^56]130,e7231,088,80128,80128,[00^44]1
410820,364035,5,46785,82130,e7231,088,1f31,84132,011
410825,356264,9,54561,3250,a9169,f8248,80128,84132,3250,a9169,f8248,80128,011
410839,356316,20,54523,6197,3149,b5181,fa250,e1225,9e158,a4164,f9249,d9217,64100,ea234,c0192,4064,8e142,4468,088,b6182,6399,3755,b5181,011
410867,399642,44,11225,[00^31]32,[00^12]1
410931,410493,63,438,[00^63]1
410994,368575,63,42419,a0160,[00^30]5,[00^31]1
411058,404959,32,6099,4064,[00^30]4,011
411091,399642,63,11449,[00^31]32,[00^31]1
411155,399063,44,12092,[00^12]162,1925,4367,92146,5888,ca202,9d157,a2162,9e158,9c156,c4196,ce206,5585,96150,92146,4771,4569,e1225,2b43,93147,[00^12]1
411199,376640,32,34559,4a74,f1241,5e94,c2194,a0160,bd189,4367,db219,75117,dd221,044,e6230,2f47,aa170,3b59,8e142,f3243,6b107,00d5213,[00^12]1
411231,367376,20,43855,0f15,e7231,5686,1b27,c2194,a1161,71113,1521,c5197,ad173,82130,84132,f2242,99153,95149,c0192,7c124,5484,e9233,73115,011
411251,386683,31,24568,[00^28]100,fa250,89137,011
411283,404896,62,6387,[00^30]3,e0224,[00^30]1
411345,399640,65,11705,00011,[00^31]32,[00^31]1
411410,407117,64,4293,022,[00^31]64,[00^30]1,011
411475,387218,33,24257,[00^31]64,6399,011
411511,411383,59,128,[00^27]2,[00^31]1
411571,410899,44,672,[00^12]209,b4180,74116,90144,2032,9c156,cb203,7a122,80128,6e110,8a138,4569,d9217,4771,94148,90144,c0192,4064,ab171,f4244,[00^12]1
411635,411155,44,480,[00^12]162,1925,4367,92146,5888,ca202,9d157,a2162,9e158,9c156,c4196,ce206,5585,96150,92146,4771,4569,e1225,2b43,93147,[00^12]1
411679,397577,49,14102,1723,6298,1117,86134,9c156,a2162,b5181,68104,f2242,a7167,d4212,ee238,94148,1e30,077,3a58,82130,1e30,e1225,ff255,[00^29]1
411731,409518,95,2213,[00^95]1
411826,411506,109,320,4064,6399,4064,7a122,4973,[00^27]2,[00^31]224,[00^12]209,b4180,74116,90144,2032,9c156,cb203,7a122,80128,6e110,8a138,4569,d9217,4771,94148,90144,c0192,4064,ab171,f4244,[00^12]1
411955,411667,44,288,[00^12]23,6298,1117,86134,9c156,a2162,b5181,68104,f2242,a7167,d4212,ee238,94148,1e30,077,3a58,82130,1e30,e1225,ff255,[00^12]1
411999,360805,49,51194,4a74,f1241,5e94,c2194,a0160,bd189,4367,db219,75117,dd221,044,e6230,2f47,aa170,3b59,8e142,f3243,6b107,00d5213,[00^29]1
412051,411731,95,320,[00^95]1
412147,406100,11,6047,[00^10]14,011
412163,356352,10,55811,[00^8]226,3957,011
412179,411155,76,1024,[00^12]162,1925,4367,92146,5888,ca202,9d157,a2162,9e158,9c156,c4196,ce206,5585,96150,92146,4771,4569,e1225,2b43,93147,[00^12]74,f1241,5e94,c2194,a0160,bd189,4367,db219,75117,dd221,044,e6230,2f47,aa170,3b59,8e142,f3243,6b107,00d5213,[00^12]1
412255,407162,50,5093,[00^18]1,6096,[00^30]1
412306,372146,32,40160,a0160,[00^30]1,011
412339,411380,44,959,[00^30]2,[00^13]1
412383,411231,48,1152,0f15,e7231,5686,1b27,c2194,a1161,71113,1521,c5197,ad173,82130,84132,f2242,99153,95149,c0192,7c124,5484,e9233,73115,[00^28]1
412431,411727,28,704,00f8248,e3227,3553,[00^24]1
412467,403968,63,8499,[00^62]2,011
412531,411315,44,1216,[00^31]1,[00^12]1
412575,410911,51,1664,d1209,b4180,74116,90144,2032,9c156,cb203,7a122,80128,6e110,8a138,4569,d9217,4771,94148,90144,c0192,4064,ab171,f4244,[00^31]1
412627,411699,127,928,[00^29]248,e3227,3553,[00^95]1
412754,412595,32,159,[00^31]1,011
412821,412795,3,26,2234,3a58,2234,011
412829,370076,3,42753,3048,3048,3250,011
412836,412807,9,29,2234,2c44,2234,4165,6d109,6f111,75117,6e110,74116,011
412848,412818,11,30,5585,5383,4468,2234,3a58,2234,3149,3654,2e46,3351,3654,011
412865,362777,3,50088,3856,3755,3149,011
412871,412836,3,35,2234,2c44,2234,011
412882,412851,3,31,2234,3a58,2234,011
412885,412871,3,14,2234,2c44,2234,011
412919,412850,5,69,4468,2234,3a58,2234,3149,011
412924,412885,3,39,2234,2c44,2234,011
412935,412794,4,141,65101,2234,3a58,2234,011
412993,375177,3,37816,3452,66102,3149,011
413139,377984,3,35155,65101,3856,3250,011
413184,376004,3,37180,3149,3755,6399,011
413267,400207,3,13060,3654,3452,6197,011
413286,399270,57,14016,[00^13]192,[00^43]1
413343,388287,7,25056,72114,022,f8248,6f111,82130,e7231,088,011
413356,413351,3,5,84132,3048,a3163,011
413365,403627,23,9738,94148,088,72114,ec236,4468,2638,1016,3452,82130,a5165,0f15,2638,ff255,c3195,2a42,ce206,fc252,ec236,6197,b3179,c9201,80128,b8184,011
413388,386379,17,27009,4468,a2162,2c44,b4180,65101,[00^12]1
413425,400400,77,13025,[00^31]1,c0192,[00^44]1
413508,413347,3,161,82130,e7231,088,011
413512,413351,11,161,84132,3048,a3163,2234,fd253,84132,3048,a3163,2335,0b11,83131,011
413527,413405,20,122,0c12,ab171,69105,77119,a9169,c7199,0e14,044,4569,8b139,74116,044,76118,b4180,98152,b2178,1420,011,96150,4165,011
413553,399538,2,14015,00b9185,011
413561,403105,6,10456,[00^5]101,011
413605,409662,20,3943,ee238,ee238,ee238,ee238,ee238,ee238,ee238,ee238,ee238,ee238,ee238,ee238,ee238,ee238,ee238,ee238,ee238,ee238,ee238,ee238,011
413636,413565,1,71,00011
413661,413501,2,160,00077,011
413705,413661,1,44,00011
413721,410061,62,3660,[00^31]192,[00^30]1
413786,408194,12,5592,[00^11]96,011
413817,405373,2,8444,003250,011
413820,413791,6,29,[00^6]1
413829,413573,20,256,2234,75117,fe254,022,4468,d7215,5b91,4266,df223,cf207,1723,74116,f5245,0c12,7b123,d8216,3f63,6e110,1622,3d61,011
413849,413820,6,29,[00^6]1
413855,413548,6,307,5a90,db219,c8200,033,5888,00011
413861,405100,19,8761,[00^18]33,011
413881,413849,30,32,[00^6]90,db219,c8200,033,5888,[00^19]1
413913,413881,31,32,[00^6]90,db219,c8200,033,5888,[00^19]28,011
413945,413849,31,96,[00^6]90,db219,c8200,033,5888,[00^19]33,011
413977,413945,31,32,[00^6]90,db219,c8200,033,5888,[00^19]33,011
414009,413913,31,96,[00^6]90,db219,c8200,033,5888,[00^19]28,011
414041,413977,31,64,[00^6]90,db219,c8200,033,5888,[00^19]33,011
414073,414009,31,64,[00^6]90,db219,c8200,033,5888,[00^19]28,011
414105,414041,31,64,[00^6]90,db219,c8200,033,5888,[00^19]33,011
414137,414073,31,64,[00^6]90,db219,c8200,033,5888,[00^19]28,011
414169,414137,31,32,[00^6]90,db219,c8200,033,5888,[00^19]28,011
414201,414169,31,32,[00^6]90,db219,c8200,033,5888,[00^19]28,011
414233,414105,31,128,[00^6]90,db219,c8200,033,5888,[00^19]33,011
414265,414233,31,32,[00^6]90,db219,c8200,033,5888,[00^19]33,011
414297,414265,31,32,[00^6]90,db219,c8200,033,5888,[00^19]33,011
414329,414201,31,128,[00^6]90,db219,c8200,033,5888,[00^19]28,011
414361,414297,31,64,[00^6]90,db219,c8200,033,5888,[00^19]33,011
414393,414361,31,32,[00^6]90,db219,c8200,033,5888,[00^19]33,011
414425,414393,31,32,[00^6]90,db219,c8200,033,5888,[00^19]33,011
414457,414329,31,128,[00^6]90,db219,c8200,033,5888,[00^19]28,011
414489,414425,31,64,[00^6]90,db219,c8200,033,5888,[00^19]33,011
414521,414489,31,32,[00^6]90,db219,c8200,033,5888,[00^19]33,011
414553,414457,31,96,[00^6]90,db219,c8200,033,5888,[00^19]28,011
414585,414521,31,64,[00^6]90,db219,c8200,033,5888,[00^19]33,011
414617,414553,31,64,[00^6]90,db219,c8200,033,5888,[00^19]28,011
414649,414585,31,64,[00^6]90,db219,c8200,033,5888,[00^19]33,011
414681,414617,31,64,[00^6]90,db219,c8200,033,5888,[00^19]28,011
414713,414649,31,64,[00^6]90,db219,c8200,033,5888,[00^19]33,011
414745,414713,31,32,[00^6]90,db219,c8200,033,5888,[00^19]33,011
414777,414681,31,96,[00^6]90,db219,c8200,033,5888,[00^19]28,011
414809,414777,31,32,[00^6]90,db219,c8200,033,5888,[00^19]28,011
414841,414809,30,32,[00^6]90,db219,c8200,033,5888,[00^19]1
414873,414841,31,32,[00^6]90,db219,c8200,033,5888,[00^19]21,011
414905,414745,31,160,[00^6]90,db219,c8200,033,5888,[00^19]33,011
414937,414809,31,128,[00^6]90,db219,c8200,033,5888,[00^19]28,011
414969,414905,31,64,[00^6]90,db219,c8200,033,5888,[00^19]33,011
415001,414937,31,64,[00^6]90,db219,c8200,033,5888,[00^19]28,011
415033,414969,31,64,[00^6]90,db219,c8200,033,5888,[00^19]33,011
415065,415001,31,64,[00^6]90,db219,c8200,033,5888,[00^19]28,011
415097,415033,31,64,[00^6]90,db219,c8200,033,5888,[00^19]33,011
415129,415065,31,64,[00^6]90,db219,c8200,033,5888,[00^19]28,011
415161,415097,31,64,[00^6]90,db219,c8200,033,5888,[00^19]33,011
415193,415129,31,64,[00^6]90,db219,c8200,033,5888,[00^19]28,011
415225,415161,31,64,[00^6]90,db219,c8200,033,5888,[00^19]33,011
415257,415193,31,64,[00^6]90,db219,c8200,033,5888,[00^19]28,011
415289,415225,31,64,[00^6]90,db219,c8200,033,5888,[00^19]33,011
415321,415289,31,32,[00^6]90,db219,c8200,033,5888,[00^19]33,011
415353,415321,31,32,[00^6]90,db219,c8200,033,5888,[00^19]33,011
415385,414873,31,512,[00^6]90,db219,c8200,033,5888,[00^19]21,011
415416,414008,31,1408,71113,[00^6]90,db219,c8200,033,5888,[00^19]1
415454,412753,33,2701,[00^32]1,011
415488,400480,3,15008,022,f9249,011,011
415492,413508,3,1984,82130,e7231,088,011
415496,385444,5,30052,84132,3048,a2162,1117,87135,011
415501,385444,6,30057,84132,3048,a2162,1117,87135,83131,011
415507,357683,24,57824,066,95149,a6166,94148,88136,f0240,87135,ad173,82130,5383,2234,d9217,ec236,3250,6197,71113,2c44,f0240,9a154,5686,e5229,85133,75117,fc252,011
415538,357715,19,57823,b9185,011,84132,5181,90144,5686,3654,[00^12]1
415577,415455,31,122,[00^31]1
415609,357786,63,57823,[00^31]224,[00^29]36,a1161,011
415673,415545,63,128,[00^12]24,2f47,87135,2335,b5181,7e126,a3163,ca202,f8248,b3179,1c28,3856,bf191,5585,3856,98152,75117,066,e5229,ad173,[00^31]1
415736,357913,65,57823,[00^31]1,2032,[00^31]20,011
415801,415685,63,116,1824,2f47,87135,2335,b5181,7e126,a3163,ca202,f8248,b3179,1c28,3856,bf191,5585,3856,98152,75117,066,e5229,ad173,[00^43]1
415864,358041,102,57823,2234,00011,[00^29]3,0d13,4064,[00^30]192,[00^36]1
415972,359490,5,56482,82130,e7231,088,033,84132,011
415981,415976,5,5,84132,3048,94148,b1177,ac172,011
415990,373997,256,41993,94148,1d29,011,88136,c4196,b2178,76118,a0160,93147,66102,d0208,5d93,6b107,e0224,6a106,f6246,1a26,73115,bc188,75117,3553,80128,b9185,033,2436,d3211,1117,5a90,8a138,[00^31]96,[00^31]192,[00^30]1,2032,[00^31]2,[00^12]23,6298,1117,86134,9c156,a2162,b5181,68104,f2242,a7167,d4212,ee238,94148,1e30,077,3a58,82130,1e30,e1225,ff255,ee238,ee238,ee238,ee238,ee238,ee238,ee238,ee238,ee238,ee238,ee238,ee238,ee238,ee238,ee238,ee238,ee238,ee238,ee238,ee238,ee238,ee238,ee238,ee238,ee238,ee238,ee238,ee238,ee238,ee238,ee238,ee238,[00^31]2,000000011
416246,374253,25,41993,[00^25]1
416271,416241,2,30,00022,011
416275,374282,256,41993,[00^63]2,[00^31]64,[00^30]1,2032,[00^12]226,c6198,7a122,9b155,1521,e9233,e7231,ff255,8a138,9c156,b0176,df223,b8184,fe254,e5229,6096,99153,2335,e5229,db219,[00^31]96,[00^31]192,[00^31]2,011
416531,374538,248,41993,00022,[00^14]127,ff255,ff255,ff255,ff255,ff255,ff255,ff255,ff255,ff255,ff255,ff255,ff255,ff255,ff255,ff255,011,011,[00^14]127,ff255,ff255,ff255,ff255,ff255,ff255,ff255,ff255,ff255,ff255,ff255,ff255,ff255,ff255,ff255,[00^32]5,[00^62]96,[00^31]160,[00^31]1,011,011,[00^14]255,ff255,ff255,ff255,ff255,ff255,ff255,ff255,011
416787,399251,76,17536,[00^32]192,[00^43]1
416863,358143,10,58720,72114,022,f8248,6f111,82130,e7231,088,088,84132,3048,011
416873,415978,9,895,94148,b1177,ac172,84132,3048,94148,b1177,ac172,83131,011
416882,358162,141,58720,011,1c28,4266,94148,1723,6298,1117,86134,9c156,a2162,b5181,68104,f2242,a7167,d4212,ee238,94148,1e30,077,3a58,82130,1e30,e1225,ff255,80128,b8184,4468,099,5e94,a7167,b3179,[00^12]29,011,88136,c4196,b2178,76118,a0160,93147,66102,d0208,5d93,6b107,e0224,6a106,f6246,1a26,73115,bc188,75117,3553,ff255,ff255,ff255,ff255,ff255,ff255,ff255,ff255,ff255,ff255,ff255,ff255,ff255,ff255,ff255,ff255,ff255,ff255,ff255,ff255,ff255,ff255,ff255,ff255,ff255,ff255,ff255,ff255,ff255,ff255,ff255,ff255,c0192,[00^44]1,011
417023,399487,8,17536,db219,022,f9249,011,d7215,82130,e7231,088,011
417037,417032,4,5,84132,2f47,9b155,f5245,011
417046,398838,21,18208,94148,67103,8a138,a4164,bf191,4e78,2133,0c12,f2242,1622,67103,5383,e0224,5484,d5213,b7183,c3195,1c28,c7199,fa250,86134,011
417073,386546,4,30527,80128,00b9185,011,011
417077,397364,256,19713,a4164,5a90,e4228,011,dc220,[00^28]100,fa250,86134,7d125,[00^31]64,[00^31]1,[00^31]32,[00^31]228,044,e4228,5a90,af175,[00^12]229,d7215,c2194,a4164,4f79,fd253,df223,6b107,2941,5a90,1521,c1193,4872,1622,7d125,aa170,af175,5c92,f3243,4f79,[00^12]23,6298,1117,86134,9c156,a2162,b5181,68104,f2242,a7167,d4212,ee238,94148,1e30,077,3a58,82130,1e30,e1225,ff255,[00^23]1
417333,397620,21,19713,[00^8]100,[00^12]1
417374,392997,26,24377,[00^25]24,011
417400,417069,6,331,de222,76118,81129,6d109,80128,00011
417406,417405,29,1,[00^29]1
417438,399223,97,18215,[00^60]192,[00^36]1
417535,363935,8,53600,3048,022,ee238,82130,e7231,088,044,84132,011
417543,397832,11,19711,2f47,4872,79121,5e94,84132,2f47,4872,79121,68104,83131,011,011
417554,363954,84,53600,0b11,3654,94148,cc204,e9233,d3211,f3243,92146,c1193,3553,dc220,033,8b139,1420,7c124,a7167,3e62,c4196,96150,f7247,f8248,9d157,93147,80128,84132,1824,3f63,f0240,85133,c0192,[00^47]81,022,f8248,4e78,82130,e7231,088,011
417638,387366,3,30272,011,84132,2f47,011
417641,397833,117,19808,4872,79121,5e94,84132,2f47,4872,79121,68104,83131,011,0a10,3b59,94148,9d157,ba186,3149,e4228,92146,b7183,e9233,8b139,81129,95149,e2226,5484,ee238,1319,b6182,b0176,2739,e4228,a5165,9d157,80128,a4164,a7167,f6246,87135,92146,76118,6f111,74116,65101,[00^28]192,[00^45]1
417758,417757,1,1,00011
417763,417635,3,128,82130,e7231,088,011
417767,398566,12,19201,84132,2f47,4872,79121,5e94,84132,2f47,4872,79121,68104,83131,033,011
417809,410165,2,7644,00b8184,011
417816,417342,13,474,[00^12]120,011
417831,390440,3,27391,77119,5989,1c28,011
417848,417114,63,734,[00^31]64,[00^31]1
417911,417711,40,200,00c0192,[00^38]1
417951,416863,7,1088,72114,022,f8248,6f111,82130,e7231,088,011
417958,373987,3,43971,055,84132,2f47,011
417961,399498,9,18463,3c60,a5165,f9249,84132,2f47,3c60,a6166,033,83131,011
417973,416885,40,1088,94148,1723,6298,1117,86134,9c156,a2162,b5181,68104,f2242,a7167,d4212,ee238,94148,1e30,077,3a58,82130,1e30,e1225,ff255,80128,b8184,4468,099,5e94,a7167,b3179,[00^12]1
418033,405025,30,13008,[00^29]23,011
418065,416977,46,1088,c0192,[00^44]1,011
418111,376799,8,41312,3b59,022,f9249,011,3755,82130,e7231,088,011
418119,417638,3,481,011,84132,2f47,011
418122,398826,10,19296,3c60,a5165,f9249,84132,2f47,3c60,a6166,033,83131,033,011
418134,376822,22,41312,94148,2739,2e46,1521,6d109,f8248,da218,5181,3c60,69105,cb203,4165,cc204,7a122,99153,1824,5d93,5383,f9249,2638,bb187,87135,011
418156,377682,7,40474,033,8d141,7e126,a4164,c6198,80128,00011
418163,376851,115,41312,b9185,011,044,a8168,c9201,ed237,67103,[00^12]229,d7215,c2194,a4164,4f79,fd253,df223,6b107,2941,5a90,1521,c1193,4872,1622,7d125,aa170,af175,5c92,f3243,4f79,[00^12]125,4367,aa170,bc188,5181,5c92,3553,6197,4569,044,92146,2739,ce206,e5229,4b75,6096,83131,4266,c0192,ad173,[00^31]40,[00^12]1
418298,411251,31,7047,[00^28]100,fa250,89137,011
418330,377657,56,40673,[00^25]3,8d141,7e126,a4164,c6198,80128,[00^25]1
418394,417880,69,514,[00^32]192,[00^36]1
418467,415492,5,2975,82130,e7231,088,0d13,84132,011
418472,400009,10,18463,2f47,1f31,97151,d6214,84132,2f47,1f31,97151,e0224,82130,011
418484,386123,51,32361,94148,e5229,d7215,c2194,a4164,4f79,fd253,df223,6b107,2941,5a90,1521,c1193,4872,1622,7d125,aa170,af175,5c92,f3243,4f79,80128,a4164,2e46,1a26,7d125,4d77,[00^24]1
418535,363064,2,55471,0066102,011
418544,386192,53,32352,[00^47]48,022,ee238,82130,e7231,088,011
418598,418471,10,127,84132,2f47,1f31,97151,d6214,84132,2f47,1f31,97151,e0224,011
418608,417552,86,1056,83131,011,0b11,3654,94148,cc204,e9233,d3211,f3243,92146,c1193,3553,dc220,033,8b139,1420,7c124,a7167,3e62,c4196,96150,f7247,f8248,9d157,93147,80128,84132,1824,3f63,f0240,85133,c0192,[00^47]81,022,f8248,4e78,82130,e7231,088,011
418695,418598,11,97,84132,2f47,1f31,97151,d6214,84132,2f47,1f31,97151,e0224,83131,011
418709,360118,55,58591,94148,3351,3d61,8b139,4872,0b11,db219,2537,ea234,7b123,e4228,dd221,87135,ee238,b3179,5989,98152,8c140,e1225,b3179,0d13,80128,a4164,a0160,71113,2d45,68104,[00^28]1
418768,400432,55,18336,c0192,[00^45]1,3351,022,f9249,011,2f47,82130,e7231,088,011
418823,417541,3,1282,044,84132,2f47,011
418826,400010,137,18816,1f31,97151,d6214,84132,2f47,1f31,97151,e0224,82130,7e126,5484,94148,d1209,a3163,ab171,f4244,2f47,9e158,66102,be190,86134,cf207,de222,a8168,c5197,c2194,c7199,4f79,044,1c28,5e94,1420,80128,b9185,011,044,5b91,7d125,74116,82130,[00^31]64,[00^31]160,[00^31]64,64100,011
418963,378067,63,40896,66102,3856,3351,6298,3553,6197,65101,64100,3149,3553,3452,3755,3553,3856,3250,3654,3149,66102,3149,6298,3452,6298,6197,65101,66102,6197,3250,3048,3149,66102,3654,66102,6197,3553,3250,66102,6197,64100,3755,6298,3250,66102,3553,3351,3553,6298,3250,3452,3351,3957,3149,66102,6197,3452,3957,3755,6197,3553,3351,64100,3654,3250,3957,011
419026,377938,96,41088,[00^31]64,64100,3048,65101,3755,66102,3553,3957,3856,66102,3149,6298,6197,6298,66102,65101,3856,3250,65101,3755,3351,6298,3351,3755,6399,3452,6197,3149,3856,6399,3351,3957,66102,6197,3452,3654,66102,6298,3048,65101,6298,6197,3452,3048,66102,3755,3957,65101,3553,3553,3856,64100,3048,6298,3957,3250,65101,3149,3957,6298,3351,3957,66102,3048,6197,011
419122,359538,53,59584,c0192,[00^43]1,3351,022,f9249,011,2f47,82130,e7231,088,011
419176,400359,10,18817,84132,2d45,d2210,1b27,e1225,84132,2d45,d2210,1b27,e9233,011
419186,418834,128,352,82130,7e126,5484,94148,d1209,a3163,ab171,f4244,2f47,9e158,66102,be190,86134,cf207,de222,a8168,c5197,c2194,c7199,4f79,044,1c28,5e94,1420,80128,b9185,011,044,5b91,7d125,74116,82130,[00^31]64,[00^31]160,[00^31]64,011
419314,375951,3,43363,3048,6399,3048,011
419319,359733,3,59586,64100,3856,65101,011
419328,375145,3,44183,3351,6197,6197,011
419334,375913,3,43421,3856,64100,3755,011
419343,375055,3,44288,3452,3755,3351,011
419349,375895,3,43454,6399,65101,3856,011
419353,375900,3,43453,3654,3048,6298,011
419357,418999,4,358,6197,64100,3755,6298,011
419361,418993,3,368,3654,66102,6197,011
419364,375038,4,44326,6399,3351,3048,3654,011
419369,400626,3,18743,65101,3149,3755,011
419372,362811,3,56561,3351,3250,3755,011
419377,419025,33,352,3957,[00^31]64,011
419412,359762,3,59650,64100,3654,3452,011
419417,369990,3,49427,3351,3351,3957,011
419426,419085,3,341,3856,6399,3351,011
419434,387181,3,32253,3553,3654,3755,011
419437,375051,3,44386,3048,3654,3250,011
419441,419328,3,113,3351,6197,6197,011
419448,419062,3,386,66102,3553,3957,011
419451,375935,3,43516,6399,3654,65101,011
419454,400758,3,18696,3351,3654,6399,011
419458,400253,3,19205,6298,3553,3957,011
419464,400670,3,18794,65101,3553,65101,011
419474,400306,52,19168,c0192,[00^44]81,022,f8248,4e78,82130,e7231,088,011
419531,406026,2,13505,0084132,011
419533,419528,4,5,2c44,95149,93147,00011
419537,388465,163,31072,83131,011,0a10,3b59,94148,9d157,ba186,3149,e4228,92146,b7183,e9233,8b139,81129,95149,e2226,5484,ee238,1319,b6182,b0176,2739,e4228,a5165,9d157,80128,a4164,a7167,f6246,87135,92146,76118,6f111,74116,65101,[00^28]192,[00^45]1,0d13,f9249,011,0a10,011,84132,2a42,ea234,5484,0082130,9d157,78120,94148,088,72114,ec236,4468,2638,1016,3452,82130,a5165,0f15,2638,ff255,c3195,2a42,ce206,fc252,ec236,6197,b3179,c9201,80128,b8184,e4228,f2242,4266,4367,2a42,[00^12]1
419700,404532,20,15168,c7199,64100,a5165,65101,c1193,f8248,f0240,e2226,7a122,4973,9d157,ce206,d1209,c5197,65101,4872,044,6c108,0b11,1b27,011
419720,401224,256,18496,[00^12]174,c3195,ca202,ce206,f9249,4569,7f127,f2242,82130,1d29,9f159,85133,4266,9c156,e3227,d9217,0b11,001420,5989,[00^31]5,[00^31]1,[00^31]160,[00^64]130,e7231,088,80128,80128,[00^49]1,0d13,f9249,011,0a10,011,84132,2a42,ea234,5484,011
419976,401480,44,18496,0082130,9d157,78120,94148,088,72114,ec236,4468,2638,1016,3452,82130,a5165,0f15,2638,ff255,c3195,2a42,ce206,fc252,ec236,6197,b3179,c9201,80128,b8184,e4228,f2242,4266,4367,2a42,[00^12]1
420020,404492,20,15528,86134,bd189,5a90,2f47,0f15,0f15,d8216,2b43,ca202,a5165,8d141,4973,72114,f7247,5989,c6198,f5245,9e158,b4180,1925,011
420040,419720,256,320,[00^12]174,c3195,ca202,ce206,f9249,4569,7f127,f2242,82130,1d29,9f159,85133,4266,9c156,e3227,d9217,0b11,001420,5989,[00^31]5,[00^31]1,[00^31]160,[00^64]130,e7231,088,80128,80128,[00^49]1,0d13,f9249,011,0a10,011,84132,2a42,ea234,5484,011
420296,419976,44,320,0082130,9d157,78120,94148,088,72114,ec236,4468,2638,1016,3452,82130,a5165,0f15,2638,ff255,c3195,2a42,ce206,fc252,ec236,6197,b3179,c9201,80128,b8184,e4228,f2242,4266,4367,2a42,[00^12]1
420340,404512,20,15828,4165,ce206,91145,d0208,d2210,2335,b2178,81129,f4244,3755,1319,1319,9d157,e7231,bd189,da218,ff255,4468,5282,5a90,011
420360,401544,256,18816,[00^12]174,c3195,ca202,ce206,f9249,4569,7f127,f2242,82130,1d29,9f159,85133,4266,9c156,e3227,d9217,0b11,001420,5989,[00^31]5,[00^31]1,[00^31]160,[00^64]130,e7231,088,80128,80128,[00^49]1,ef239,f9249,011,ec236,80128,84132,2a42,ea234,5484,011
420616,401800,224,18816,0083131,011,5f95,90144,94148,088,72114,ec236,4468,2638,1016,3452,82130,a5165,0f15,2638,ff255,c3195,2a42,ce206,fc252,ec236,6197,b3179,c9201,80128,b9185,011,c4196,d4212,df223,d6214,bc188,[00^127]1,[00^31]1,[00^28]101,1420,011
420842,403114,160,17728,[00^63]5,[00^62]1,4064,[00^31]65,011
421066,402794,256,18272,1b27,[00^31]130,e7231,088,80128,80128,[00^47]1,ef239,f9249,011,ec236,80128,84132,2a42,ea234,5484,0083131,011,5f95,90144,94148,088,72114,ec236,4468,2638,1016,3452,82130,a5165,0f15,2638,ff255,c3195,2a42,ce206,fc252,ec236,6197,b3179,c9201,80128,b9185,011,c4196,d4212,df223,d6214,bc188,[00^127]1,011
421322,403050,62,18272,[00^31]1,[00^28]101,1420,011
421385,406569,96,14816,4064,[00^63]5,[00^31]1
421481,420937,65,544,[00^31]1,4064,[00^31]65,011
421610,391594,85,30016,1c28,[00^31]130,e7231,088,80128,80128,[00^48]1
421695,403519,12,18176,2c44,eb235,5282,84132,2a42,ea234,5484,0082130,5282,088,94148,011
421727,403455,66,18272,86134,5a90,f3243,1016,7a122,4064,0080128,82130,e7231,088,80128,80128,[00^51]44,eb235,011
421794,421698,9,96,84132,2a42,ea234,5484,0082130,5282,088,94148,011
421823,421727,66,96,86134,5a90,f3243,1016,7a122,4064,0080128,82130,e7231,088,80128,80128,[00^51]44,eb235,011
421890,421794,9,96,84132,2a42,ea234,5484,0082130,5282,088,94148,011
421919,391071,256,30848,86134,5a90,f3243,1016,7a122,4064,0080128,82130,e7231,088,80128,80128,[00^50]1,ef239,f9249,011,ec236,80128,84132,2a42,ea234,5484,0083131,011,5989,1016,94148,088,72114,ec236,4468,2638,1016,3452,82130,a5165,0f15,2638,ff255,c3195,2a42,ce206,fc252,ec236,6197,b3179,c9201,80128,b9185,011,c4196,d4212,df223,d6214,bc188,[00^127]1,[00^21]1
422175,391327,42,30848,[00^10]1,[00^28]101,2234,1218,011
422218,421386,160,832,[00^63]5,[00^62]1,4064,[00^31]65,011
422380,422376,1,4,00011
422442,391594,117,30848,1c28,[00^31]130,e7231,088,80128,80128,[00^79]2,011
422560,404052,20,18508,4569,a3163,1824,2739,3755,4973,d6214,eb235,00f5245,f6246,ca202,3b59,c7199,cd205,3d61,e2226,6d109,64100,2a42,011
422600,381340,40,41260,4f79,f7247,3048,80128,1723,c6198,c7199,cc204,fc252,e4228,0c12,2e46,088,ef239,ce206,91145,2537,9d157,6399,9f159,e9233,3654,85133,f3243,bb187,a0160,3048,1622,f0240,2b43,d1209,82130,8b139,ad173,d6214,1925,5989,88136,d9217,5080,011
422640,412383,20,10257,0f15,e7231,5686,1b27,c2194,a1161,71113,1521,c5197,ad173,82130,84132,f2242,99153,95149,c0192,7c124,5484,e9233,73115,011
422680,413593,8,9087,89137,a4164,bc188,5888,94148,6399,83131,4973,011
422688,413625,12,9063,2133,9f159,ac172,69105,d0208,c1193,df223,2739,2032,4d77,68104,00011
422700,415801,20,6899,1824,2f47,87135,2335,b5181,7e126,a3163,ca202,f8248,b3179,1c28,3856,bf191,5585,3856,98152,75117,066,e5229,ad173,011
422720,391792,20,30928,6298,3250,e7231,8d141,5484,c4196,84132,5c92,97151,7f127,c9201,e1225,1d29,7e126,6197,c5197,3149,6d109,1218,d1209,011
422760,417354,20,5406,78120,ff255,5383,3a58,3a58,5282,c7199,1521,4973,4771,b6182,6399,ac172,94148,3351,044,64100,0d13,e1225,1420,011
422820,417828,20,4992,78120,3c60,077,77119,5989,1c28,af175,4165,91145,1824,1e30,d0208,9c156,7d125,1e30,a2162,de222,73115,84132,3e62,011
422860,418278,20,4582,b5181,85133,7d125,1925,2941,8f143,4165,9f159,3755,1117,6399,a2162,0d13,1824,8a138,1824,5f95,64100,1e30,94148,011
422920,381520,20,41400,d1209,5b91,3a58,c5197,c7199,b4180,4872,b3179,71113,5383,7e126,a8168,a8168,ac172,6e110,95149,f2242,98152,77119,4e78,011
423000,391051,21,31949,c7199,64100,a5165,65101,c1193,f8248,f0240,e2226,7a122,4973,9d157,ce206,d1209,c5197,65101,4872,044,6c108,0b11,1b27,86134,011
423021,404493,39,18528,bd189,5a90,2f47,0f15,0f15,d8216,2b43,ca202,a5165,8d141,4973,72114,f7247,5989,c6198,f5245,9e158,b4180,1925,4165,ce206,91145,d0208,d2210,2335,b2178,81129,f4244,3755,1319,1319,9d157,e7231,bd189,da218,ff255,4468,5282,5a90,011
423060,403531,20,19529,5e94,0d13,dd221,81129,5585,7f127,90144,94148,5383,e8232,da218,1824,088,6b107,3250,033,3755,d8216,77119,f7247,011
423080,403435,20,19645,e1225,2638,a8168,0b11,aa170,3c60,022,65101,c5197,2a42,88136,7b123,d9217,5b91,ee238,b8184,85133,2638,099,7a122,011
423100,381940,20,41160,b2178,68104,e0224,6d109,d9217,82130,6e110,7c124,4771,c4196,b6182,bb187,c9201,f1241,6d109,f2242,d3211,bd189,c9201,ae174,011
423120,381900,40,41220,1622,1d29,bc188,3f63,77119,0d13,c9201,72114,88136,ee238,d3211,c8200,64100,da218,ba186,6197,8a138,2032,9a154,2436,5080,ee238,2a42,1723,89137,f7247,81129,74116,bf191,7f127,ad173,3a58,2e46,9b155,2133,de222,c8200,ed237,0e14,b7183,011
423160,403917,20,19243,4670,1723,7a122,c6198,6399,3654,5b91,7c124,7b123,f0240,4266,1c28,6a106,a3163,2133,5383,0a10,3d61,4670,d1209,011
423180,368076,146,55104,[00^83]4,[00^31]128,[00^30]1
423328,423296,30,32,[00^30]1
423360,423328,30,32,[00^30]1
423391,412156,2,11235,000e14,011
423424,404704,31,18720,[00^28]100,fa250,85133,011
423456,418395,62,5061,[00^31]192,[00^30]1
423519,378144,32,45375,[00^31]49,011
423552,405376,31,18176,[00^30]51,011
423584,392512,95,31072,[00^31]30,[00^30]3,c0192,[00^30]4,011
423680,406730,31,16950,[00^30]8,011
423711,395537,32,28174,[00^31]10,011
423744,392672,31,31072,[00^30]12,011
423776,406080,31,17696,[00^30]14,011
423808,410526,31,13282,[00^30]15,011
423840,404992,31,18848,[00^30]19,011
423872,405024,31,18848,[00^30]23,011
423904,392960,94,30944,[00^30]23,c0192,[00^30]24,6096,[00^30]1
423999,423711,31,288,[00^31]1
424030,393054,33,30976,1a26,6096,[00^30]27,011
424064,393120,63,30944,[00^30]30,6096,[00^30]30,011
424128,417179,31,6949,[00^30]32,011
424159,373042,32,51117,c0192,[00^30]33,011
424192,368481,61,55711,[00^30]34,[00^30]1
424253,396407,2,27846,002335,011
424256,424224,31,32,[00^30]35,011
424287,382111,32,42176,c0192,[00^30]37,011
424319,393311,32,31008,[00^31]38,011
424352,418235,31,6117,[00^30]40,011
424383,393407,32,30976,6096,[00^30]42,011
424416,405152,31,19264,[00^30]43,011
424447,392415,32,32032,c0192,[00^30]45,011
424479,369439,32,55040,e0224,[00^30]46,011
424512,405216,31,19296,[00^30]47,011
424544,424512,31,32,[00^30]47,011
424576,424319,31,257,[00^31]1
424644,416951,26,7693,ff255,ff255,ff255,ff255,ff255,ff255,ff255,ff255,ff255,ff255,ff255,ff255,ff255,ff255,ff255,ff255,ff255,ff255,ff255,ff255,ff255,ff255,ff255,ff255,ff255,ff255,011
424676,422474,58,2202,82130,e7231,088,80128,80128,[00^53]1
424734,409854,8,14880,033,92146,f9249,033,8f143,83131,033,055,011
424748,409868,129,14880,83131,1319,f7247,c0192,94148,a6166,5888,74116,2d45,3351,eb235,d2210,ce206,2f47,0b11,df223,f7247,3553,1521,aa170,79121,7f127,d1209,6197,d9217,80128,b9185,033,64100,2537,2f47,7b123,011,[00^31]184,[00^12]69,f1241,a9169,5a90,4d77,3f63,3856,3654,5282,3f63,5c92,83131,67103,3c60,79121,7f127,4d77,4d77,2638,3b59,[00^29]4,3250,3856,011
424909,424877,32,32,fa250,6b107,94148,d1209,3d61,79121,6b107,9c156,c0192,2739,7f127,af175,d7215,b4180,a9169,b5181,b7183,af175,6e110,93147,e3227,fe254,022,6197,4771,9d157,1622,088,1117,e0224,67103,9d157,011
424941,410061,103,14880,[00^31]192,[00^30]2,74116,[00^12]56,de222,71113,1218,4f79,7a122,4468,7a122,011,d6214,79121,4569,a5165,1e30,dc220,e9233,ff255,4973,1218,5181,[00^6]162,011
425045,410165,197,14880,00b8184,af175,5484,be190,5b91,6e110,ec236,2436,d6214,bf191,ac172,f1241,cc204,e4228,ea234,f6246,80128,a8168,2335,93147,98152,00b7183,4569,f1241,a9169,5a90,4d77,3f63,3856,3654,5282,3f63,5c92,83131,67103,3c60,79121,7f127,4d77,4d77,2638,3b59,[00^31]1,[00^31]13,[00^31]13,[00^57]1
425249,370849,56,54400,[00^23]40,2234,eb235,f0240,83131,1e30,c2194,d1209,066,[00^24]1
425312,424035,28,1277,[00^27]27,011
425344,384607,91,40737,[00^90]2,011
425440,423781,26,1659,[00^25]14,011
425468,392077,3,33391,cc204,4468,fd253,011
425471,422312,33,3159,[00^32]1,011
425504,410624,65,14880,c0192,[00^30]2,[00^32]20,011
425589,420496,105,5093,[00^56]130,e7231,088,80128,80128,[00^44]1
425694,395262,8,30432,022,3250,f9249,022,2f47,83131,033,066,011
425703,424743,6,960,84132,3a58,aa170,1016,e7231,83131,011
425709,395277,127,30432,044,8d141,9c156,94148,cb203,5686,6e110,3b59,69105,3452,fa250,77119,2537,8d141,68104,ea234,1824,e9233,3149,fa250,75117,e1225,aa170,aa170,80128,b9185,022,044,6c108,4569,9a154,2840,[00^12]56,de222,71113,1218,4f79,7a122,4468,7a122,011,d6214,79121,4569,a5165,1e30,dc220,e9233,ff255,4973,1218,5181,[00^31]128,[00^28]100,fa250,d9217,011
425837,383405,100,42432,[00^30]1,4064,[00^31]132,70112,4367,1622,e5229,[00^31]111,011
425969,425537,32,432,[00^31]20,011
426001,425937,63,64,1d29,bd189,a5165,1b27,044,4973,d5213,cd205,a9169,6c108,2436,83131,7a122,ab171,2d45,91145,a1161,022,c7199,5686,3654,099,a9169,0d13,90144,f3243,055,3856,a2162,a5165,e7231,c4196,[00^31]1
426064,425617,29,447,[00^28]130,011
426168,426091,1,77,00011
426222,383790,80,42432,1b27,[00^30]130,e7231,088,80128,80128,[00^44]1
426302,425694,8,608,022,3250,f9249,022,2f47,83131,033,066,011
426311,425703,233,608,84132,3a58,aa170,1016,e7231,83131,044,8d141,9c156,94148,cb203,5686,6e110,3b59,69105,3452,fa250,77119,2537,8d141,68104,ea234,1824,e9233,3149,fa250,75117,e1225,aa170,aa170,80128,b9185,022,044,6c108,4569,9a154,2840,[00^12]56,de222,71113,1218,4f79,7a122,4468,7a122,011,d6214,79121,4569,a5165,1e30,dc220,e9233,ff255,4973,1218,5181,[00^31]128,[00^28]100,fa250,d9217,75117,[00^30]1,4064,[00^31]132,70112,4367,1622,e5229,[00^31]1
426577,423711,32,2866,[00^31]10,011
426609,426545,63,64,72114,2d45,5e94,3755,3a58,90144,a6166,72114,ed237,fa250,a5165,1016,91145,ca202,7c124,88136,e3227,e9233,9d157,2f47,1622,1420,5d93,78120,a3163,e6230,2840,66102,4064,be190,7b123,6399,[00^31]1
426672,426225,29,447,[00^28]130,011
426830,395790,80,31040,1c28,[00^30]130,e7231,088,80128,80128,[00^44]1
426916,396835,6,30081,84132,3553,a4164,e9233,0083131,011
426946,419210,4,7736,80128,b9185,011,044,011
426954,422253,29,4701,[00^28]5,011
426985,426956,26,29,[00^26]1
427018,420456,44,6562,[00^31]160,[00^12]1
427082,418298,31,8784,[00^28]100,fa250,89137,011
427114,416307,44,10807,[00^31]2,[00^12]1
427158,363413,20,63745,eb235,4670,6399,4266,c4196,d4212,4973,bc188,9f159,5383,a8168,65101,d5213,cb203,90144,5888,6f111,4064,5282,1521,011
427178,418170,32,9008,[00^12]229,d7215,c2194,a4164,4f79,fd253,df223,6b107,2941,5a90,1521,c1193,4872,1622,7d125,aa170,af175,5c92,f3243,4f79,011
427210,421098,53,6112,82130,e7231,088,80128,80128,[00^47]1,011
427263,383871,4,43392,1521,f9249,011,1218,011
427277,383885,22,43392,94148,87135,3149,d5213,4e78,9d157,022,c2194,86134,76118,7d125,5686,ac172,033,e8232,033,7c124,077,e0224,1e30,98152,87135,011
427305,377554,51,49751,1e30,b8184,e4228,1117,1420,cd205,2a42,[00^31]184,[00^12]1
427376,420456,57,6920,[00^31]160,[00^25]1
427433,399863,30,27570,6a106,94148,d7215,4f79,4367,[00^25]1
427463,427431,3,32,00006a106,011
427471,425536,33,1935,[00^32]20,011
427504,427356,32,148,4569,dd221,f2242,1723,e4228,5b91,6096,98152,c7199,f8248,2e46,0d13,e4228,75117,ac172,4c76,73115,7a122,2032,d8216,[00^12]1
427536,384144,58,43392,82130,e7231,088,80128,80128,[00^41]4,1b27,022,f9249,044,1723,82130,e7231,088,099,84132,3048,011
427597,427592,5,5,84132,3048,fb251,4b75,0b11,011
427606,384214,22,43392,94148,1d29,011,88136,c4196,b2178,76118,a0160,93147,66102,d0208,5d93,6b107,e0224,6a106,f6246,1a26,73115,bc188,75117,3553,87135,011
427635,384243,256,43392,b9185,033,e4228,d3211,1117,5a90,8a138,[00^31]96,[00^30]1,[00^31]1,a0160,[00^31]4,[00^12]23,6298,1117,86134,9c156,a2162,b5181,68104,f2242,a7167,d4212,ee238,94148,1e30,077,3a58,82130,1e30,e1225,ff255,[00^12]204,2234,f6246,aa170,6197,0d13,1b27,2a42,0e14,89137,ef239,2234,80128,79121,cb203,3e62,1824,3149,b1177,d1209,[00^12]226,c6198,7a122,9b155,1521,e9233,e7231,ff255,8a138,9c156,b0176,df223,b8184,fe254,e5229,6096,99153,2335,e5229,db219,ee238,ee238,ee238,ee238,ee238,ee238,ee238,ee238,ee238,ee238,ee238,ee238,ee238,ee238,ee238,ee238,ee238,ee238,ee238,ee238,ee238,ee238,ee238,ee238,ee238,011
427891,384499,256,43392,ee238,ee238,ee238,ee238,ee238,ee238,ee238,[00^31]4,[00^159]2,[00^31]64,[00^25]1
428147,384755,164,43392,[00^5]1,4064,[00^12]226,c6198,7a122,9b155,1521,e9233,e7231,ff255,8a138,9c156,b0176,df223,b8184,fe254,e5229,6096,99153,2335,e5229,db219,[00^31]96,[00^31]224,[00^31]3,[00^29]1
428314,384922,27,43392,022,011,[00^14]255,ff255,ff255,ff255,ff255,ff255,ff255,ff255,ff255,ff255,ff255,011
428347,425160,25,3187,[00^24]13,011
428372,427629,6,743,64100,4d77,8d141,92146,df223,2335,011
428378,384986,256,43392,[00^32]1,[00^11]226,c6198,7a122,9b155,1521,e9233,e7231,ff255,8a138,9c156,b0176,df223,b8184,fe254,e5229,6096,99153,2335,e5229,db219,[00^31]96,[00^31]192,[00^31]2,011,011,[00^30]2,022,[00^14]127,ff255,ff255,ff255,ff255,ff255,ff255,ff255,ff255,ff255,ff255,ff255,ff255,ff255,ff255,ff255,[00^32]1
428634,385242,36,43392,c0192,[00^35]1
428670,415966,9,12704,033,5484,022,f9249,033,5080,82130,e7231,088,011
428680,427592,11,1088,84132,3048,fb251,4b75,0b11,84132,3048,fb251,4b75,0b11,83131,011
428694,415990,256,12704,94148,1d29,011,88136,c4196,b2178,76118,a0160,93147,66102,d0208,5d93,6b107,e0224,6a106,f6246,1a26,73115,bc188,75117,3553,80128,b9185,033,2436,d3211,1117,5a90,8a138,[00^31]96,[00^31]192,[00^30]1,2032,[00^31]2,[00^12]23,6298,1117,86134,9c156,a2162,b5181,68104,f2242,a7167,d4212,ee238,94148,1e30,077,3a58,82130,1e30,e1225,ff255,ee238,ee238,ee238,ee238,ee238,ee238,ee238,ee238,ee238,ee238,ee238,ee238,ee238,ee238,ee238,ee238,ee238,ee238,ee238,ee238,ee238,ee238,ee238,ee238,ee238,ee238,ee238,ee238,ee238,ee238,ee238,ee238,[00^31]2,000000011
428950,416246,25,12704,[00^25]1
428979,416275,256,12704,[00^63]2,[00^31]64,[00^30]1,2032,[00^12]226,c6198,7a122,9b155,1521,e9233,e7231,ff255,8a138,9c156,b0176,df223,b8184,fe254,e5229,6096,99153,2335,e5229,db219,[00^31]96,[00^31]192,[00^31]2,011
429235,416531,249,12704,00022,[00^14]127,ff255,ff255,ff255,ff255,ff255,ff255,ff255,ff255,ff255,ff255,ff255,ff255,ff255,ff255,ff255,011,011,[00^14]127,ff255,ff255,ff255,ff255,ff255,ff255,ff255,ff255,ff255,ff255,ff255,ff255,ff255,ff255,ff255,[00^32]5,[00^62]96,[00^31]160,[00^31]1,011,011,[00^14]255,ff255,ff255,ff255,ff255,ff255,ff255,ff255,ff255,011
429491,416787,83,12704,[00^32]192,[00^43]114,022,f8248,6f111,82130,e7231,088,011
429579,397226,3,32353,be190,84132,2f47,011
429587,418213,2,11374,007d125,011
429589,386869,24,42720,94148,009a154,0b11,7c124,3856,b5181,4266,2032,89137,3654,f1241,1723,91145,5181,cd205,088,e2226,94148,3856,3351,80128,b8184,4468,011
429617,419688,13,9929,[00^12]199,011
429649,413477,26,16172,[00^25]7,011
429682,388242,52,41440,[00^45]114,022,f8248,6f111,82130,e7231,088,011
429734,429574,103,160,022,84132,2f47,8e142,89137,be190,84132,2f47,8e142,89137,c8200,83131,055,007d125,94148,009a154,0b11,7c124,3856,b5181,4266,2032,89137,3654,f1241,1723,91145,5181,cd205,088,e2226,94148,3856,3351,80128,b8184,4468,83131,0c12,bb187,bd189,[00^12]199,d8216,4872,9d157,ae174,3d61,2e46,be190,f0240,75117,b1177,db219,2234,5787,e2226,c2194,3149,c9201,d2210,3149,[00^25]7,1218,ef239,011
429841,387601,53,42240,c0192,[00^45]113,022,f8248,6e110,82130,e7231,088,011
429894,398565,3,31329,0b11,84132,2f47,011
429897,429737,8,160,8e142,89137,be190,84132,2f47,8e142,89137,c8200,011
429905,388145,43,41760,82130,eb235,92146,94148,1723,6298,1117,86134,9c156,a2162,b5181,68104,f2242,a7167,d4212,ee238,94148,1e30,077,3a58,82130,1e30,e1225,ff255,80128,b8184,4468,099,5e94,a7167,b3179,[00^12]1
429948,410839,20,19109,6197,3149,b5181,fa250,e1225,9e158,a4164,f9249,d9217,64100,ea234,c0192,4064,8e142,4468,088,b6182,6399,3755,b5181,011
429968,429206,29,762,[00^28]2,011
430000,386448,55,43552,c0192,[00^45]1,3c60,022,f9249,011,3856,82130,e7231,088,011
430055,429734,3,321,022,84132,2f47,011
430060,387654,3,42406,66102,84132,2f47,011
430070,386518,196,43552,94148,2739,2e46,1521,6d109,f8248,da218,5181,3c60,69105,cb203,4165,cc204,7a122,99153,1824,5d93,5383,f9249,2638,bb187,88136,011,fc252,099,be190,0a10,e1225,80128,00b9185,011,044,a8168,c9201,ed237,67103,[00^12]229,d7215,c2194,a4164,4f79,fd253,df223,6b107,2941,5a90,1521,c1193,4872,1622,7d125,aa170,af175,5c92,f3243,4f79,[00^12]23,6298,1117,86134,9c156,a2162,b5181,68104,f2242,a7167,d4212,ee238,94148,1e30,077,3a58,82130,1e30,e1225,ff255,[00^31]40,[00^12]89,67103,5888,cb203,bf191,0b11,1117,8d141,a1161,3b59,cf207,95149,a6166,9e158,ed237,055,0a10,b9185,7a122,0d13,[00^28]100,fa250,89137,011
430267,386715,61,43552,[00^24]1,fc252,099,be190,0a10,e1225,80128,[00^29]13,011
430331,429491,67,840,[00^32]192,[00^34]1
430398,399998,12,30400,011,3351,022,f9249,011,2f47,82130,e7231,088,077,84132,2f47,011
430410,430058,8,352,8d141,e9233,66102,84132,2f47,8d141,e9233,6f111,011
430418,375762,129,54656,82130,7e126,5484,94148,d1209,a3163,ab171,f4244,2f47,9e158,66102,be190,86134,cf207,de222,a8168,c5197,c2194,c7199,4f79,044,1c28,5e94,1420,80128,b9185,011,044,5b91,7d125,74116,82130,[00^31]64,[00^31]160,[00^31]64,6399,011
430550,419008,3,11542,6298,3250,3452,011
430556,419374,3,11182,3755,6399,6197,011
430560,412993,3,17567,3452,66102,3149,011
430571,387164,3,43407,6298,66102,3553,011
430575,370030,3,60545,64100,3250,3856,011
430583,400153,3,30430,6197,3250,6197,011
430591,375989,3,54602,3048,64100,3149,011
430594,375994,3,54600,3250,3250,3250,011
430598,400752,3,29846,6399,65101,6197,011
430610,400594,33,30016,[00^31]64,65101,011
430647,430546,3,101,6399,6197,65101,011
430652,387293,3,43359,3553,3048,6399,011
430656,419319,4,11337,64100,3856,65101,6399,011
430667,375048,3,55619,65101,3452,6399,011
430671,419362,3,11309,66102,6197,6399,011
430674,430671,3,3,66102,6197,6399,011
430678,387282,3,43396,3856,66102,65101,011
430681,370078,3,60603,3250,6197,3654,011
430685,375942,3,54743,6298,3755,3351,011
430691,418979,3,11712,3149,66102,3149,011
430694,400195,3,30499,3351,3048,3856,011
430699,419318,3,11381,3755,64100,3856,011
430706,376050,45,54656,c0192,[00^43]2,011
430752,376096,3,54656,022,f9249,022,011
430755,397058,4,33697,70112,82130,e7231,088,011
430759,417958,3,12801,055,84132,2f47,011
430762,430058,10,704,8d141,e9233,66102,84132,2f47,8d141,e9233,6f111,83131,033,011
430774,398838,23,31936,94148,67103,8a138,a4164,bf191,4e78,2133,0c12,f2242,1622,67103,5383,e0224,5484,d5213,b7183,c3195,1c28,c7199,fa250,86134,80128,b9185,011
430797,385476,37,45321,022,4468,5a90,e4228,011,dc220,[00^28]100,fa250,86134,011
430835,385514,256,45321,[00^31]64,[00^31]2,[00^31]64,[00^30]1,6096,[00^31]228,044,e4228,5a90,af175,[00^12]23,6298,1117,86134,9c156,a2162,b5181,68104,f2242,a7167,d4212,ee238,94148,1e30,077,3a58,82130,1e30,e1225,ff255,[00^12]229,d7215,c2194,a4164,4f79,fd253,df223,6b107,2941,5a90,1521,c1193,4872,1622,7d125,aa170,af175,5c92,f3243,4f79,[00^28]1
431091,385770,2,45321,0000011
431093,417340,14,13753,0064100,[00^12]1
431107,430879,49,228,[00^19]2,[00^29]1
431159,431101,26,58,[00^25]2,011
431191,385870,121,45321,[00^91]68,4973,4064,4b75,7c124,[00^25]1
431312,431184,19,128,022,1e30,eb235,fe254,3a58,e4228,4266,[00^12]1
431331,422680,20,8651,89137,a4164,bc188,5888,94148,6399,83131,4973,2133,9f159,ac172,69105,d0208,c1193,df223,2739,2032,4d77,68104,00011
431351,429495,72,1856,[00^28]192,[00^43]1
431423,377311,9,54112,3048,022,ee238,82130,e7231,088,2739,84132,2f47,011
431432,430762,9,670,8d141,e9233,66102,84132,2f47,8d141,e9233,6f111,83131,011
431441,397233,78,34208,011,0b11,3654,94148,cc204,e9233,d3211,f3243,92146,c1193,3553,dc220,033,8b139,1420,7c124,a7167,3e62,c4196,96150,f7247,f8248,9d157,93147,80128,84132,1824,3f63,f0240,85133,c0192,[00^46]1,011
431519,417023,8,14496,db219,022,f9249,011,d7215,82130,e7231,088,011
431528,430760,12,768,84132,2f47,8d141,e9233,66102,84132,2f47,8d141,e9233,6f111,83131,033,011
431542,417046,67,14496,94148,67103,8a138,a4164,bf191,4e78,2133,0c12,f2242,1622,67103,5383,e0224,5484,d5213,b7183,c3195,1c28,c7199,fa250,86134,87135,1824,de222,76118,81129,6d109,80128,00b9185,011,a4164,5a90,e4228,011,dc220,[00^28]100,fa250,86134,011
431609,387217,33,44392,3553,[00^31]64,011
431642,417146,194,14496,[00^31]1,[00^31]32,[00^31]228,044,e4228,5a90,af175,[00^12]229,d7215,c2194,a4164,4f79,fd253,df223,6b107,2941,5a90,1521,c1193,4872,1622,7d125,aa170,af175,5c92,f3243,4f79,[00^12]23,6298,1117,86134,9c156,a2162,b5181,68104,f2242,a7167,d4212,ee238,94148,1e30,077,3a58,82130,1e30,e1225,ff255,[00^30]1
431838,417342,94,14496,[00^12]120,ff255,5383,3a58,3a58,5282,c7199,1521,4973,4771,b6182,6399,ac172,94148,3351,044,64100,0d13,e1225,1420,[00^25]24,de222,76118,81129,6d109,80128,[00^30]174,011
431934,417438,97,14496,[00^60]192,[00^36]1
432031,429727,7,2304,72114,022,f8248,6f111,82130,e7231,088,011
432038,430407,11,1631,077,84132,2f47,8d141,e9233,66102,84132,2f47,8d141,e9233,6f111,011
432061,432030,1,31,00011
432074,413386,19,18688,80128,b8184,4468,a2162,2c44,b4180,65101,[00^12]1
432093,387831,20,44262,1824,4165,75117,2a42,0b11,cb203,de222,2941,ec236,3856,2032,fc252,a5165,b0176,ec236,4f79,f4244,b3179,b4180,4367,011
432113,400400,78,31713,[00^31]1,c0192,[00^45]1
432191,429727,10,2464,72114,022,f8248,6f111,82130,e7231,088,022,84132,2f47,011
432201,432041,9,160,8d141,e9233,66102,84132,2f47,8d141,e9233,6f111,83131,011
432210,429746,140,2464,055,007d125,94148,009a154,0b11,7c124,3856,b5181,4266,2032,89137,3654,f1241,1723,91145,5181,cd205,088,e2226,94148,3856,3351,80128,b8184,4468,83131,0c12,bb187,bd189,[00^12]199,d8216,4872,9d157,ae174,3d61,2e46,be190,f0240,75117,b1177,db219,2234,5787,e2226,c2194,3149,c9201,d2210,3149,[00^25]7,1218,ef239,b9185,d6214,3755,5383,c0192,[00^44]1
432350,430398,9,1952,011,3351,022,f9249,011,2f47,82130,e7231,088,011
432365,432360,4,5,84132,2e46,1622,011,011
432370,418834,129,13536,82130,7e126,5484,94148,d1209,a3163,ab171,f4244,2f47,9e158,66102,be190,86134,cf207,de222,a8168,c5197,c2194,c7199,4f79,044,1c28,5e94,1420,80128,b9185,011,044,5b91,7d125,74116,82130,[00^31]64,[00^31]160,[00^31]64,64100,011
432501,419331,3,13170,6298,3351,3351,011
432509,400246,4,32263,3856,6298,6197,3452,011
432513,419317,3,13196,6399,3755,64100,011
432518,419430,3,13088,3149,3654,6399,011
432523,419111,3,13412,3957,3250,65101,011
432535,419067,3,13468,3149,6298,6197,011
432545,419088,3,13457,3957,66102,6197,011
432549,375162,3,57387,65101,3553,3351,011
432552,419107,3,13445,3856,64100,3048,011
432556,419061,3,13495,3755,66102,3553,011
432561,430609,33,1952,3856,[00^31]64,011
432599,430690,3,1909,3856,3149,66102,011
432606,430579,3,2027,3654,3957,3452,011
432609,419435,3,13174,3654,3755,3048,011
432624,400732,3,31892,3755,3250,3250,011
432633,375131,3,57502,6298,3957,64100,011
432636,432518,3,118,3149,3654,6399,011
432639,430560,4,2079,3452,66102,3149,3452,011
432649,419078,3,13571,6298,3351,3755,011
432654,432619,3,35,6298,3856,3957,011
432659,378227,52,54432,[00^44]50,022,f0240,82130,e7231,088,80128,84132,011
432715,432710,4,5,84132,2e46,1521,66102,011
432720,421895,4,10825,82130,5282,088,94148,011
432753,432305,46,448,c0192,[00^44]1,011
432799,420287,53,12512,0d13,f9249,011,0a10,011,84132,2a42,ea234,5484,0082130,9d157,78120,94148,088,72114,ec236,4468,2638,1016,3452,82130,a5165,0f15,2638,ff255,c3195,2a42,ce206,fc252,ec236,6197,b3179,c9201,80128,b8184,e4228,f2242,4266,4367,2a42,[00^12]1
432872,420040,256,12832,[00^12]174,c3195,ca202,ce206,f9249,4569,7f127,f2242,82130,1d29,9f159,85133,4266,9c156,e3227,d9217,0b11,001420,5989,[00^31]5,[00^31]1,[00^31]160,[00^64]130,e7231,088,80128,80128,[00^49]1,0d13,f9249,011,0a10,011,84132,2a42,ea234,5484,011
433128,420296,44,12832,0082130,9d157,78120,94148,088,72114,ec236,4468,2638,1016,3452,82130,a5165,0f15,2638,ff255,c3195,2a42,ce206,fc252,ec236,6197,b3179,c9201,80128,b8184,e4228,f2242,4266,4367,2a42,[00^12]1
433192,401544,256,31648,[00^12]174,c3195,ca202,ce206,f9249,4569,7f127,f2242,82130,1d29,9f159,85133,4266,9c156,e3227,d9217,0b11,001420,5989,[00^31]5,[00^31]1,[00^31]160,[00^64]130,e7231,088,80128,80128,[00^49]1,ef239,f9249,011,ec236,80128,84132,2a42,ea234,5484,011
433448,401800,225,31648,0083131,011,5f95,90144,94148,088,72114,ec236,4468,2638,1016,3452,82130,a5165,0f15,2638,ff255,c3195,2a42,ce206,fc252,ec236,6197,b3179,c9201,80128,b9185,011,c4196,d4212,df223,d6214,bc188,[00^127]1,[00^31]1,[00^28]101,1420,1420,011
433674,422218,160,11456,[00^63]5,[00^62]1,4064,[00^31]65,011
433849,433832,1,17,00011
433898,389354,256,44544,1c28,[00^31]130,e7231,088,80128,80128,[00^47]1,ef239,f9249,011,ec236,80128,84132,2a42,ea234,5484,0083131,011,5f95,90144,94148,088,72114,ec236,4468,2638,1016,3452,82130,a5165,0f15,2638,ff255,c3195,2a42,ce206,fc252,ec236,6197,b3179,c9201,80128,b9185,011,c4196,d4212,df223,d6214,bc188,[00^127]1,011
434154,389610,63,44544,[00^31]1,[00^28]101,1420,1622,011
434218,433674,160,544,[00^63]5,[00^62]1,4064,[00^31]65,011
434442,390442,138,44000,1c28,[00^31]130,e7231,088,80128,80128,[00^47]1,0d13,f9249,011,0a10,011,84132,2a42,ea234,5484,0082130,9d157,78120,94148,088,72114,ec236,4468,2638,1016,3452,82130,a5165,0f15,2638,ff255,c3195,2a42,ce206,fc252,ec236,6197,b3179,c9201,80128,b8184,e4228,f2242,4266,4367,2a42,[00^12]1
434600,433192,256,1408,[00^12]174,c3195,ca202,ce206,f9249,4569,7f127,f2242,82130,1d29,9f159,85133,4266,9c156,e3227,d9217,0b11,001420,5989,[00^31]5,[00^31]1,[00^31]160,[00^64]130,e7231,088,80128,80128,[00^49]1,ef239,f9249,011,ec236,80128,84132,2a42,ea234,5484,011
434856,433448,224,1408,0083131,011,5f95,90144,94148,088,72114,ec236,4468,2638,1016,3452,82130,a5165,0f15,2638,ff255,c3195,2a42,ce206,fc252,ec236,6197,b3179,c9201,80128,b9185,011,c4196,d4212,df223,d6214,bc188,[00^127]1,[00^31]1,[00^28]101,1420,011
435082,434218,160,864,[00^63]5,[00^62]1,4064,[00^31]65,011
435306,421610,87,13696,1c28,[00^31]130,e7231,088,80128,80128,[00^48]44,eb235,011
435393,381153,10,54240,5181,84132,2a42,ea234,5484,0082130,5282,088,94148,011
435406,429886,2,5520,0071113,011
435423,403551,75,31872,86134,5a90,f3243,1016,7a122,4064,0080128,82130,e7231,088,80128,80128,[00^51]236,f8248,ea234,011,84132,2a42,ea234,5484,0082130,9b155,011
435498,380042,41,55456,2840,94148,088,72114,ec236,4468,2638,1016,3452,82130,a5165,0f15,2638,ff255,c3195,2a42,ce206,fc252,ec236,6197,b3179,c9201,80128,b8184,c4196,f2242,4266,4367,2a42,[00^12]1
435559,403687,216,31872,[00^12]1,e4228,a6166,6399,ff255,fa250,f1241,4367,0d13,3a58,3654,5888,8b139,2c44,1420,b7183,2234,3149,d8216,b4180,[00^31]5,[00^31]1,[00^31]160,[00^32]130,e7231,088,80128,80128,[00^51]1
435775,421887,12,13888,2c44,eb235,5080,84132,2a42,ea234,5484,0082130,5282,088,94148,011
435807,435423,64,384,86134,5a90,f3243,1016,7a122,4064,0080128,82130,e7231,088,80128,80128,[00^51]1
435871,403903,4,31968,2e46,ed237,82130,022,011
435876,435778,9,98,84132,2a42,ea234,5484,0082130,5282,088,94148,011
435905,403937,95,31968,86134,5484,95149,3f63,f6246,d0208,0080128,82130,e7231,088,80128,80128,[00^80]2,5888,011
436020,422620,20,13400,e9233,3654,85133,f3243,bb187,a0160,3048,1622,f0240,2b43,d1209,82130,8b139,ad173,d6214,1925,5989,88136,d9217,5080,011
436040,404092,20,31948,b8184,ff255,87135,7e126,d7215,8b139,a5165,2032,ec236,e2226,1b27,1d29,e7231,84132,3a58,8a138,5787,ca202,4771,cb203,011
436060,436040,20,20,b8184,ff255,87135,7e126,d7215,8b139,a5165,2032,ec236,e2226,1b27,1d29,e7231,84132,3a58,8a138,5787,ca202,4771,cb203,011
436080,427062,20,9018,fb251,5282,e6230,f6246,95149,e6230,4064,88136,93147,9c156,066,65101,fd253,71113,1c28,92146,9b155,ed237,c5197,79121,011
436100,427504,20,8596,4569,dd221,f2242,1723,e4228,5b91,6096,98152,c7199,f8248,2e46,0d13,e4228,75117,ac172,4c76,73115,7a122,2032,d8216,011
436200,422880,20,13320,8e142,077,4771,5787,011,066,5b91,2a42,7d125,fd253,d8216,ff255,a0160,3856,2335,d8216,3b59,fb251,b3179,6197,011
436220,430215,20,6005,5989,67103,5888,cb203,bf191,0b11,1117,8d141,a1161,3b59,cf207,95149,a6166,9e158,ed237,055,0a10,b9185,7a122,0d13,011
436260,431331,20,4929,89137,a4164,bc188,5888,94148,6399,83131,4973,2133,9f159,ac172,69105,d0208,c1193,df223,2739,2032,4d77,68104,00011
436300,431850,20,4450,78120,ff255,5383,3a58,3a58,5282,c7199,1521,4973,4771,b6182,6399,ac172,94148,3351,044,64100,0d13,e1225,1420,011
436320,392012,20,44308,d4212,2a42,a3163,70112,fc252,d0208,6c108,68104,3b59,71113,5484,ff255,a7167,99153,a8168,e0224,0a10,c0192,1218,1e30,011
436382,429947,2,6435,006197,011
436400,432852,20,3548,cc204,ce206,79121,1824,b4180,89137,b8184,3856,b8184,2032,71113,3351,055,ad173,055,aa170,fd253,3c60,044,2032,011
436420,433172,20,3248,ac172,4c76,f2242,a3163,6298,e6230,3654,088,077,3351,e9233,b6182,5d93,3957,89137,c4196,2d45,af175,97151,e4228,011
436451,432297,2,4154,00077,011
436480,434580,20,1900,6a106,97151,86134,3f63,0a10,e8232,3149,4771,98152,c8200,7b123,7f127,2133,1218,6a106,c7199,94148,87135,088,2c44,011
436507,388627,2,47880,00d0208,011
436520,404552,20,31968,9d157,ba186,d4212,2032,96150,3e62,5383,77119,5a90,5181,ea234,9a154,ad173,4a74,fa250,3a58,f6246,e5229,d7215,5383,011
436540,435539,20,1001,87135,8a138,79121,94148,1925,76118,76118,f4244,3048,b6182,84132,c9201,bc188,2739,94148,2a42,4367,0c12,b2178,011,011
436560,404572,20,31988,f6246,f8248,b5181,bc188,022,1f31,f6246,7a122,99153,3250,3452,64100,4771,dd221,7e126,78120,aa170,67103,4266,2436,011
436580,404612,60,31968,011,e4228,a6166,6399,ff255,fa250,f1241,4367,0d13,3a58,3654,5888,8b139,2c44,1420,b7183,2234,3149,d8216,b4180,[00^40]1
436672,423424,31,13248,[00^28]100,fa250,85133,011
436704,431963,62,4741,[00^31]192,[00^30]1
436768,405632,31,31136,[00^30]58,011
436799,436704,31,95,[00^31]1
436832,382208,94,54624,[00^31]28,[00^30]3,80128,[00^30]1
436928,425154,31,11774,[00^30]13,011
436959,423871,32,13088,a0160,[00^30]23,011
436992,393056,62,43936,[00^30]27,[00^31]1
437056,424192,31,12864,[00^30]34,011
437088,424256,31,12832,[00^30]35,011
437120,424288,31,12832,[00^30]37,011
437152,437120,31,32,[00^30]37,011
437184,371760,31,65424,[00^30]39,011
437216,437184,31,32,[00^30]39,011
437248,393344,62,43904,[00^30]40,4064,[00^30]1
437311,437023,31,288,[00^31]1
437344,424416,31,12928,[00^30]43,011
437375,437311,31,64,[00^31]1
437408,435745,31,1663,[00^30]44,011
437439,437375,31,64,[00^31]1
437472,437440,31,32,[00^30]45,011
437504,424544,31,12960,[00^30]47,011
437535,431392,32,6143,[00^31]48,011
437568,432673,31,4895,[00^30]50,011
437600,423296,31,14304,[00^30]52,011
437632,405472,62,32160,[00^30]53,c0192,[00^30]1
437696,437664,30,32,[00^30]1
437728,437696,31,32,[00^30]56,011
437760,437535,31,225,[00^31]1
437840,437787,4,53,[00^4]1
437846,431849,2,5997,0078120,011
437864,398445,2,39419,007c124,011
437888,426407,6,11481,[00^5]128,011
437895,435869,3,2026,00002e46,011
437900,407482,20,30418,71113,6096,5787,0b11,b1177,5383,ed237,d0208,ea234,1723,75117,ec236,2b43,2a42,c9201,b6182,5f95,1a26,b6182,1b27,011
437923,437889,4,34,[00^4]1
437949,437900,22,49,71113,6096,5787,0b11,b1177,5383,ed237,d0208,ea234,1723,75117,ec236,2b43,2a42,c9201,b6182,5f95,1a26,b6182,1b27,077,3048,011
437972,399814,5,38158,[00^4]147,011
437998,427158,20,10840,eb235,4670,6399,4266,c4196,d4212,4973,bc188,9f159,5383,a8168,65101,d5213,cb203,90144,5888,6f111,4064,5282,1521,011
438018,435913,60,2105,82130,e7231,088,80128,80128,[00^55]1
438079,393727,3,44352,d6214,022,f9249,011
438083,393731,6,44352,d2210,82130,e7231,088,82130,044,011
438090,393738,11,44352,84132,5989,68104,2f47,0084132,5989,68104,2f47,0e14,83131,011
438104,393752,23,44352,94148,1319,9a154,bb187,67103,a3163,3f63,6d109,dc220,f0240,0f15,ba186,b5181,e3227,2133,1824,4f79,4e78,5c92,2234,e1225,80128,b9185,011
438128,393776,67,44352,a4164,b5181,ed237,6a106,066,[00^31]96,[00^30]1
438197,438048,31,149,[00^30]8,011
438229,406602,94,31627,[00^31]5,[00^31]160,[00^30]1
438325,407054,62,31271,[00^30]3,2032,[00^30]1
438389,438230,31,159,[00^30]5,011
438420,438292,32,128,a0160,[00^30]1,011
438452,394676,68,43776,044,6096,1218,ed237,2d45,[00^12]19,9a154,bb187,67103,a3163,3f63,6d109,dc220,f0240,0f15,ba186,b5181,e3227,2133,1824,4f79,4e78,5c92,2234,e1225,[00^30]63,011
438521,436723,13,1798,[00^12]192,011
438553,394137,27,44416,[00^25]46,ea234,011
438584,432671,33,5913,[00^32]50,011
438617,438489,44,128,[00^30]63,be190,[00^12]1
438661,394565,179,44096,[00^19]1,[00^90]1,044,6096,1218,ed237,2d45,[00^12]19,9a154,bb187,67103,a3163,3f63,6d109,dc220,f0240,0f15,ba186,b5181,e3227,2133,1824,4f79,4e78,5c92,2234,e1225,[00^30]63,011
438841,438827,12,14,[00^12]1
438873,438553,27,320,[00^25]46,ea234,011
438904,394808,64,44096,4064,[00^31]50,[00^30]63,011
438969,438649,191,320,[00^31]1,[00^90]1,044,6096,1218,ed237,2d45,[00^12]19,9a154,bb187,67103,a3163,3f63,6d109,dc220,f0240,0f15,ba186,b5181,e3227,2133,1824,4f79,4e78,5c92,2234,e1225,[00^30]63,011
439161,400872,13,38289,[00^12]225,011
439193,439134,25,59,[00^25]1
439224,378143,33,61081,[00^32]49,011
439257,439129,44,128,[00^30]63,84132,[00^12]1
439301,438981,178,320,[00^19]1,[00^90]1,044,6096,1218,ed237,2d45,[00^12]19,9a154,bb187,67103,a3163,3f63,6d109,dc220,f0240,0f15,ba186,b5181,e3227,2133,1824,4f79,4e78,5c92,2234,e1225,[00^30]1
439481,439467,12,14,[00^12]1
439507,439492,1,15,00011
439513,438202,26,1311,[00^25]8,011
439544,438584,63,960,[00^32]50,[00^30]1
439608,386415,33,53193,d1209,[00^31]1,011
439641,439001,159,640,[00^90]1,044,6096,1218,ed237,2d45,[00^12]19,9a154,bb187,67103,a3163,3f63,6d109,dc220,f0240,0f15,ba186,b5181,e3227,2133,1824,4f79,4e78,5c92,2234,e1225,[00^30]63,011
439801,435986,13,3815,[00^12]2,011
439833,439774,25,59,[00^25]1
439864,431391,33,8473,[00^32]48,011
439897,439769,44,128,[00^30]63,6f111,[00^12]1
439941,408830,111,31111,[00^19]1,[00^91]1
440053,394997,27,45056,[00^25]46,ae174,011
440085,440053,27,32,[00^25]46,ae174,011
440117,439193,26,924,[00^25]116,011
440149,438053,27,2096,[00^25]8,d6214,011
440180,440026,26,154,[00^26]1
440212,440020,32,192,[00^32]1
440309,395189,73,45120,1c28,[00^31]192,[00^40]1
440397,406125,21,34272,94148,6399,5282,a5165,6c108,aa170,dc220,4f79,1e30,2537,cd205,6c108,75117,97151,0f15,a7167,68104,a3163,3048,4e78,64100,011
440425,431569,3,8856,80128,00b9185,011
440430,406150,112,34280,90144,4165,1a26,3250,[00^12]43,5f95,70112,4a74,b7183,066,1f31,b4180,db219,fc252,5888,76118,b0176,2436,f4244,bd189,b2178,f5245,e8232,b6182,[00^31]96,[00^30]1,c0192,[00^12]1
440542,428895,32,11647,ee238,ee238,ee238,ee238,ee238,ee238,ee238,ee238,ee238,ee238,ee238,ee238,ee238,ee238,ee238,ee238,ee238,ee238,ee238,ee238,[00^12]1
440574,408218,64,32356,7d125,4367,aa170,bc188,5181,5c92,3553,6197,4569,044,92146,2739,ce206,e5229,4b75,6096,83131,4266,c0192,ad173,[00^12]43,5f95,70112,4a74,b7183,066,1f31,b4180,db219,fc252,5888,76118,b0176,2436,f4244,bd189,b2178,f5245,e8232,b6182,[00^12]1
440638,409694,44,30944,4f79,f7247,3048,80128,1723,c6198,c7199,cc204,fc252,e4228,0c12,2e46,088,ef239,ce206,91145,2537,9d157,6399,9f159,[00^24]1
440682,440419,8,263,011,5f95,b7183,f9249,b8184,c3195,80128,00011
440690,440151,24,539,[00^23]8,011
440722,407698,76,33024,[00^23]8,d9217,5888,033,f0240,86134,5888,e0224,5e94,[00^44]1
440798,406518,115,34280,3452,87135,ef239,9f159,9b155,3654,5484,7e126,4367,2638,8b139,8f143,0e14,2335,4973,a2162,2638,c7199,0b11,5383,[00^30]1,4064,[00^63]1
440913,423263,63,17650,044,[00^31]128,[00^30]1
440977,411058,63,29919,4064,[00^30]4,4064,[00^30]1
441042,408654,88,32388,[00^12]229,d7215,c2194,a4164,4f79,fd253,df223,6b107,2941,5a90,1521,c1193,4872,1622,7d125,aa170,af175,5c92,f3243,4f79,[00^56]1
441130,440682,31,448,011,5f95,b7183,f9249,b8184,c3195,80128,[00^24]1
441161,408613,41,32548,[00^8]128,[00^31]4,011
441206,409166,186,32040,[00^155]128,[00^30]1
441394,408522,131,32872,9f159,86134,5484,2234,[00^12]229,d7215,c2194,a4164,4f79,fd253,df223,6b107,2941,5a90,1521,c1193,4872,1622,7d125,aa170,af175,5c92,f3243,4f79,[00^15]1,[00^15]1,[00^31]128,[00^31]1
441525,409485,159,32040,4468,[00^127]128,[00^30]1
441690,387569,13,54121,[00^12]118,011
441722,434954,76,6768,[00^63]1,[00^12]1
441798,440446,51,1352,2b43,5f95,70112,4a74,b7183,066,1f31,b4180,db219,fc252,5888,76118,b0176,2436,f4244,bd189,b2178,f5245,e8232,b6182,[00^31]1
441850,441818,31,32,[00^31]1
441902,441410,21,492,e5229,d7215,c2194,a4164,4f79,fd253,df223,6b107,2941,5a90,1521,c1193,4872,1622,7d125,aa170,af175,5c92,f3243,4f79,00011
441925,418214,51,23711,7d125,4367,aa170,bc188,5181,5c92,3553,6197,4569,044,92146,2739,ce206,e5229,4b75,6096,83131,4266,c0192,ad173,[00^31]1
441976,408880,202,33096,[00^153]128,[00^31]100,8a138,6a106,1e30,85133,[00^12]1
442178,441925,32,253,7d125,4367,aa170,bc188,5181,5c92,3553,6197,4569,044,92146,2739,ce206,e5229,4b75,6096,83131,4266,c0192,ad173,[00^12]1
442210,409114,43,33096,3553,3c60,1f31,0b11,c7199,8f143,bb187,c2194,4569,b3179,c9201,3e62,f7247,7b123,1d29,cc204,5b91,77119,d2210,a0160,2739,1016,[00^21]1
442253,407721,68,34532,088,d9217,5888,033,f0240,86134,5888,e0224,5e94,[00^59]1
442321,409225,145,33096,[00^96]128,[00^30]1,a4164,9f159,86134,5484,2234,[00^12]1
442466,406970,114,35496,7d125,4367,aa170,bc188,5181,5c92,3553,6197,4569,044,92146,2739,ce206,e5229,4b75,6096,83131,4266,c0192,ad173,[00^15]1,[00^15]1,[00^31]128,[00^30]1
442580,409484,178,33096,004468,[00^127]128,[00^31]100,d1209,66102,0f15,99153,[00^12]1
442758,442466,32,292,7d125,4367,aa170,bc188,5181,5c92,3553,6197,4569,044,92146,2739,ce206,e5229,4b75,6096,83131,4266,c0192,ad173,[00^12]1
442790,409694,152,33096,4f79,f7247,3048,80128,1723,c6198,c7199,cc204,fc252,e4228,0c12,2e46,088,ef239,ce206,91145,2537,9d157,6399,9f159,[00^31]1,[00^56]130,e7231,088,80128,80128,[00^39]1
442954,434856,2,8098,0083131,011
442980,428715,3,14265,80128,b9185,033,011
442988,442917,25,71,[00^25]1
443020,442810,63,210,[00^31]1,[00^31]1
443084,441362,31,1722,[00^30]2,011
443116,431838,13,11278,[00^12]120,011
443129,437848,19,5281,98152,3654,5484,3f63,ac172,6197,86134,4b75,bb187,e6230,1f31,88136,a4164,e4228,8e142,de222,007c124,df223,011
443148,443020,44,128,[00^31]1,[00^12]1
443192,441054,51,2138,e5229,d7215,c2194,a4164,4f79,fd253,df223,6b107,2941,5a90,1521,c1193,4872,1622,7d125,aa170,af175,5c92,f3243,4f79,[00^31]1
443244,430867,95,12377,[00^31]2,[00^31]64,[00^30]1,011
443339,410962,63,32377,[00^32]160,[00^30]1
443402,382461,33,60941,000f15,[00^31]1
443436,443404,44,32,[00^31]64,[00^12]1
443480,437929,20,5551,3c60,d1209,4d77,1e30,fe254,5f95,c8200,3250,3a58,9c156,ab171,3351,f8248,e6230,b1177,b4180,3048,6f111,2436,2537,011
443500,427146,44,16354,[00^12]235,4670,6399,4266,c4196,d4212,4973,bc188,9f159,5383,a8168,65101,d5213,cb203,90144,5888,6f111,4064,5282,1521,[00^12]1
443544,440322,51,3222,[00^19]192,[00^31]1
443596,443404,63,192,[00^31]64,[00^31]1
443660,443647,12,13,[00^12]1
443692,443148,44,544,[00^31]1,[00^12]1
443736,431786,20,11950,1723,6298,1117,86134,9c156,a2162,b5181,68104,f2242,a7167,d4212,ee238,94148,1e30,077,3a58,82130,1e30,e1225,ff255,011
443756,438018,50,5738,82130,e7231,088,80128,80128,[00^45]1
443806,424734,8,19072,033,92146,f9249,033,8f143,83131,033,055,011
443820,395884,129,47936,83131,1319,f7247,c0192,94148,a6166,5888,74116,2d45,3351,eb235,d2210,ce206,2f47,0b11,df223,f7247,3553,1521,aa170,79121,7f127,d1209,6197,d9217,80128,b9185,033,64100,2537,2f47,7b123,011,[00^31]111,[00^12]69,f1241,a9169,5a90,4d77,3f63,3856,3654,5282,3f63,5c92,83131,67103,3c60,79121,7f127,4d77,4d77,2638,3b59,[00^29]4,3250,3856,011
443949,426001,32,17948,1d29,bd189,a5165,1b27,044,4973,d5213,cd205,a9169,6c108,2436,83131,7a122,ab171,2d45,91145,a1161,022,c7199,5686,3654,099,a9169,0d13,90144,f3243,055,3856,a2162,a5165,e7231,c4196,011
443981,426001,63,17980,1d29,bd189,a5165,1b27,044,4973,d5213,cd205,a9169,6c108,2436,83131,7a122,ab171,2d45,91145,a1161,022,c7199,5686,3654,099,a9169,0d13,90144,f3243,055,3856,a2162,a5165,e7231,c4196,[00^31]1
444044,396108,72,47936,c0192,[00^30]2,74116,[00^12]77,73115,ad173,b7183,2b43,c3195,dd221,3654,89137,66102,ed237,d0208,f0240,b2178,1420,84132,011,a1161,78120,e2226,[00^6]138,011
444117,396181,231,47936,006f111,70112,1a26,95149,70112,7a122,022,90144,ac172,8b139,90144,b3179,71113,9e158,8e142,e5229,b2178,1016,3654,088,83131,00b7183,4569,f1241,a9169,5a90,4d77,3f63,3856,3654,5282,3f63,5c92,83131,67103,3c60,79121,7f127,4d77,4d77,2638,3b59,[00^31]1,[00^31]13,[00^31]13,[00^87]35,dc220,4e78,fe254,011
444353,392710,25,51643,[00^24]16,011
444385,424164,27,20221,[00^26]33,011
444416,441014,27,3402,[00^26]5,011
444449,439995,58,4454,[00^57]5,011
444507,444443,30,64,e0224,099,d2210,cb203,90144,2840,[00^24]1
444545,425473,96,19072,[00^30]1,c0192,[00^30]2,[00^32]20,011
444661,434736,105,9925,[00^56]130,e7231,088,80128,80128,[00^44]1
444766,443806,8,960,033,92146,f9249,033,8f143,83131,033,055,011
444775,443815,69,960,84132,3a58,9a154,5585,3d61,83131,1319,f7247,c0192,94148,a6166,5888,74116,2d45,3351,eb235,d2210,ce206,2f47,0b11,df223,f7247,3553,1521,aa170,79121,7f127,d1209,6197,d9217,80128,b9185,033,64100,2537,2f47,7b123,011,[00^31]1
444844,424812,65,20032,b8184,[00^12]69,f1241,a9169,5a90,4d77,3f63,3856,3654,5282,3f63,5c92,83131,67103,3c60,79121,7f127,4d77,4d77,2638,3b59,[00^29]4,3250,3856,011
444909,426609,32,18300,72114,2d45,5e94,3755,3a58,90144,a6166,72114,ed237,fa250,a5165,1016,91145,ca202,7c124,88136,e3227,e9233,9d157,2f47,1622,1420,5d93,78120,a3163,e6230,2840,66102,4064,be190,7b123,6399,011
444941,426609,63,18332,72114,2d45,5e94,3755,3a58,90144,a6166,72114,ed237,fa250,a5165,1016,91145,ca202,7c124,88136,e3227,e9233,9d157,2f47,1622,1420,5d93,78120,a3163,e6230,2840,66102,4064,be190,7b123,6399,[00^31]1
445004,424972,72,20032,c0192,[00^30]2,74116,[00^12]56,de222,71113,1218,4f79,7a122,4468,7a122,011,d6214,79121,4569,a5165,1e30,dc220,e9233,ff255,4973,1218,5181,[00^6]162,011
445077,425045,197,20032,00b8184,af175,5484,be190,5b91,6e110,ec236,2436,d6214,bf191,ac172,f1241,cc204,e4228,ea234,f6246,80128,a8168,2335,93147,98152,00b7183,4569,f1241,a9169,5a90,4d77,3f63,3856,3654,5282,3f63,5c92,83131,67103,3c60,79121,7f127,4d77,4d77,2638,3b59,[00^31]1,[00^31]13,[00^31]13,[00^57]1
445274,437248,31,8026,[00^30]40,011
445305,425273,32,20032,2234,eb235,f0240,83131,1e30,c2194,d1209,066,[00^24]1
445344,443376,28,1968,[00^27]15,011
445376,439641,91,5735,[00^90]1,011
445472,438170,26,7302,[00^25]7,011
445503,425471,98,20032,[00^32]1,c0192,[00^30]2,[00^32]20,011
445621,434736,106,10885,[00^56]130,e7231,088,80128,80128,[00^45]1
445731,426916,6,18815,84132,3553,a4164,e9233,0083131,011
445737,397075,43,48662,011,6399,5383,94148,1723,6298,1117,86134,9c156,a2162,b5181,68104,f2242,a7167,d4212,ee238,94148,1e30,077,3a58,82130,1e30,e1225,ff255,80128,b8184,4468,099,5e94,a7167,b3179,[00^12]1
445800,416945,32,28855,ff255,ff255,ff255,ff255,ff255,ff255,ff255,ff255,ff255,ff255,ff255,ff255,ff255,ff255,ff255,ff255,ff255,ff255,ff255,ff255,ff255,ff255,ff255,ff255,ff255,ff255,ff255,ff255,ff255,ff255,ff255,ff255,011
445832,434792,55,11040,82130,e7231,088,80128,80128,[00^49]1,011
445888,432352,3,13536,022,f9249,011,011
445891,432705,6,13186,f0240,82130,e7231,088,80128,84132,011
445901,445896,4,5,84132,3048,e3227,0e14,011
445906,421993,3,23913,83131,011,5989,011
445909,403626,23,42283,1c28,94148,088,72114,ec236,4468,2638,1016,3452,82130,a5165,0f15,2638,ff255,c3195,2a42,ce206,fc252,ec236,6197,b3179,c9201,80128,011
445932,434883,196,11049,b9185,011,c4196,d4212,df223,d6214,bc188,[00^127]1,[00^31]1,[00^28]101,011
446131,435082,160,11049,[00^63]5,[00^62]1,4064,[00^31]65,011
446355,410060,63,36295,1b27,[00^31]192,[00^30]1
446418,416850,23,29568,[00^13]114,022,f8248,6f111,82130,e7231,088,088,84132,3048,011
446444,446439,5,5,84132,3048,e3227,0e14,1622,011
446449,416881,142,29568,83131,011,1c28,4266,94148,1723,6298,1117,86134,9c156,a2162,b5181,68104,f2242,a7167,d4212,ee238,94148,1e30,077,3a58,82130,1e30,e1225,ff255,80128,b8184,4468,099,5e94,a7167,b3179,[00^12]29,011,88136,c4196,b2178,76118,a0160,93147,66102,d0208,5d93,6b107,e0224,6a106,f6246,1a26,73115,bc188,75117,3553,ff255,ff255,ff255,ff255,ff255,ff255,ff255,ff255,ff255,ff255,ff255,ff255,ff255,ff255,ff255,ff255,ff255,ff255,ff255,ff255,ff255,ff255,ff255,ff255,ff255,ff255,ff255,ff255,ff255,ff255,ff255,ff255,c0192,[00^44]1,011
446591,419167,10,27424,3351,022,f9249,011,2f47,82130,e7231,088,099,84132,011
446601,430409,137,16192,2f47,8d141,e9233,66102,84132,2f47,8d141,e9233,6f111,82130,7e126,5484,94148,d1209,a3163,ab171,f4244,2f47,9e158,66102,be190,86134,cf207,de222,a8168,c5197,c2194,c7199,4f79,044,1c28,5e94,1420,80128,b9185,011,044,5b91,7d125,74116,82130,[00^31]64,[00^31]160,[00^31]64,011
446741,412863,3,33878,3755,3351,3856,011
446749,419460,3,27289,3957,3351,3250,011
446755,430651,3,16104,3856,3553,3048,011
446759,400161,4,46598,6399,3149,64100,66102,011
446763,430586,3,16177,3452,64100,3250,011
446766,412831,3,33935,3250,3654,3250,011
446769,400270,3,46499,3654,65101,3048,011
446772,419351,3,27421,3856,3654,3654,011
446776,387264,3,59512,3856,3856,3452,011
446797,432643,4,14154,3250,6197,6298,3755,011
446802,430610,33,16192,[00^31]64,65101,011
446841,400641,3,46200,3654,3755,6197,011
446844,412832,3,34012,3654,3250,3755,011
446856,430601,3,16255,3856,3048,3957,011
446865,419335,3,27530,64100,3755,3452,011
446882,446763,3,119,3452,64100,3250,011
446886,412830,4,34056,3048,3250,3654,3250,011
446898,432658,51,14240,c0192,[00^44]50,022,f0240,82130,e7231,088,011
446949,418119,3,28830,011,84132,2f47,011
446952,446602,9,350,8d141,e9233,66102,84132,2f47,8d141,e9233,6f111,82130,011
446961,435882,3,11079,5282,088,94148,011
446984,418155,8,28829,87135,033,8d141,7e126,a4164,c6198,80128,00011
446993,429841,53,17152,c0192,[00^45]113,022,f8248,6e110,82130,e7231,088,011
447047,446950,11,97,84132,2f47,8d141,e9233,66102,84132,2f47,8d141,e9233,6f111,82130,011
447060,446453,40,607,94148,1723,6298,1117,86134,9c156,a2162,b5181,68104,f2242,a7167,d4212,ee238,94148,1e30,077,3a58,82130,1e30,e1225,ff255,80128,b8184,4468,099,5e94,a7167,b3179,[00^12]1
447120,431708,30,15412,[00^29]228,011
447152,417712,54,29440,c0192,[00^46]153,022,f8248,96150,82130,e7231,088,011
447207,431528,12,15679,84132,2f47,8d141,e9233,66102,84132,2f47,8d141,e9233,6f111,83131,033,011
447242,417802,148,29440,87135,022,73115,8d141,2436,e5229,2032,00b8184,64100,3a58,1b27,1d29,5787,[00^12]120,3c60,077,77119,5989,1c28,af175,4165,91145,1824,1e30,d0208,9c156,7d125,1e30,a2162,de222,73115,84132,3e62,[00^31]64,[00^32]192,[00^37]1
447390,387006,12,60384,011,3351,022,f9249,011,2f47,82130,e7231,088,088,84132,2f47,011
447405,447400,4,5,84132,2f47,6b107,9a154,011
447410,400498,129,46912,82130,7e126,5484,94148,d1209,a3163,ab171,f4244,2f47,9e158,66102,be190,86134,cf207,de222,a8168,c5197,c2194,c7199,4f79,044,1c28,5e94,1420,80128,b9185,011,044,5b91,7d125,74116,82130,[00^31]64,[00^31]160,[00^31]64,65101,011
447539,446835,63,704,6298,6298,65101,64100,3351,3755,3654,3755,6197,3654,3250,3755,6298,3452,6399,3553,3755,3452,3553,3149,3654,3856,3048,3957,66102,3654,3351,3856,3351,66102,64100,3755,3452,3048,3351,3250,64100,3351,65101,3755,3452,3654,64100,6399,3250,66102,3452,3452,64100,3250,3957,3048,3250,3654,3250,3149,3654,6298,3957,3957,3351,6197,6399,011
447602,446706,96,896,[00^31]64,6197,3149,3654,3755,3351,3856,6399,3351,3250,3250,6298,3957,3351,3250,6298,3351,3553,3856,3553,3048,3452,6399,3149,64100,66102,3452,64100,3250,3250,3654,3250,3654,65101,3048,3856,3654,3654,65101,3856,3856,3452,3048,3149,3654,3654,64100,3856,6298,3654,3351,3149,6399,3250,3856,65101,64100,6399,6298,3755,3250,6197,6298,3755,3048,011
447699,447155,44,544,[00^44]1
447747,432195,6,15552,82130,e7231,088,022,84132,2f47,011
447753,447402,8,351,6b107,9a154,70112,84132,2f47,6b107,9a154,7a122,011
447765,432213,21,15552,94148,009a154,0b11,7c124,3856,b5181,4266,2032,89137,3654,f1241,1723,91145,5181,cd205,088,e2226,94148,3856,3351,011
447793,444842,3,2951,0000b8184,011
447801,432241,56,15560,[00^12]199,d8216,4872,9d157,ae174,3d61,2e46,be190,f0240,75117,b1177,db219,2234,5787,e2226,c2194,3149,c9201,d2210,3149,[00^24]1
447857,447787,8,70,1420,1f31,6f111,5181,4c76,5181,0000011
447865,397785,45,50080,c0192,[00^37]81,022,f8248,4e78,82130,e7231,088,011
447910,447750,12,160,022,84132,2f47,6b107,9a154,70112,84132,2f47,6b107,9a154,7a122,83131,011
447922,417650,109,30272,011,0a10,3b59,94148,9d157,ba186,3149,e4228,92146,b7183,e9233,8b139,81129,95149,e2226,5484,ee238,1319,b6182,b0176,2739,e4228,a5165,9d157,80128,a4164,a7167,f6246,87135,92146,76118,6f111,74116,65101,[00^28]192,[00^46]1
448031,419519,9,28512,5181,022,f8248,4e78,82130,e7231,088,80128,84132,011
448040,447912,118,128,2f47,6b107,9a154,70112,84132,2f47,6b107,9a154,7a122,83131,011,0a10,3b59,94148,9d157,ba186,3149,e4228,92146,b7183,e9233,8b139,81129,95149,e2226,5484,ee238,1319,b6182,b0176,2739,e4228,a5165,9d157,80128,a4164,a7167,f6246,87135,92146,76118,6f111,74116,65101,[00^28]192,[00^45]1
448160,447392,3,768,022,f9249,011,011
448164,397059,4,51105,82130,e7231,088,81129,011
448169,447400,139,769,84132,2f47,6b107,9a154,70112,84132,2f47,6b107,9a154,7a122,82130,7e126,5484,94148,d1209,a3163,ab171,f4244,2f47,9e158,66102,be190,86134,cf207,de222,a8168,c5197,c2194,c7199,4f79,044,1c28,5e94,1420,80128,b9185,011,044,5b91,7d125,74116,82130,[00^31]64,[00^31]160,[00^31]64,65101,011
448310,400686,3,47624,6197,3351,64100,011
448317,400186,3,48131,64100,3553,3250,011
448324,387162,3,61162,6197,66102,6298,011
448327,419005,3,29322,3553,3351,3553,011
448332,447668,3,664,3856,3654,3654,011
448335,400687,3,47648,3351,64100,6399,011
448339,430594,3,17745,3250,3250,3250,011
448345,387178,3,61167,65101,3351,3149,011
448348,400635,3,47713,3755,6399,3856,011
448352,419089,3,29263,66102,6197,3452,011
448357,400189,3,48168,3856,6399,65101,011
448371,448275,32,96,[00^31]64,011
448406,387177,3,61229,65101,65101,3351,011
448417,430689,3,17728,3856,3856,3149,011
448421,430596,3,17825,3250,6399,6399,011
448427,400146,3,48281,64100,3856,6197,011
448430,387287,3,61143,3755,66102,3351,011
448436,448361,3,75,3149,3048,6298,011
448441,400296,3,48145,3553,3149,3755,011
448444,448441,3,3,3553,3149,3755,011
448457,448308,3,149,65101,3452,6197,011
448463,419316,3,29147,3048,6399,3755,011
448468,448115,43,353,[00^43]1
448513,398274,4,50239,ef239,82130,e7231,088,011
448523,448518,4,5,84132,2d45,f4244,2638,011
448528,446960,4,1568,82130,5282,088,94148,011
448532,422980,20,25552,7d125,83131,2a42,5c92,82130,9a154,b7183,c9201,0c12,2a42,dc220,c1193,a0160,3b59,8f143,5d93,a6166,fd253,2133,ce206,011
448558,446991,48,1567,0080128,c0192,[00^45]1
448606,434526,54,14080,011,0d13,f9249,011,0a10,011,84132,2a42,ea234,5484,0082130,9d157,78120,94148,088,72114,ec236,4468,2638,1016,3452,82130,a5165,0f15,2638,ff255,c3195,2a42,ce206,fc252,ec236,6197,b3179,c9201,80128,b8184,e4228,f2242,4266,4367,2a42,[00^12]1
448660,436460,20,12200,98152,1117,f4244,69105,1319,fa250,9c156,7c124,c7199,fa250,4a74,71113,5f95,ab171,6399,91145,6096,4c76,df223,6d109,011
448680,432872,256,15808,[00^12]174,c3195,ca202,ce206,f9249,4569,7f127,f2242,82130,1d29,9f159,85133,4266,9c156,e3227,d9217,0b11,001420,5989,[00^31]5,[00^31]1,[00^31]160,[00^64]130,e7231,088,80128,80128,[00^49]1,0d13,f9249,011,0a10,011,84132,2a42,ea234,5484,011
448936,433128,44,15808,0082130,9d157,78120,94148,088,72114,ec236,4468,2638,1016,3452,82130,a5165,0f15,2638,ff255,c3195,2a42,ce206,fc252,ec236,6197,b3179,c9201,80128,b8184,e4228,f2242,4266,4367,2a42,[00^12]1
448980,436440,20,12540,be190,80128,dc220,2941,94148,5383,ee238,3351,8d141,3149,70112,00077,f2242,c3195,a5165,5787,5282,94148,af175,011
449000,420360,256,28640,[00^12]174,c3195,ca202,ce206,f9249,4569,7f127,f2242,82130,1d29,9f159,85133,4266,9c156,e3227,d9217,0b11,001420,5989,[00^31]5,[00^31]1,[00^31]160,[00^64]130,e7231,088,80128,80128,[00^49]1,ef239,f9249,011,ec236,80128,84132,2a42,ea234,5484,011
449256,420616,225,28640,0083131,011,5f95,90144,94148,088,72114,ec236,4468,2638,1016,3452,82130,a5165,0f15,2638,ff255,c3195,2a42,ce206,fc252,ec236,6197,b3179,c9201,80128,b9185,011,c4196,d4212,df223,d6214,bc188,[00^127]1,[00^31]1,[00^28]101,1420,1824,011
449482,446131,160,3351,[00^63]5,[00^62]1,4064,[00^31]65,011
449661,449640,1,21,00011
449706,421066,256,28640,1b27,[00^31]130,e7231,088,80128,80128,[00^47]1,ef239,f9249,011,ec236,80128,84132,2a42,ea234,5484,0083131,011,5f95,90144,94148,088,72114,ec236,4468,2638,1016,3452,82130,a5165,0f15,2638,ff255,c3195,2a42,ce206,fc252,ec236,6197,b3179,c9201,80128,b9185,011,c4196,d4212,df223,d6214,bc188,[00^127]1,011
449962,421322,63,28640,[00^31]1,[00^28]101,1420,1420,011
450026,449482,160,544,[00^63]5,[00^62]1,4064,[00^31]65,011
450250,434442,138,15808,1c28,[00^31]130,e7231,088,80128,80128,[00^47]1,0d13,f9249,011,0a10,011,84132,2a42,ea234,5484,0082130,9d157,78120,94148,088,72114,ec236,4468,2638,1016,3452,82130,a5165,0f15,2638,ff255,c3195,2a42,ce206,fc252,ec236,6197,b3179,c9201,80128,b8184,e4228,f2242,4266,4367,2a42,[00^12]1
450388,436500,20,13888,d7215,8a138,aa170,022,e1225,033,2c44,00d0208,ff255,0c12,a0160,5d93,3c60,5989,5b91,bb187,96150,83131,f1241,011
450408,449000,256,1408,[00^12]174,c3195,ca202,ce206,f9249,4569,7f127,f2242,82130,1d29,9f159,85133,4266,9c156,e3227,d9217,0b11,001420,5989,[00^31]5,[00^31]1,[00^31]160,[00^64]130,e7231,088,80128,80128,[00^49]1,ef239,f9249,011,ec236,80128,84132,2a42,ea234,5484,011
450664,449256,3,1408,0083131,011,011
450667,445908,220,4759,5989,1c28,94148,088,72114,ec236,4468,2638,1016,3452,82130,a5165,0f15,2638,ff255,c3195,2a42,ce206,fc252,ec236,6197,b3179,c9201,80128,b9185,011,c4196,d4212,df223,d6214,bc188,[00^127]1,[00^31]1,[00^28]101,011
450890,450026,160,864,[00^63]5,[00^62]1,4064,[00^31]65,011
451114,435306,87,15808,1c28,[00^31]130,e7231,088,80128,80128,[00^48]44,eb235,011
451202,435876,9,15326,84132,2a42,ea234,5484,0082130,5282,088,94148,011
451231,421823,76,29408,86134,5a90,f3243,1016,7a122,4064,0080128,82130,e7231,088,80128,80128,[00^51]44,eb235,5080,84132,2a42,ea234,5484,0082130,5282,088,94148,011
451327,421727,76,29600,86134,5a90,f3243,1016,7a122,4064,0080128,82130,e7231,088,80128,80128,[00^51]44,eb235,4e78,84132,2a42,ea234,5484,0082130,5282,088,94148,011
451422,451230,65,192,7c124,86134,5a90,f3243,1016,7a122,4064,0080128,82130,e7231,088,80128,80128,[00^51]1
451487,391679,33,59808,[00^31]2,3048,011
451540,404072,20,47468,5383,4367,d6214,e6230,fb251,da218,eb235,3755,2840,79121,e7231,3a58,80128,d8216,e9233,9c156,cd205,5f95,4064,5888,011
451560,442790,20,8770,4f79,f7247,3048,80128,1723,c6198,c7199,cc204,fc252,e4228,0c12,2e46,088,ef239,ce206,91145,2537,9d157,6399,9f159,011
451600,436020,20,15580,e9233,3654,85133,f3243,bb187,a0160,3048,1622,f0240,2b43,d1209,82130,8b139,ad173,d6214,1925,5989,88136,d9217,5080,011
451620,404112,40,47508,e9233,3654,85133,f3243,bb187,a0160,3048,1622,f0240,2b43,d1209,82130,8b139,ad173,d6214,1925,5989,88136,d9217,5080,3d61,3957,1a26,ff255,fe254,d2210,2537,5a90,2d45,d0208,033,2537,c3195,a9169,6a106,5a90,8e142,022,3f63,f8248,011
451733,400747,3,50986,6399,3149,3048,011
451740,422840,20,28900,b0176,3d61,65101,1117,70112,ce206,ee238,3553,72114,9a154,ff255,79121,2d45,5282,2f47,d9217,5282,cf207,94148,c0192,011
451760,447268,20,4492,78120,3c60,077,77119,5989,1c28,af175,4165,91145,1824,1e30,d0208,9c156,7d125,1e30,a2162,de222,73115,84132,3e62,011
451800,392032,20,59768,4266,6096,1117,70112,d8216,cb203,2840,5282,2638,71113,97151,9b155,d8216,9a154,70112,8b139,93147,ac172,1117,b1177,011
451900,448660,20,3240,98152,1117,f4244,69105,1319,fa250,9c156,7c124,c7199,fa250,4a74,71113,5f95,ab171,6399,91145,6096,4c76,df223,6d109,011
451920,448980,20,2940,be190,80128,dc220,2941,94148,5383,ee238,3351,8d141,3149,70112,00077,f2242,c3195,a5165,5787,5282,94148,af175,011
451940,435787,20,16153,bb187,ad173,1319,5f95,e6230,a6166,e1225,86134,1c28,022,1e30,7e126,c0192,4973,f4244,cc204,2941,f4244,2e46,f3243,011
451960,435403,20,16557,ea234,94148,0f15,0071113,a4164,f6246,8c140,ce206,1117,2335,011,6e110,9b155,3048,0f15,c5197,077,ab171,64100,011
451980,450388,20,1592,d7215,8a138,aa170,022,e1225,033,2c44,00d0208,ff255,0c12,a0160,5d93,3c60,5989,5b91,bb187,96150,83131,f1241,011
452000,435885,20,16115,5080,8b139,c1193,66102,cf207,6298,4973,7e126,1b27,b0176,a7167,9f159,c4196,ad173,2739,70112,4a74,85133,4d77,088,011
452020,423120,20,28900,1622,1d29,bc188,3f63,77119,0d13,c9201,72114,88136,ee238,d3211,c8200,64100,da218,ba186,6197,8a138,2032,9a154,2436,011
452040,423100,20,28940,b2178,68104,e0224,6d109,d9217,82130,6e110,7c124,4771,c4196,b6182,bb187,c9201,f1241,6d109,f2242,d3211,bd189,c9201,ae174,011
452060,423140,20,28920,5080,ee238,2a42,1723,89137,f7247,81129,74116,bf191,7f127,ad173,3a58,2e46,9b155,2133,de222,c8200,ed237,0e14,b7183,011
452080,451470,49,610,[00^48]2,011
452160,436672,31,15488,[00^28]100,fa250,85133,011
452192,447321,62,4871,[00^31]192,[00^30]1
452256,452224,31,32,[00^30]64,011
452288,452256,30,32,[00^30]1
452320,415833,33,36487,[00^31]34,00011
452353,440979,61,11374,[00^29]4,4064,[00^30]1
452416,440352,31,12064,[00^30]9,011
452447,452320,31,127,[00^31]1
452479,423743,32,28736,6096,[00^30]12,011
452511,443372,63,9139,[00^31]15,[00^31]1
452576,392736,31,59840,[00^30]17,011
452608,423840,31,28768,[00^30]19,011
452639,392831,32,59808,80128,[00^30]20,011
452671,423903,32,28768,2032,[00^30]23,011
452704,423936,31,28768,[00^30]24,011
452736,423968,31,28768,[00^30]25,011
452768,393088,31,59680,[00^30]29,011
452800,404865,61,47935,[00^30]31,[00^30]1
452861,393213,33,59648,002032,4064,[00^30]1
452895,444313,32,8582,[00^31]35,011
452928,408783,31,44145,[00^30]36,011
452960,437152,31,15808,[00^30]37,011
452992,437216,31,15776,[00^30]39,011
453023,452895,31,128,[00^31]1
453055,424543,32,28512,6096,[00^30]47,011
453088,437536,62,15552,[00^30]48,4064,[00^30]1
453152,437632,31,15520,[00^30]53,011
453183,453023,31,160,[00^31]1
453216,436736,31,16480,[00^30]57,011
453248,453216,30,32,[00^30]1
453280,439577,31,13703,[00^30]60,011
453312,405696,31,47616,[00^30]61,011
453344,453312,30,32,[00^30]1
453376,453344,31,32,[00^30]62,011
453408,453376,31,32,[00^30]62,011
453439,412338,32,41101,e0224,[00^30]2,011
453471,426303,7,27168,3250,f9249,022,2f47,83131,033,066,011
453484,426316,128,27168,83131,044,8d141,9c156,94148,cb203,5686,6e110,3b59,69105,3452,fa250,77119,2537,8d141,68104,ea234,1824,e9233,3149,fa250,75117,e1225,aa170,aa170,80128,b9185,022,044,6c108,4569,9a154,2840,[00^12]56,de222,71113,1218,4f79,7a122,4468,7a122,011,d6214,79121,4569,a5165,1e30,dc220,e9233,ff255,4973,1218,5181,[00^31]128,[00^28]100,fa250,d9217,011
453613,426445,99,27168,[00^30]1,4064,[00^31]132,70112,4367,1622,e5229,[00^31]1
453745,445569,32,8176,[00^31]20,011
453777,453713,63,64,5282,ae174,8c140,96150,c9201,1824,a9169,2b43,4b75,4c76,e1225,70112,5a90,dc220,1824,1a26,f6246,75117,2133,ee238,f0240,cc204,022,79121,3351,0e14,cd205,2436,be190,b3179,099,99153,[00^31]1
453840,451118,29,2722,[00^28]130,011
453998,426222,88,27776,1b27,[00^30]130,e7231,088,80128,80128,[00^44]2,3250,f9249,022,2f47,83131,033,066,011
454087,453479,233,608,84132,3a58,89137,d9217,c3195,83131,044,8d141,9c156,94148,cb203,5686,6e110,3b59,69105,3452,fa250,77119,2537,8d141,68104,ea234,1824,e9233,3149,fa250,75117,e1225,aa170,aa170,80128,b9185,022,044,6c108,4569,9a154,2840,[00^12]56,de222,71113,1218,4f79,7a122,4468,7a122,011,d6214,79121,4569,a5165,1e30,dc220,e9233,ff255,4973,1218,5181,[00^31]128,[00^28]100,fa250,d9217,8d141,[00^30]1,4064,[00^31]132,70112,4367,1622,e5229,[00^31]1
454324,454319,1,5,00011
454353,453745,32,608,[00^31]20,011
454385,454321,63,64,a0160,5585,ce206,004670,3452,4771,93147,b1177,af175,5080,d3211,f1241,3149,89137,ed237,8f143,2739,1e30,5a90,ea234,5181,a4164,a0160,5a90,a0160,91145,77119,6b107,d7215,d3211,f6246,[00^31]1
454448,454001,29,447,[00^28]130,011
454606,453998,88,608,1b27,[00^30]130,e7231,088,80128,80128,[00^44]2,3250,f9249,022,2f47,83131,033,066,011
454694,395878,3,58816,4367,84132,3a58,011
454697,454089,232,608,89137,d9217,c3195,83131,044,8d141,9c156,94148,cb203,5686,6e110,3b59,69105,3452,fa250,77119,2537,8d141,68104,ea234,1824,e9233,3149,fa250,75117,e1225,aa170,aa170,80128,b9185,022,044,6c108,4569,9a154,2840,[00^12]56,de222,71113,1218,4f79,7a122,4468,7a122,011,d6214,79121,4569,a5165,1e30,dc220,e9233,ff255,4973,1218,5181,[00^31]128,[00^28]100,fa250,d9217,8d141,[00^30]1,4064,[00^31]132,70112,4367,1622,e5229,[00^31]111,011
454961,454353,32,608,[00^31]20,011
454993,454929,63,64,0b11,f3243,7c124,c3195,2436,a2162,bf191,2840,82130,ec236,9c156,82130,4266,077,fa250,9d157,9f159,cc204,d8216,d6214,fc252,6197,5686,2c44,4468,e2226,e8232,fb251,3c60,0c12,2e46,6197,[00^31]1
455056,454609,29,447,[00^28]130,011
455206,452605,2,2601,001117,011
455214,426830,80,28384,1c28,[00^30]130,e7231,088,80128,80128,[00^44]1
455294,445726,4,9568,006d109,f8248,6b107,011
455308,447060,40,8248,94148,1723,6298,1117,86134,9c156,a2162,b5181,68104,f2242,a7167,d4212,ee238,94148,1e30,077,3a58,82130,1e30,e1225,ff255,80128,b8184,4468,099,5e94,a7167,b3179,[00^12]1
455363,444088,2,11275,004d77,011
455368,452420,27,2948,[00^26]9,011
455399,450599,55,4800,0082130,e7231,088,80128,80128,[00^49]1
455460,445731,6,9729,84132,3553,a4164,e9233,0083131,011
455470,445780,20,9690,e2226,2234,fb251,e0224,74116,a4164,3654,1420,5b91,2537,5484,4266,d9217,1925,e4228,e3227,a6166,c6198,a4164,80128,011
455505,411347,126,44158,[00^31]32,[00^31]2,[00^31]64,[00^30]1
455632,397691,32,57941,2032,[00^30]1,011
455669,430999,95,24670,[00^12]23,6298,1117,86134,9c156,a2162,b5181,68104,f2242,a7167,d4212,ee238,94148,1e30,077,3a58,82130,1e30,e1225,ff255,[00^12]229,d7215,c2194,a4164,4f79,fd253,df223,6b107,2941,5a90,1521,c1193,4872,1622,7d125,aa170,af175,5c92,f3243,4f79,[00^31]1
455765,444737,30,11028,[00^29]3,011
455797,455765,30,32,[00^29]3,011
455829,455765,31,64,[00^29]3,0f15,011
455861,455797,31,64,[00^29]3,1b27,011
455893,455603,29,290,[00^28]2,011
455925,447718,26,8207,[00^25]122,011
455951,455492,6,459,9a154,2c44,3957,5282,0e14,eb235,011
455957,455893,29,64,[00^28]2,011
455989,455925,26,64,[00^25]122,011
456021,453330,13,2691,[00^12]61,011
456034,451641,19,4393,3957,1a26,ff255,fe254,d2210,2537,5a90,2d45,d0208,033,2537,c3195,a9169,6a106,5a90,8e142,022,3f63,f8248,011
456053,430235,31,25818,[00^28]100,fa250,89137,011
456085,440854,60,15231,[00^59]4,011
456149,455217,74,932,[00^28]130,e7231,088,80128,80128,[00^41]1
456226,446945,4,9281,f0240,82130,e7231,088,011
456237,456232,4,5,84132,3250,af175,f4244,011
456246,398293,59,57953,94148,bc188,7f127,67103,fa250,9c156,72114,f9249,fc252,cf207,91145,7c124,bc188,ee238,2a42,5080,de222,b0176,3149,4670,2a42,80128,b8184,c4196,8f143,6b107,de222,aa170,[00^31]1
456306,450826,56,5480,[00^31]1,[00^24]1
456369,456307,30,62,[00^30]1
456402,452530,13,3872,[00^12]15,011
456434,431578,31,24856,[00^28]100,fa250,86134,011
456466,419122,45,37344,c0192,[00^43]1,011
456515,445895,3,10620,80128,84132,3048,011
456561,398010,44,58551,[00^31]110,[00^12]1
456605,450516,42,6089,[00^19]160,[00^22]1
456656,451454,64,5202,[00^64]1
456721,454961,32,1760,[00^31]20,011
456773,415821,75,40952,[00^43]34,00011,[00^29]1
456851,455215,75,1636,[00^30]130,e7231,088,80128,80128,[00^40]1
456928,448160,3,8768,022,f9249,011,011
456932,415972,6,40960,82130,e7231,088,033,84132,3048,011
456941,456936,5,5,84132,3048,c8200,3553,78120,011
456987,450929,25,6058,[00^24]5,011
457019,456999,12,20,[00^12]1
457051,440530,44,16521,[00^12]238,ee238,ee238,ee238,ee238,ee238,ee238,ee238,ee238,ee238,ee238,ee238,ee238,ee238,ee238,ee238,ee238,ee238,ee238,ee238,[00^12]1
457095,455713,44,1382,e5229,d7215,c2194,a4164,4f79,fd253,df223,6b107,2941,5a90,1521,c1193,4872,1622,7d125,aa170,af175,5c92,f3243,4f79,[00^24]1
457147,457115,56,32,[00^24]9,66102,8a138,88136,f1241,5e94,9c156,1d29,[00^24]1
457203,443877,20,13326,[00^7]111,[00^12]1
457223,457063,32,160,ee238,ee238,ee238,ee238,ee238,ee238,ee238,ee238,ee238,ee238,ee238,ee238,ee238,ee238,ee238,ee238,ee238,ee238,ee238,ee238,[00^12]1
457256,452396,19,4860,[00^18]6,011
457275,457147,25,128,[00^24]9,011
457307,447320,68,9987,[00^32]192,[00^35]1
457375,455295,3,2080,6d109,f8248,6b107,011
457378,418823,3,38555,044,84132,2f47,011
457383,445735,45,11648,0083131,011,6399,5383,94148,1723,6298,1117,86134,9c156,a2162,b5181,68104,f2242,a7167,d4212,ee238,94148,1e30,077,3a58,82130,1e30,e1225,ff255,80128,b8184,4468,099,5e94,a7167,b3179,[00^12]1
457428,446493,52,10935,1d29,011,88136,c4196,b2178,76118,a0160,93147,66102,d0208,5d93,6b107,e0224,6a106,f6246,1a26,73115,bc188,75117,3553,ff255,ff255,ff255,ff255,ff255,ff255,ff255,ff255,ff255,ff255,ff255,ff255,ff255,ff255,ff255,ff255,ff255,ff255,ff255,ff255,ff255,ff255,ff255,ff255,ff255,ff255,ff255,ff255,ff255,ff255,ff255,ff255,011
457480,455400,54,2080,82130,e7231,088,80128,80128,[00^49]1
457539,397959,3,59580,1420,84132,2f47,011
457542,457381,4,161,af175,088,0083131,011
457549,428694,21,28855,94148,1d29,011,88136,c4196,b2178,76118,a0160,93147,66102,d0208,5d93,6b107,e0224,6a106,f6246,1a26,73115,bc188,75117,3553,011
457577,399537,3,58040,0000b9185,011
457580,428717,146,28863,033,2436,d3211,1117,5a90,8a138,[00^31]96,[00^31]192,[00^30]1,2032,[00^31]2,[00^12]1
457726,457095,20,631,e5229,d7215,c2194,a4164,4f79,fd253,df223,6b107,2941,5a90,1521,c1193,4872,1622,7d125,aa170,af175,5c92,f3243,4f79,011
457746,416179,93,41567,ee238,ee238,ee238,ee238,ee238,ee238,ee238,ee238,ee238,ee238,ee238,ee238,ee238,ee238,ee238,ee238,ee238,ee238,ee238,ee238,ee238,ee238,ee238,ee238,ee238,ee238,ee238,ee238,ee238,ee238,ee238,ee238,[00^31]2,[00^29]1
457839,428023,130,29816,[00^66]2,[00^31]64,[00^30]1,011
457971,452979,12,4992,[00^11]37,011
458002,429139,97,28863,[00^31]96,[00^31]192,[00^31]2,00011
458099,407879,16,50220,[00^15]127,011
458115,429252,16,28863,ff255,ff255,ff255,ff255,ff255,ff255,ff255,ff255,ff255,ff255,ff255,ff255,ff255,ff255,ff255,011,011
458131,436840,24,21291,[00^23]28,011
458155,457572,7,583,73115,1016,2335,7d125,8d141,0000011
458162,429299,160,28863,[00^32]5,[00^62]96,[00^31]160,[00^31]1,011
458322,456817,16,1505,00011,[00^14]1
458338,458122,8,216,ff255,ff255,ff255,ff255,ff255,ff255,ff255,ff255,011
458353,450567,78,7786,[00^33]130,e7231,088,80128,80128,[00^40]1
458431,447039,7,11392,71113,022,f8248,6e110,82130,e7231,088,011
458438,446949,12,11489,011,84132,2f47,8d141,e9233,66102,84132,2f47,8d141,e9233,6f111,82130,011
458452,455308,86,3144,94148,1723,6298,1117,86134,9c156,a2162,b5181,68104,f2242,a7167,d4212,ee238,94148,1e30,077,3a58,82130,1e30,e1225,ff255,80128,b8184,4468,099,5e94,a7167,b3179,[00^12]128,e3227,82130,91145,e0224,6399,3957,d1209,0a10,ab171,4872,3c60,65101,69105,5d93,004d77,bd189,5c92,69105,[00^26]1
458538,456411,4,2127,0000000f15,011
458544,418768,55,39776,c0192,[00^45]1,3351,022,f9249,011,2f47,82130,e7231,088,011
458605,458600,4,5,84132,2f47,83131,1d29,011
458610,448179,128,10431,82130,7e126,5484,94148,d1209,a3163,ab171,f4244,2f47,9e158,66102,be190,86134,cf207,de222,a8168,c5197,c2194,c7199,4f79,044,1c28,5e94,1420,80128,b9185,011,044,5b91,7d125,74116,82130,[00^31]64,[00^31]160,[00^31]64,011
458738,447665,3,11073,3654,65101,3048,011
458742,400298,3,58444,3755,3048,65101,011
458747,448368,3,10379,65101,3048,3654,011
458750,448449,3,10301,3856,6298,6298,011
458754,419117,3,39637,3351,3957,66102,011
458759,430590,3,28169,3755,3048,64100,011
458763,400187,4,58576,3553,3250,3856,6399,011
458770,430643,3,28127,3553,3048,3654,011
458777,430574,3,28203,6399,64100,3250,011
458782,447587,3,11195,64100,3250,3957,011
458785,430649,3,28136,65101,64100,3856,011
458795,400273,3,58522,3452,6298,66102,011
458799,419363,3,39436,6197,6399,3351,011
458802,448371,33,10431,[00^31]64,3452,011
458841,447559,3,11282,3654,3856,3048,011
458847,430588,3,28259,3250,64100,3755,011
458860,400765,3,58095,6197,3553,3755,011
458864,432549,3,26315,65101,3553,3351,011
458873,447593,3,11280,3250,3149,3654,011
458876,419100,3,39776,3048,66102,3755,011
458879,419373,3,39506,3250,3755,6399,011
458884,448462,3,10422,6197,3048,6399,011
458888,430557,3,28331,6399,6197,6298,011
458899,457491,44,1408,[00^43]3,011
458943,431519,3,27424,db219,022,f9249,011
458947,431523,4,27424,d7215,82130,e7231,088,011
458952,458600,10,352,84132,2f47,83131,1d29,3f63,84132,2f47,83131,1d29,4973,011
458967,458492,20,475,80128,e3227,82130,91145,e0224,6399,3957,d1209,0a10,ab171,4872,3c60,65101,69105,5d93,004d77,bd189,5c92,69105,011
458993,440425,3,18568,80128,00b9185,011
459002,458226,61,776,[00^31]96,[00^29]1
459066,456434,30,2632,[00^28]100,fa250,011
459098,431642,95,27456,[00^31]1,[00^31]32,[00^31]1
459194,458200,57,994,[00^57]1
459251,458988,7,263,1117,c3195,79121,3755,e0224,80128,00011
459258,430867,108,28391,[00^31]2,[00^31]64,[00^30]1,6096,[00^12]1
459366,407894,51,51472,7f127,72114,e0224,d8216,e9233,ab171,f9249,1319,3a58,92146,3250,2b43,8b139,5080,bd189,8e142,0f15,9d157,cf207,cb203,[00^31]1
459418,408110,108,51308,[00^62]1,[00^32]96,[00^12]1
459526,457095,32,2431,e5229,d7215,c2194,a4164,4f79,fd253,df223,6b107,2941,5a90,1521,c1193,4872,1622,7d125,aa170,af175,5c92,f3243,4f79,[00^12]1
459578,457829,76,1749,[00^76]1
459654,459558,51,96,8b139,1218,5181,077,6f111,2335,ff255,a2162,a2162,a6166,4569,95149,83131,c5197,87135,c1193,cd205,bb187,2c44,6e110,[00^31]1
459705,459417,109,288,80128,[00^62]1,[00^32]96,[00^12]1
459814,442758,32,17056,7d125,4367,aa170,bc188,5181,5c92,3553,6197,4569,044,92146,2739,ce206,e5229,4b75,6096,83131,4266,c0192,ad173,[00^12]1
459846,398461,48,61385,fc252,0c12,2d45,f0240,2b43,1622,1622,b0176,5c92,2234,b3179,044,4c76,5888,2c44,4165,5080,cf207,d3211,a9169,[00^28]1
459894,457806,36,2088,000000022,[00^32]1
459930,399962,45,59968,c0192,[00^35]1,3351,022,f9249,011,2f47,82130,e7231,088,011
459976,458600,138,1376,84132,2f47,83131,1d29,3f63,84132,2f47,83131,1d29,4973,82130,7e126,5484,94148,d1209,a3163,ab171,f4244,2f47,9e158,66102,be190,86134,cf207,de222,a8168,c5197,c2194,c7199,4f79,044,1c28,5e94,1420,80128,b9185,011,044,5b91,7d125,74116,82130,[00^31]64,[00^31]160,[00^31]64,011
460119,448413,3,11706,3149,3553,3048,011
460132,430583,3,29549,6197,3250,6197,011
460138,419439,3,40699,3250,3654,3351,011
460146,447566,3,12580,3856,3351,66102,011
460156,419434,3,40722,3553,3654,3755,011
460162,419068,3,41094,6298,6197,6298,011
460169,432618,3,27551,65101,6298,3856,011
460173,458765,3,1408,3856,6399,3856,011
460178,460082,32,96,[00^31]64,011
460211,447583,3,12628,3250,66102,3452,011
460218,448445,3,11773,3149,3755,6399,011
460222,448350,3,11872,3856,3856,66102,011
460231,430644,3,29587,3048,3654,3351,011
460235,400750,4,59485,3755,3250,6399,65101,011
460245,419016,3,41229,3452,3957,3755,011
460248,400656,3,59592,3149,3856,6298,011
460258,430665,3,29593,64100,3452,65101,011
460262,400739,4,59523,6399,3957,3452,3553,011
460268,432642,3,27626,3452,3250,6197,011
460274,456466,45,3808,c0192,[00^43]1,011
460320,459968,3,352,022,f9249,011,011
460324,448035,6,12289,82130,e7231,088,80128,84132,2f47,011
460330,458954,9,1376,83131,1d29,3f63,84132,2f47,83131,1d29,4973,83131,011
460342,427277,22,33065,94148,87135,3149,d5213,4e78,9d157,022,c2194,86134,76118,7d125,5686,ac172,033,e8232,033,7c124,077,e0224,1e30,98152,87135,011
460371,427306,37,33065,b8184,e4228,1117,1420,cd205,2a42,[00^31]1
460409,460396,12,13,[00^12]1
460441,460050,57,391,[00^31]160,[00^25]1
460503,448484,28,12019,[00^27]49,011
460535,427470,34,33065,a0160,[00^32]20,011
460569,460421,32,148,ab171,e6230,71113,91145,99153,5e94,a9169,2a42,92146,3351,2537,d0208,c9201,6f111,6e110,3250,a8168,a5165,2941,e8232,[00^12]1
460602,457869,37,2733,[00^36]2,011
460640,430752,3,29888,022,f9249,022,011
460644,418820,6,41824,82130,e7231,088,044,84132,2f47,011
460650,460330,10,320,83131,1d29,3f63,84132,2f47,83131,1d29,4973,83131,077,011
460663,447100,20,13563,68104,5c92,ea234,022,c4196,a8168,ba186,4d77,6298,79121,e8232,82130,bd189,d9217,011,2941,c1193,2638,7c124,d0208,011
460685,460637,1,48,00011
460694,455501,130,5193,ac172,96150,5080,d8216,[00^31]32,[00^31]2,[00^31]64,[00^30]1
460826,408490,32,52336,[00^30]1,64100,011
460862,455669,94,5193,[00^12]23,6298,1117,86134,9c156,a2162,b5181,68104,f2242,a7167,d4212,ee238,94148,1e30,077,3a58,82130,1e30,e1225,ff255,[00^12]229,d7215,c2194,a4164,4f79,fd253,df223,6b107,2941,5a90,1521,c1193,4872,1622,7d125,aa170,af175,5c92,f3243,4f79,[00^30]1
460958,415867,31,45091,[00^29]3,0d13,011
460990,460958,30,32,[00^29]3,011
461022,447120,32,13902,[00^29]228,e1225,c0192,011
461054,460704,27,350,[00^25]32,00011
461081,460686,5,395,a9169,68104,2739,3957,b5181,011
461086,461022,29,64,[00^29]1
461118,452805,26,8313,[00^25]31,011
461150,461131,12,19,[00^12]1
461162,451740,20,9422,b0176,3d61,65101,1117,70112,ce206,ee238,3553,72114,9a154,ff255,79121,2d45,5282,2f47,d9217,5282,cf207,94148,c0192,011
461182,456434,31,4748,[00^28]100,fa250,86134,011
461214,456085,60,5129,[00^59]4,011
461278,431966,72,29312,[00^28]192,[00^36]114,022,f8248,6f111,82130,e7231,088,011
461350,447750,13,13600,022,84132,2f47,6b107,9a154,70112,84132,2f47,6b107,9a154,7a122,83131,055,011
461363,429747,140,31616,007d125,94148,009a154,0b11,7c124,3856,b5181,4266,2032,89137,3654,f1241,1723,91145,5181,cd205,088,e2226,94148,3856,3351,80128,b8184,4468,83131,0c12,bb187,bd189,[00^12]199,d8216,4872,9d157,ae174,3d61,2e46,be190,f0240,75117,b1177,db219,2234,5787,e2226,c2194,3149,c9201,d2210,3149,[00^25]7,1218,ef239,b9185,d6214,3755,5383,c0192,[00^45]1
461507,447396,14,14111,82130,e7231,088,088,84132,2f47,6b107,9a154,70112,84132,2f47,6b107,9a154,7a122,011
461526,432093,20,29433,1824,4165,75117,2a42,0b11,cb203,de222,2941,ec236,3856,2032,fc252,a5165,b0176,ec236,4f79,f4244,b3179,b4180,4367,011
461553,460698,63,855,[00^31]32,[00^31]1
461617,461586,30,31,[00^30]1
461649,446545,46,15104,c0192,[00^44]1,011
461695,397951,8,63744,1b27,022,f9249,011,1723,82130,e7231,088,011
461703,461350,12,353,022,84132,2f47,6b107,9a154,70112,84132,2f47,6b107,9a154,7a122,83131,011
461718,397974,22,63744,94148,87135,3149,d5213,4e78,9d157,022,c2194,86134,76118,7d125,5686,ac172,033,e8232,033,7c124,077,e0224,1e30,98152,88136,011
461743,453181,2,8562,003553,011
461746,427304,52,34442,1622,1e30,b8184,e4228,1117,1420,cd205,2a42,[00^31]184,[00^12]1
461818,460441,56,1377,[00^31]160,[00^24]1
461880,461247,27,633,[00^26]4,011
461912,461661,33,251,[00^33]1
461946,461798,32,148,1117,0b11,4165,bb187,a1161,85133,3d61,2a42,5787,1f31,73115,ba186,df223,0a10,c5197,5282,d9217,a5165,7c124,7c124,[00^12]1
461978,459930,48,2048,c0192,[00^35]1,3351,022,f9249,011,2f47,82130,e7231,088,0e14,84132,2f47,011
462026,448171,136,13855,6b107,9a154,70112,84132,2f47,6b107,9a154,7a122,82130,7e126,5484,94148,d1209,a3163,ab171,f4244,2f47,9e158,66102,be190,86134,cf207,de222,a8168,c5197,c2194,c7199,4f79,044,1c28,5e94,1420,80128,b9185,011,044,5b91,7d125,74116,82130,[00^31]64,[00^31]160,[00^31]64,011
462171,460261,3,1910,65101,6399,3957,011
462175,447554,3,14621,3553,3755,3452,011
462193,458863,3,3330,6298,65101,3553,011
462201,419349,3,42852,6399,65101,3856,011
462205,448341,3,13864,3250,3351,6197,011
462208,458865,3,3343,3553,3351,3553,011
462211,460234,3,1977,65101,3755,3250,011
462217,462208,3,9,3553,3351,3553,011
462220,432558,3,29662,3553,3856,3755,011
462225,446801,33,15424,3048,[00^31]64,011
462259,448426,3,13833,3351,64100,3856,011
462262,430566,3,31696,6399,3149,3553,011
462280,400206,3,62074,3452,3654,3452,011
462292,460124,3,2168,3856,3755,3351,011
462296,462293,3,3,3755,3351,66102,011
462308,460124,4,2184,3856,3755,3351,3553,011
462314,430653,3,31661,3048,6399,66102,011
462322,397170,51,65152,c0192,[00^44]48,022,ee238,82130,e7231,088,011
462373,458599,3,3774,4a74,84132,2f47,011
462376,448041,10,14335,6b107,9a154,70112,84132,2f47,6b107,9a154,7a122,83131,011,011
462386,431442,76,30944,0b11,3654,94148,cc204,e9233,d3211,f3243,92146,c1193,3553,dc220,033,8b139,1420,7c124,a7167,3e62,c4196,96150,f7247,f8248,9d157,93147,80128,84132,1824,3f63,f0240,85133,c0192,[00^46]1
462463,428671,3,33792,5484,022,f9249,011
462467,428675,4,33792,5080,82130,e7231,088,011
462477,462472,4,5,84132,2e46,0a10,ef239,011
462486,410838,23,51648,94148,6197,3149,b5181,fa250,e1225,9e158,a4164,f9249,d9217,64100,ea234,c0192,4064,8e142,4468,088,b6182,6399,3755,b5181,80128,b9185,011
462511,410863,162,51648,e2226,1f31,d0208,e9233,[00^31]32,[00^12]209,b4180,74116,90144,2032,9c156,cb203,7a122,80128,6e110,8a138,4569,d9217,4771,94148,90144,c0192,4064,ab171,f4244,[00^63]160,[00^30]1
462674,410994,32,51680,a0160,[00^30]5,011
462706,453439,32,9267,e0224,[00^30]2,011
462739,411091,76,51648,[00^31]32,[00^31]192,[00^12]1
462815,460874,32,1941,1723,6298,1117,86134,9c156,a2162,b5181,68104,f2242,a7167,d4212,ee238,94148,1e30,077,3a58,82130,1e30,e1225,ff255,[00^12]1
462847,457758,32,5089,ee238,ee238,ee238,ee238,ee238,ee238,ee238,ee238,ee238,ee238,ee238,ee238,ee238,ee238,ee238,ee238,ee238,ee238,ee238,ee238,[00^12]1
462879,436200,20,26679,8e142,077,4771,5787,011,066,5b91,2a42,7d125,fd253,d8216,ff255,a0160,3856,2335,d8216,3b59,fb251,b3179,6197,011
462899,456053,31,6846,[00^28]100,fa250,89137,011
462931,443084,44,19847,[00^30]2,80128,[00^12]1
462975,459110,83,3865,[00^19]1,[00^31]32,[00^31]1
463058,462994,64,64,011,[00^31]32,[00^31]1
463122,411826,109,51296,4064,6399,4064,7a122,4973,[00^27]2,[00^31]224,[00^12]209,b4180,74116,90144,2032,9c156,cb203,7a122,80128,6e110,8a138,4569,d9217,4771,94148,90144,c0192,4064,ab171,f4244,[00^12]1
463251,460862,92,2389,[00^12]23,6298,1117,86134,9c156,a2162,b5181,68104,f2242,a7167,d4212,ee238,94148,1e30,077,3a58,82130,1e30,e1225,ff255,[00^12]229,d7215,c2194,a4164,4f79,fd253,df223,6b107,2941,5a90,1521,c1193,4872,1622,7d125,aa170,af175,5c92,f3243,4f79,[00^28]1
463347,412051,106,51296,[00^95]32,[00^10]1
463453,462704,2,749,00055,011
463459,463445,9,14,[00^9]1
463475,462803,76,672,[00^12]23,6298,1117,86134,9c156,a2162,b5181,68104,f2242,a7167,d4212,ee238,94148,1e30,077,3a58,82130,1e30,e1225,ff255,[00^12]238,ee238,ee238,ee238,ee238,ee238,ee238,ee238,ee238,ee238,ee238,ee238,ee238,ee238,ee238,ee238,ee238,ee238,ee238,ee238,[00^12]1
463551,412255,128,51296,[00^18]1,6096,[00^30]1,a0160,[00^30]1,e0224,[00^30]2,[00^13]1
463679,462879,48,800,8e142,077,4771,5787,011,066,5b91,2a42,7d125,fd253,d8216,ff255,a0160,3856,2335,d8216,3b59,fb251,b3179,6197,[00^28]1
463727,463343,29,384,022,80128,de222,80128,[00^25]1
463763,412467,188,51296,[00^62]2,2032,[00^31]1,[00^12]209,b4180,74116,90144,2032,9c156,cb203,7a122,80128,6e110,8a138,4569,d9217,4771,94148,90144,c0192,4064,ab171,f4244,[00^31]1,[00^28]1
463951,463343,99,608,022,80128,de222,80128,[00^95]1
464050,463891,32,159,[00^31]1,011
464083,412787,37,51296,7b123,2234,5383,6f111,75117,72114,6399,65101,2234,3a58,2234,6b107,79121,6298,65101,72114,73115,77119,6197,70112,2234,2c44,2234,4165,6d109,6f111,75117,6e110,74116,4973,6e110,5585,5383,4468,2234,3a58,2234,011
464127,464126,10,1,3957,3957,3957,3957,3957,3957,3957,3957,3957,3957,011
464138,412836,18,51302,2234,2c44,2234,4165,6d109,6f111,75117,6e110,74116,4f79,75117,74116,5585,5383,4468,2234,3a58,2234,011
464162,458878,3,5284,3755,3250,3755,011
464166,400766,3,63400,3553,3755,3250,011
464171,462279,3,1892,3149,3452,3654,011
464174,412871,68,51303,2234,2c44,2234,5282,65101,66102,65101,72114,72114,6197,6c108,2234,3a58,2234,2234,2c44,2234,4670,6c108,6197,67103,73115,2234,3a58,3351,2c44,2234,4973,6e110,74116,65101,67103,72114,69105,74116,79121,4973,6e110,66102,6f111,2234,3a58,7b123,2234,4b75,65101,79121,4973,4468,2234,3a58,2234,3149,2234,2c44,2234,5383,69105,67103,6e110,6197,74116,75117,72114,65101,2234,3a58,2234,011
464262,419359,3,44903,3755,6298,3654,011
464584,413281,11,51303,3d61,3d61,2234,7d125,7d125,[00^6]1
464595,448467,50,16128,c0192,[00^43]49,022,ef239,82130,e7231,088,011
464646,462472,10,2174,84132,2e46,0a10,ef239,7a122,84132,2e46,0a10,ef239,81129,011
464656,451399,4,13257,82130,5282,088,94148,011
464680,448552,54,16128,86134,2e46,6298,5c92,e2226,3048,0080128,c0192,[00^45]1
464736,458944,3,5792,022,f9249,033,011
464740,430756,5,33984,82130,e7231,088,055,84132,011
464745,448519,9,16226,2d45,f4244,2638,d1209,84132,2d45,f4244,2638,d8216,011
464758,427606,23,37152,94148,1d29,011,88136,c4196,b2178,76118,a0160,93147,66102,d0208,5d93,6b107,e0224,6a106,f6246,1a26,73115,bc188,75117,3553,87135,0d13,011
464787,416012,256,48775,b9185,033,2436,d3211,1117,5a90,8a138,[00^31]96,[00^31]192,[00^30]1,2032,[00^31]2,[00^12]23,6298,1117,86134,9c156,a2162,b5181,68104,f2242,a7167,d4212,ee238,94148,1e30,077,3a58,82130,1e30,e1225,ff255,ee238,ee238,ee238,ee238,ee238,ee238,ee238,ee238,ee238,ee238,ee238,ee238,ee238,ee238,ee238,ee238,ee238,ee238,ee238,ee238,ee238,ee238,ee238,ee238,ee238,ee238,ee238,ee238,ee238,ee238,ee238,ee238,[00^31]2,[00^25]1
465043,416268,4,48775,[00^4]1
465047,457839,131,7208,[00^66]2,[00^31]64,[00^30]1,2032,011
465178,429107,129,36071,[00^12]226,c6198,7a122,9b155,1521,e9233,e7231,ff255,8a138,9c156,b0176,df223,b8184,fe254,e5229,6096,99153,2335,e5229,db219,[00^31]96,[00^31]192,[00^31]2,00011
465307,429268,31,36039,011,[00^14]127,ff255,ff255,ff255,ff255,ff255,ff255,ff255,ff255,ff255,ff255,ff255,ff255,ff255,ff255,ff255,011
465339,428571,63,36768,022,[00^14]127,ff255,ff255,ff255,ff255,ff255,ff255,ff255,ff255,ff255,ff255,ff255,ff255,ff255,ff255,ff255,[00^32]1
465402,458194,152,7208,055,[00^62]96,[00^31]160,[00^31]1,00011,[00^14]255,ff255,ff255,ff255,ff255,ff255,ff255,ff255,011
465554,465553,5,1,ff255,ff255,ff255,ff255,ff255,011
465562,459898,69,5664,[00^32]192,[00^35]1,011
465631,450335,53,15296,0d13,f9249,011,0a10,011,84132,2a42,ea234,5484,0082130,9d157,78120,94148,088,72114,ec236,4468,2638,1016,3452,82130,a5165,0f15,2638,ff255,c3195,2a42,ce206,fc252,ec236,6197,b3179,c9201,80128,b8184,e4228,f2242,4266,4367,2a42,[00^12]1
465684,451940,20,13744,bb187,ad173,1319,5f95,e6230,a6166,e1225,86134,1c28,022,1e30,7e126,c0192,4973,f4244,cc204,2941,f4244,2e46,f3243,011
465704,449000,256,16704,[00^12]174,c3195,ca202,ce206,f9249,4569,7f127,f2242,82130,1d29,9f159,85133,4266,9c156,e3227,d9217,0b11,001420,5989,[00^31]5,[00^31]1,[00^31]160,[00^64]130,e7231,088,80128,80128,[00^49]1,ef239,f9249,011,ec236,80128,84132,2a42,ea234,5484,011
465960,449256,224,16704,0083131,011,5f95,90144,94148,088,72114,ec236,4468,2638,1016,3452,82130,a5165,0f15,2638,ff255,c3195,2a42,ce206,fc252,ec236,6197,b3179,c9201,80128,b9185,011,c4196,d4212,df223,d6214,bc188,[00^127]1,[00^31]1,[00^28]101,1420,011
466186,402026,161,64160,[00^63]5,[00^62]1,4064,[00^31]65,cf207,011
466410,433898,256,32512,1c28,[00^31]130,e7231,088,80128,80128,[00^47]1,ef239,f9249,011,ec236,80128,84132,2a42,ea234,5484,0083131,011,5f95,90144,94148,088,72114,ec236,4468,2638,1016,3452,82130,a5165,0f15,2638,ff255,c3195,2a42,ce206,fc252,ec236,6197,b3179,c9201,80128,b9185,011,c4196,d4212,df223,d6214,bc188,[00^127]1,011
466666,434154,62,32512,[00^31]1,[00^28]101,1420,011
466730,466186,160,544,[00^63]5,[00^62]1,4064,[00^31]65,011
466954,466410,256,544,1c28,[00^31]130,e7231,088,80128,80128,[00^47]1,ef239,f9249,011,ec236,80128,84132,2a42,ea234,5484,0083131,011,5f95,90144,94148,088,72114,ec236,4468,2638,1016,3452,82130,a5165,0f15,2638,ff255,c3195,2a42,ce206,fc252,ec236,6197,b3179,c9201,80128,b9185,011,c4196,d4212,df223,d6214,bc188,[00^127]1,011
467210,466666,62,544,[00^31]1,[00^28]101,1420,011
467274,466730,160,544,[00^63]5,[00^62]1,4064,[00^31]65,011
467498,449706,85,17792,1b27,[00^31]130,e7231,088,80128,80128,[00^47]1,011
467583,465631,53,1952,0d13,f9249,011,0a10,011,84132,2a42,ea234,5484,0082130,9d157,78120,94148,088,72114,ec236,4468,2638,1016,3452,82130,a5165,0f15,2638,ff255,c3195,2a42,ce206,fc252,ec236,6197,b3179,c9201,80128,b8184,e4228,f2242,4266,4367,2a42,[00^12]1
467636,451960,20,15676,ea234,94148,0f15,0071113,a4164,f6246,8c140,ce206,1117,2335,011,6e110,9b155,3048,0f15,c5197,077,ab171,64100,011
467656,465704,246,1952,[00^12]174,c3195,ca202,ce206,f9249,4569,7f127,f2242,82130,1d29,9f159,85133,4266,9c156,e3227,d9217,0b11,001420,5989,[00^31]5,[00^31]1,[00^31]160,[00^64]130,e7231,088,80128,80128,[00^49]1
467902,435486,53,32416,00ec236,f8248,ea234,011,84132,2a42,ea234,5484,0082130,9b155,2840,94148,088,72114,ec236,4468,2638,1016,3452,82130,a5165,0f15,2638,ff255,c3195,2a42,ce206,fc252,ec236,6197,b3179,c9201,80128,b8184,c4196,f2242,4266,4367,2a42,[00^12]1
467955,452000,20,15955,5080,8b139,c1193,66102,cf207,6298,4973,7e126,1b27,b0176,a7167,9f159,c4196,ad173,2739,70112,4a74,85133,4d77,088,011
467975,435559,218,32416,[00^12]1,e4228,a6166,6399,ff255,fa250,f1241,4367,0d13,3a58,3654,5888,8b139,2c44,1420,b7183,2234,3149,d8216,b4180,[00^31]5,[00^31]1,[00^31]160,[00^32]130,e7231,088,80128,80128,[00^51]44,eb235,011
468193,421697,10,46496,5282,84132,2a42,ea234,5484,0082130,5282,088,94148,011
468223,403455,76,64768,86134,5a90,f3243,1016,7a122,4064,0080128,82130,e7231,088,80128,80128,[00^51]44,eb235,5282,84132,2a42,ea234,5484,0082130,5282,088,94148,011
468319,468223,76,96,86134,5a90,f3243,1016,7a122,4064,0080128,82130,e7231,088,80128,80128,[00^51]44,eb235,5282,84132,2a42,ea234,5484,0082130,5282,088,94148,011
468415,435807,68,32608,86134,5a90,f3243,1016,7a122,4064,0080128,82130,e7231,088,80128,80128,[00^51]46,ed237,82130,022,011
468484,468386,9,98,84132,2a42,ea234,5484,0082130,5282,088,94148,011
468513,435905,94,32608,86134,5484,95149,3f63,f6246,d0208,0080128,82130,e7231,088,80128,80128,[00^80]2,011
468608,436040,40,32568,b8184,ff255,87135,7e126,d7215,8b139,a5165,2032,ec236,e2226,1b27,1d29,e7231,84132,3a58,8a138,5787,ca202,4771,cb203,b8184,ff255,87135,7e126,d7215,8b139,a5165,2032,ec236,e2226,1b27,1d29,e7231,84132,3a58,8a138,5787,ca202,4771,cb203,011
468648,468628,20,20,b8184,ff255,87135,7e126,d7215,8b139,a5165,2032,ec236,e2226,1b27,1d29,e7231,84132,3a58,8a138,5787,ca202,4771,cb203,011
468688,456033,20,12655,3d61,3957,1a26,ff255,fe254,d2210,2537,5a90,2d45,d0208,033,2537,c3195,a9169,6a106,5a90,8e142,022,3f63,f8248,011
468708,456414,20,12294,0f15,5d93,ec236,a1161,91145,dd221,e5229,a3163,2941,d0208,d7215,033,ad173,a3163,68104,0c12,4165,b6182,67103,f7247,011
468728,456753,20,11975,64100,ee238,68104,1a26,fd253,aa170,1016,a9169,f4244,088,a1161,8f143,e2226,d7215,a5165,88136,8e142,81129,2133,6399,011
468748,457031,20,11717,8b139,0a10,2234,64100,8f143,b0176,5a90,b4180,1420,2335,8a138,3654,71113,80128,aa170,71113,dc220,4b75,066,de222,011
468848,459846,20,9002,fc252,0c12,2d45,f0240,2b43,1622,1622,b0176,5c92,2234,b3179,044,4c76,5888,2c44,4165,5080,cf207,d3211,a9169,011
468888,460569,20,8319,ab171,e6230,71113,91145,99153,5e94,a9169,2a42,92146,3351,2537,d0208,c9201,6f111,6e110,3250,a8168,a5165,2941,e8232,011
468908,461162,20,7746,b0176,3d61,65101,1117,70112,ce206,ee238,3553,72114,9a154,ff255,79121,2d45,5282,2f47,d9217,5282,cf207,94148,c0192,011
468948,436320,20,32628,d4212,2a42,a3163,70112,fc252,d0208,6c108,68104,3b59,71113,5484,ff255,a7167,99153,a8168,e0224,0a10,c0192,1218,1e30,011
468968,461946,20,7022,1117,0b11,4165,bb187,a1161,85133,3d61,2a42,5787,1f31,73115,ba186,df223,0a10,c5197,5282,d9217,a5165,7c124,7c124,011
469028,463679,20,5349,8e142,077,4771,5787,011,066,5b91,2a42,7d125,fd253,d8216,ff255,a0160,3856,2335,d8216,3b59,fb251,b3179,6197,011
469048,451880,20,17168,b7183,e5229,4670,2a42,f1241,0b11,5383,86134,ff255,a9169,73115,f7247,a0160,f3243,a5165,1f31,5b91,3755,c2194,1016,011
469078,436296,3,32782,82130,1016,64100,011
469088,465684,20,3404,bb187,ad173,1319,5f95,e6230,a6166,e1225,86134,1c28,022,1e30,7e126,c0192,4973,f4244,cc204,2941,f4244,2e46,f3243,011
469108,451307,20,17801,8c140,3351,5a90,b1177,7c124,0f15,b9185,bc188,0a10,84132,066,5282,b7183,5b91,b8184,9a154,ac172,fc252,a9169,b3179,011
469128,451403,20,17725,5f95,4c76,ea234,97151,9e158,2032,9d157,5787,4f79,c2194,4367,8a138,044,de222,e1225,7e126,3755,e4228,a1161,7c124,011
469148,451211,20,17937,a5165,ad173,5585,e8232,077,c7199,b6182,4670,0e14,cb203,6c108,b3179,e1225,d8216,5c92,9a154,2f47,2b43,c6198,7c124,011
469168,467636,20,1532,ea234,94148,0f15,0071113,a4164,f6246,8c140,ce206,1117,2335,011,6e110,9b155,3048,0f15,c5197,077,ab171,64100,011
469188,467955,20,1233,5080,8b139,c1193,66102,cf207,6298,4973,7e126,1b27,b0176,a7167,9f159,c4196,ad173,2739,70112,4a74,85133,4d77,088,011
469227,469171,1,56,00011
469268,436580,60,32688,011,e4228,a6166,6399,ff255,fa250,f1241,4367,0d13,3a58,3654,5888,8b139,2c44,1420,b7183,2234,3149,d8216,b4180,[00^40]1
469328,461890,17,7438,[00^16]4,011
469375,418297,31,51078,94148,[00^28]100,fa250,011
469408,465563,62,3845,[00^31]192,[00^30]1
469472,469440,31,32,[00^30]63,011
469504,405856,31,63648,[00^30]66,011
469536,423584,94,45952,[00^31]30,[00^30]3,c0192,[00^30]1
469632,462432,31,7200,[00^30]8,011
469664,426578,31,43086,[00^30]10,011
469695,436927,32,32768,a0160,[00^30]13,011
469728,436610,31,33118,[00^30]21,011
469759,452735,32,17024,4064,[00^30]25,011
469792,469760,31,32,[00^30]25,011
469824,469537,31,287,[00^30]30,011
469856,424160,31,45696,[00^30]33,011
469888,456786,31,13102,[00^30]34,011
469920,424320,31,45600,[00^30]38,011
469952,453024,62,16928,[00^30]39,6096,[00^30]1
470016,437280,31,32736,[00^30]41,011
470048,470016,31,32,[00^30]41,011
470080,424384,62,45696,[00^30]42,80128,[00^30]1
470143,470111,32,32,80128,[00^30]44,011
470176,437472,31,32704,[00^30]45,011
470207,405247,96,64960,4064,[00^30]49,4064,[00^30]49,a0160,[00^30]50,011
470304,440768,31,29536,[00^30]52,011
470336,405440,62,64896,[00^30]53,6096,[00^30]1
470400,453216,31,17184,[00^30]57,011
470432,453248,31,17184,[00^30]59,011
470463,405663,32,64800,c0192,[00^30]60,011
470496,470464,31,32,[00^30]60,011
470527,441361,32,29166,80128,[00^30]2,011
470559,454687,7,15872,3250,f9249,022,2f47,83131,033,066,011
470566,409862,3,60704,4468,84132,3a58,011
470572,454700,128,15872,83131,044,8d141,9c156,94148,cb203,5686,6e110,3b59,69105,3452,fa250,77119,2537,8d141,68104,ea234,1824,e9233,3149,fa250,75117,e1225,aa170,aa170,80128,b9185,022,044,6c108,4569,9a154,2840,[00^12]56,de222,71113,1218,4f79,7a122,4468,7a122,011,d6214,79121,4569,a5165,1e30,dc220,e9233,ff255,4973,1218,5181,[00^31]128,[00^28]100,fa250,d9217,011
470701,426445,100,44256,[00^30]1,4064,[00^31]132,70112,4367,1622,e5229,[00^31]184,011
470833,426577,32,44256,[00^31]10,011
470865,470801,63,64,b1177,3654,f6246,2638,7a122,fc252,84132,2c44,e3227,099,bd189,3149,0f15,a1161,70112,be190,e1225,c6198,7d125,2e46,6b107,5c92,b0176,f9249,4f79,0e14,a2162,e5229,65101,e1225,3755,0b11,[00^31]1
470928,468107,29,2821,[00^28]130,011
471086,455214,80,15872,1c28,[00^30]130,e7231,088,80128,80128,[00^44]1
471166,470558,7,608,022,3250,f9249,022,2f47,83131,033,011
471174,425702,3,45472,3f63,84132,3a58,011
471177,470569,4,608,7e126,9b155,74116,83131,011
471184,444784,23,26400,94148,a6166,5888,74116,2d45,3351,eb235,d2210,ce206,2f47,0b11,df223,f7247,3553,1521,aa170,79121,7f127,d1209,6197,d9217,80128,b9185,011
471209,444809,35,26400,2537,2f47,7b123,011,[00^31]1
471245,471232,12,13,[00^12]1
471277,468009,30,3268,[00^29]5,011
471309,453777,32,17532,5282,ae174,8c140,96150,c9201,1824,a9169,2b43,4b75,4c76,e1225,70112,5a90,dc220,1824,1a26,f6246,75117,2133,ee238,f0240,cc204,022,79121,3351,0e14,cd205,2436,be190,b3179,099,99153,011
471341,453777,63,17564,5282,ae174,8c140,96150,c9201,1824,a9169,2b43,4b75,4c76,e1225,70112,5a90,dc220,1824,1a26,f6246,75117,2133,ee238,f0240,cc204,022,79121,3351,0e14,cd205,2436,be190,b3179,099,99153,[00^31]1
471404,464857,32,6547,c0192,[00^30]1,011
471437,471423,12,14,[00^12]1
471469,468063,9,3406,[00^7]1,00011
471499,445099,2,26400,00b7183,011
471501,471257,49,244,67103,3f63,80128,099,ad173,5484,94148,5383,65101,be190,1f31,6399,94148,e3227,f0240,1622,fd253,b4180,1319,5d93,[00^29]1
471550,462095,34,9455,00004064,[00^31]1
471585,461914,32,9671,[00^31]20,011
471637,467166,72,4471,[00^43]1,[00^28]1
471713,426849,62,44864,[00^12]130,e7231,088,80128,80128,[00^44]1,011
471779,471171,3,608,83131,033,055,011
471782,426310,3,45472,4064,84132,3a58,011
471785,471177,4,608,7e126,9b155,74116,83131,011
471792,471184,23,608,94148,a6166,5888,74116,2d45,3351,eb235,d2210,ce206,2f47,0b11,df223,f7247,3553,1521,aa170,79121,7f127,d1209,6197,d9217,80128,b9185,011
471817,443849,48,27968,2537,2f47,7b123,011,[00^31]111,[00^12]1
471865,456526,20,15339,80128,8d141,7c124,71113,ad173,2b43,a3163,fa250,5383,1b27,066,8a138,2436,1723,c6198,3149,066,bc188,099,4973,011
471885,456819,32,15066,[00^29]1,4c76,088,011
471917,454385,32,17532,a0160,5585,ce206,004670,3452,4771,93147,b1177,af175,5080,d3211,f1241,3149,89137,ed237,8f143,2739,1e30,5a90,ea234,5181,a4164,a0160,5a90,a0160,91145,77119,6b107,d7215,d3211,f6246,011
471949,454385,63,17564,a0160,5585,ce206,004670,3452,4771,93147,b1177,af175,5080,d3211,f1241,3149,89137,ed237,8f143,2739,1e30,5a90,ea234,5181,a4164,a0160,5a90,a0160,91145,77119,6b107,d7215,d3211,f6246,[00^31]1
472013,471981,31,32,[00^31]1
472045,444077,38,27968,[00^12]77,73115,ad173,b7183,2b43,c3195,dd221,3654,89137,66102,ed237,d0208,f0240,b2178,1420,84132,011,a1161,78120,e2226,[00^6]1
472085,471851,2,234,006f111,011
472107,471499,2,608,00b7183,011
472109,471865,49,244,80128,8d141,7c124,71113,ad173,2b43,a3163,fa250,5383,1b27,066,8a138,2436,1723,c6198,3149,066,bc188,099,4973,[00^29]1
472158,471550,27,608,00004064,[00^24]1
472191,461912,34,10279,[00^33]20,011
472245,471093,74,1152,[00^24]130,e7231,088,80128,80128,[00^44]2,011
472323,471779,3,544,83131,033,055,011
472326,453478,3,18848,4165,84132,3a58,011
472329,471785,4,544,7e126,9b155,74116,83131,011
472336,471184,24,1152,94148,a6166,5888,74116,2d45,3351,eb235,d2210,ce206,2f47,0b11,df223,f7247,3553,1521,aa170,79121,7f127,d1209,6197,d9217,80128,b9185,022,011
472361,443849,97,28512,2537,2f47,7b123,011,[00^31]111,[00^12]69,f1241,a9169,5a90,4d77,3f63,3856,3654,5282,3f63,5c92,83131,67103,3c60,79121,7f127,4d77,4d77,2638,3b59,[00^29]1
472461,454993,32,17468,0b11,f3243,7c124,c3195,2436,a2162,bf191,2840,82130,ec236,9c156,82130,4266,077,fa250,9d157,9f159,cc204,d8216,d6214,fc252,6197,5686,2c44,4468,e2226,e8232,fb251,3c60,0c12,2e46,6197,011
472493,454993,63,17500,0b11,f3243,7c124,c3195,2436,a2162,bf191,2840,82130,ec236,9c156,82130,4266,077,fa250,9d157,9f159,cc204,d8216,d6214,fc252,6197,5686,2c44,4468,e2226,e8232,fb251,3c60,0c12,2e46,6197,[00^31]1
472556,471404,32,1152,c0192,[00^30]1,011
472589,444077,39,28512,[00^12]77,73115,ad173,b7183,2b43,c3195,dd221,3654,89137,66102,ed237,d0208,f0240,b2178,1420,84132,011,a1161,78120,e2226,[00^6]138,011
472629,444117,75,28512,006f111,70112,1a26,95149,70112,7a122,022,90144,ac172,8b139,90144,b3179,71113,9e158,8e142,e5229,b2178,1016,3654,088,83131,00b7183,4569,f1241,a9169,5a90,4d77,3f63,3856,3654,5282,3f63,5c92,83131,67103,3c60,79121,7f127,4d77,4d77,2638,3b59,[00^31]1
472705,445153,119,27552,[00^31]13,[00^31]13,[00^55]1
472824,444344,4,28480,2335,dc220,4e78,fe254,011
472833,459226,63,13607,[00^25]17,c3195,79121,3755,e0224,80128,[00^32]1
472896,459737,64,13159,[00^31]1,[00^32]1
472981,472245,73,736,[00^24]130,e7231,088,80128,80128,[00^44]1
473054,413502,9,59552,077,9e158,022,f9249,077,9a154,82130,e7231,088,011
473069,473064,4,5,84132,3149,055,077,011
473078,413526,22,59552,94148,0c12,ab171,69105,77119,a9169,c7199,0e14,044,4569,8b139,74116,044,76118,b4180,98152,b2178,1420,011,96150,4165,86134,011
473105,413553,12,59552,00b9185,077,68104,a4164,d7215,3048,4165,[00^4]1
473157,464966,20,8191,ee238,ee238,ee238,ee238,ee238,ee238,ee238,ee238,ee238,ee238,ee238,ee238,ee238,ee238,ee238,ee238,ee238,ee238,ee238,ee238,011
473189,413637,20,59552,75117,3856,2638,2a42,e9233,93147,ca202,1117,7a122,0e14,4872,1f31,90144,82130,099,1319,7a122,4670,2638,8e142,011
473268,468478,2,4790,002e46,011
473272,469407,63,3865,4569,[00^31]192,[00^30]1
473338,472813,12,525,[00^11]35,011
473369,413817,12,59552,003250,011,[00^6]200,033,e8232,011
473381,473125,20,256,fe254,95149,2d45,ef239,1c28,0e14,2941,5080,4872,3755,4c76,cd205,0b11,8e142,be190,70112,011,f1241,1218,3e62,011
473401,433166,7,40235,[00^6]172,011
473408,473101,5,307,cd205,d2210,81129,e0224,00011
473413,443577,19,29836,[00^18]18,011
473433,473401,30,32,[00^6]172,cd205,d2210,81129,e0224,[00^19]1
473465,473433,30,32,[00^6]172,cd205,d2210,81129,e0224,[00^19]1
473497,473401,31,96,[00^6]172,cd205,d2210,81129,e0224,[00^19]18,011
473529,473465,31,64,[00^6]172,cd205,d2210,81129,e0224,[00^19]9,011
473561,473529,31,32,[00^6]172,cd205,d2210,81129,e0224,[00^19]9,011
473593,473497,31,96,[00^6]172,cd205,d2210,81129,e0224,[00^19]18,011
473625,473433,31,192,[00^6]172,cd205,d2210,81129,e0224,[00^19]12,011
473657,473561,31,96,[00^6]172,cd205,d2210,81129,e0224,[00^19]9,011
473689,473593,31,96,[00^6]172,cd205,d2210,81129,e0224,[00^19]18,011
473721,473657,31,64,[00^6]172,cd205,d2210,81129,e0224,[00^19]9,011
473753,473625,31,128,[00^6]172,cd205,d2210,81129,e0224,[00^19]12,011
473785,473721,31,64,[00^6]172,cd205,d2210,81129,e0224,[00^19]9,011
473817,473785,30,32,[00^6]172,cd205,d2210,81129,e0224,[00^19]1
473849,473689,31,160,[00^6]172,cd205,d2210,81129,e0224,[00^19]18,011
473881,473849,30,32,[00^6]172,cd205,d2210,81129,e0224,[00^19]1
473913,473849,31,64,[00^6]172,cd205,d2210,81129,e0224,[00^19]18,011
473945,473881,31,64,[00^6]172,cd205,d2210,81129,e0224,[00^19]7,011
473977,473945,31,32,[00^6]172,cd205,d2210,81129,e0224,[00^19]7,011
474009,473817,31,192,[00^6]172,cd205,d2210,81129,e0224,[00^19]13,011
474041,473977,31,64,[00^6]172,cd205,d2210,81129,e0224,[00^19]7,011
474073,474009,31,64,[00^6]172,cd205,d2210,81129,e0224,[00^19]13,011
474105,473913,31,192,[00^6]172,cd205,d2210,81129,e0224,[00^19]18,011
474137,473785,31,352,[00^6]172,cd205,d2210,81129,e0224,[00^19]9,011
474169,474041,31,128,[00^6]172,cd205,d2210,81129,e0224,[00^19]7,011
474201,474105,31,96,[00^6]172,cd205,d2210,81129,e0224,[00^19]18,011
474233,474073,31,160,[00^6]172,cd205,d2210,81129,e0224,[00^19]13,011
474265,474201,31,64,[00^6]172,cd205,d2210,81129,e0224,[00^19]18,011
474297,474137,31,160,[00^6]172,cd205,d2210,81129,e0224,[00^19]9,011
474329,474169,31,160,[00^6]172,cd205,d2210,81129,e0224,[00^19]7,011
474361,474233,31,128,[00^6]172,cd205,d2210,81129,e0224,[00^19]13,011
474393,474297,31,96,[00^6]172,cd205,d2210,81129,e0224,[00^19]9,011
474425,474329,31,96,[00^6]172,cd205,d2210,81129,e0224,[00^19]7,011
474457,474265,31,192,[00^6]172,cd205,d2210,81129,e0224,[00^19]18,011
474489,474425,31,64,[00^6]172,cd205,d2210,81129,e0224,[00^19]7,011
474521,474393,31,128,[00^6]172,cd205,d2210,81129,e0224,[00^19]9,011
474553,474457,31,96,[00^6]172,cd205,d2210,81129,e0224,[00^19]18,011
474585,474361,31,224,[00^6]172,cd205,d2210,81129,e0224,[00^19]13,011
474617,474489,31,128,[00^6]172,cd205,d2210,81129,e0224,[00^19]7,011
474649,474521,31,128,[00^6]172,cd205,d2210,81129,e0224,[00^19]9,011
474681,474649,31,32,[00^6]172,cd205,d2210,81129,e0224,[00^19]9,011
474713,474553,31,160,[00^6]172,cd205,d2210,81129,e0224,[00^19]18,011
474745,474713,31,32,[00^6]172,cd205,d2210,81129,e0224,[00^19]18,011
474777,474617,31,160,[00^6]172,cd205,d2210,81129,e0224,[00^19]7,011
474809,474585,31,224,[00^6]172,cd205,d2210,81129,e0224,[00^19]13,011
474841,474745,31,96,[00^6]172,cd205,d2210,81129,e0224,[00^19]18,011
474873,474809,31,64,[00^6]172,cd205,d2210,81129,e0224,[00^19]13,011
474905,474681,31,224,[00^6]172,cd205,d2210,81129,e0224,[00^19]9,011
474937,474905,30,32,[00^6]172,cd205,d2210,81129,e0224,[00^19]1
474969,474873,31,96,[00^6]172,cd205,d2210,81129,e0224,[00^19]13,011
475001,415449,37,59552,80128,1a26,a9169,b9185,c0192,[00^32]1
475039,410815,3,64224,b4180,022,f9249,011
475043,410819,4,64224,b0176,82130,e7231,088,011
475048,456516,5,18532,84132,3048,d5213,f1241,b3179,011
475053,456516,6,18537,84132,3048,d5213,f1241,b3179,83131,011
475065,453149,2,21916,003351,011
475082,442979,4,32103,9c156,80128,b9185,033,011
475087,460694,67,14393,ac172,96150,5080,d8216,[00^31]32,[00^31]1
475154,440913,64,34241,044,[00^31]128,[00^30]1,011
475218,443083,32,32135,6096,[00^30]2,011
475251,475219,31,32,[00^30]2,011
475283,475155,31,128,[00^31]1
475319,472930,31,2389,[00^30]20,011
475351,458514,28,16837,[00^27]15,011
475383,436835,29,38548,[00^28]28,011
475415,472867,60,2548,[00^60]1
475478,475415,60,63,[00^60]1
475543,475399,13,144,[00^12]28,011
475556,475064,19,492,b6182,003351,f6246,1e30,4f79,c1193,71113,c9201,6399,f0240,d2210,d3211,f6246,3e62,ce206,2436,3149,9c156,011
475575,475319,48,256,[00^30]20,f2242,[00^16]1
475623,457464,16,18159,ff255,ff255,ff255,ff255,ff255,ff255,ff255,ff255,ff255,ff255,ff255,ff255,ff255,ff255,ff255,ff255,011
475639,475607,48,32,[00^16]255,ff255,ff255,ff255,ff255,ff255,ff255,ff255,ff255,ff255,ff255,ff255,ff255,ff255,ff255,ff255,[00^16]1
475687,431239,73,44448,[00^43]68,4973,4064,4b75,7c124,[00^25]1
475760,418367,20,57393,[00^19]22,011
475799,475671,59,128,[00^59]1
475863,430139,63,45724,[00^12]23,6298,1117,86134,9c156,a2162,b5181,68104,f2242,a7167,d4212,ee238,94148,1e30,077,3a58,82130,1e30,e1225,ff255,[00^31]1
475926,475766,61,160,[00^13]22,6f111,fd253,2941,64100,66102,9e158,6197,90144,93147,98152,e9233,71113,81129,2335,fd253,cf207,99153,c3195,c2194,[00^28]1
475988,475896,43,92,[00^43]1
476035,462468,5,13567,82130,e7231,088,0c12,84132,011
476040,475049,9,991,3048,d5213,f1241,b3179,84132,3048,d5213,f1241,b3179,011
476052,415510,21,60542,94148,88136,f0240,87135,ad173,82130,5383,2234,d9217,ec236,3250,6197,71113,2c44,f0240,9a154,5686,e5229,85133,75117,fc252,011
476073,461546,3,14527,80128,b8184,64100,011
476080,476019,12,61,[00^12]1
476092,476053,20,39,88136,f0240,87135,ad173,82130,5383,2234,d9217,ec236,3250,6197,71113,2c44,f0240,9a154,5686,e5229,85133,75117,fc252,011
476112,415641,64,60471,[00^29]36,a1161,a3163,[00^12]24,2f47,87135,2335,b5181,7e126,a3163,ca202,f8248,b3179,1c28,3856,bf191,5585,3856,98152,75117,066,e5229,ad173,011
476177,469299,46,6878,[00^45]4,011
476223,427583,11,48640,1b27,022,f9249,044,1723,82130,e7231,088,099,84132,3048,011
476234,456938,9,19296,c8200,3553,78120,84132,3048,c8200,3553,78120,83131,011
476246,464758,23,11488,94148,1d29,011,88136,c4196,b2178,76118,a0160,93147,66102,d0208,5d93,6b107,e0224,6a106,f6246,1a26,73115,bc188,75117,3553,87135,0d13,011
476275,427635,256,48640,b9185,033,e4228,d3211,1117,5a90,8a138,[00^31]96,[00^30]1,[00^31]1,a0160,[00^31]4,[00^12]23,6298,1117,86134,9c156,a2162,b5181,68104,f2242,a7167,d4212,ee238,94148,1e30,077,3a58,82130,1e30,e1225,ff255,[00^12]204,2234,f6246,aa170,6197,0d13,1b27,2a42,0e14,89137,ef239,2234,80128,79121,cb203,3e62,1824,3149,b1177,d1209,[00^12]226,c6198,7a122,9b155,1521,e9233,e7231,ff255,8a138,9c156,b0176,df223,b8184,fe254,e5229,6096,99153,2335,e5229,db219,ee238,ee238,ee238,ee238,ee238,ee238,ee238,ee238,ee238,ee238,ee238,ee238,ee238,ee238,ee238,ee238,ee238,ee238,ee238,ee238,ee238,ee238,ee238,ee238,ee238,011
476531,427891,256,48640,ee238,ee238,ee238,ee238,ee238,ee238,ee238,[00^31]4,[00^159]2,[00^31]64,[00^25]1
476787,428147,164,48640,[00^5]1,4064,[00^12]226,c6198,7a122,9b155,1521,e9233,e7231,ff255,8a138,9c156,b0176,df223,b8184,fe254,e5229,6096,99153,2335,e5229,db219,[00^31]96,[00^31]224,[00^31]3,[00^29]1
476954,428314,27,48640,022,011,[00^14]255,ff255,ff255,ff255,ff255,ff255,ff255,ff255,ff255,ff255,ff255,011
476986,428346,26,48640,033,[00^24]13,011
477012,476269,6,743,bb187,8c140,87135,70112,3e62,a9169,011
477018,428378,256,48640,[00^32]1,[00^11]226,c6198,7a122,9b155,1521,e9233,e7231,ff255,8a138,9c156,b0176,df223,b8184,fe254,e5229,6096,99153,2335,e5229,db219,[00^31]96,[00^31]192,[00^31]2,011,011,[00^30]2,022,[00^14]127,ff255,ff255,ff255,ff255,ff255,ff255,ff255,ff255,ff255,ff255,ff255,ff255,ff255,ff255,ff255,[00^32]1
477274,428634,37,48640,c0192,[00^35]3,011
477312,475040,3,2272,022,f9249,033,011
477316,458435,5,18881,82130,e7231,088,011,84132,011
477321,476233,10,1088,3048,c8200,3553,78120,84132,3048,c8200,3553,78120,83131,011
477334,476246,21,1088,94148,1d29,011,88136,c4196,b2178,76118,a0160,93147,66102,d0208,5d93,6b107,e0224,6a106,f6246,1a26,73115,bc188,75117,3553,011
477360,473104,3,4256,e0224,00b9185,011
477363,464788,146,12575,033,2436,d3211,1117,5a90,8a138,[00^31]96,[00^31]192,[00^30]1,2032,[00^31]2,[00^12]1
477509,459814,20,17695,7d125,4367,aa170,bc188,5181,5c92,3553,6197,4569,044,92146,2739,ce206,e5229,4b75,6096,83131,4266,c0192,ad173,011
477529,464954,236,12575,ee238,ee238,ee238,ee238,ee238,ee238,ee238,ee238,ee238,ee238,ee238,ee238,ee238,ee238,ee238,ee238,ee238,ee238,ee238,ee238,ee238,ee238,ee238,ee238,ee238,ee238,ee238,ee238,ee238,ee238,ee238,ee238,[00^31]2,[00^95]2,[00^31]64,[00^30]1,2032,[00^12]1
477784,459161,64,18623,2032,[00^31]96,[00^31]1
477848,465273,256,12575,c0192,[00^31]2,00011,[00^14]127,ff255,ff255,ff255,ff255,ff255,ff255,ff255,ff255,ff255,ff255,ff255,ff255,ff255,ff255,ff255,011,022,[00^14]127,ff255,ff255,ff255,ff255,ff255,ff255,ff255,ff255,ff255,ff255,ff255,ff255,ff255,ff255,ff255,[00^32]5,[00^62]96,[00^31]160,[00^31]1
478104,465529,25,12575,011,00011,[00^14]255,ff255,ff255,ff255,ff255,ff255,ff255,ff255,011
478137,447320,70,30817,[00^32]192,[00^37]1
478207,446431,10,31776,72114,022,f8248,6f111,82130,e7231,088,088,84132,3048,011
478217,477322,9,895,c8200,3553,78120,84132,3048,c8200,3553,78120,83131,011
478226,446450,140,31776,011,1c28,4266,94148,1723,6298,1117,86134,9c156,a2162,b5181,68104,f2242,a7167,d4212,ee238,94148,1e30,077,3a58,82130,1e30,e1225,ff255,80128,b8184,4468,099,5e94,a7167,b3179,[00^12]29,011,88136,c4196,b2178,76118,a0160,93147,66102,d0208,5d93,6b107,e0224,6a106,f6246,1a26,73115,bc188,75117,3553,ff255,ff255,ff255,ff255,ff255,ff255,ff255,ff255,ff255,ff255,ff255,ff255,ff255,ff255,ff255,ff255,ff255,ff255,ff255,ff255,ff255,ff255,ff255,ff255,ff255,ff255,ff255,ff255,ff255,ff255,ff255,ff255,c0192,[00^44]1
478368,476224,3,2144,022,f9249,044,011
478372,438084,4,40288,82130,e7231,088,82130,011
478388,467048,2,11340,0083131,011
478422,478009,44,413,[00^31]96,[00^12]1
478466,477541,51,925,ee238,ee238,ee238,ee238,ee238,ee238,ee238,ee238,ee238,ee238,ee238,ee238,ee238,ee238,ee238,ee238,ee238,ee238,ee238,ee238,[00^31]1
478517,476889,62,1628,e0224,[00^31]3,[00^29]1
478579,475121,2,3458,002032,011
478582,478550,31,32,[00^30]32,011
478614,478582,31,32,[00^30]32,011
478646,438229,95,40417,[00^31]5,[00^31]160,[00^30]1,011
478741,455632,32,23109,2032,[00^30]1,011
478774,475219,95,3555,[00^30]2,2032,[00^30]2,a0160,[00^31]1
478935,477978,62,957,[00^62]1
479010,473116,2,5894,000a10,011
479062,478934,64,128,1b27,[00^62]65,011
479190,479062,64,128,1b27,[00^62]65,011
479319,479191,63,128,[00^62]65,011
479446,446355,73,33091,1b27,[00^31]192,[00^40]1
479519,457375,3,22144,6d109,f8248,6b107,011
479522,445900,3,33622,0f15,84132,3048,011
479531,429907,41,49624,92146,94148,1723,6298,1117,86134,9c156,a2162,b5181,68104,f2242,a7167,d4212,ee238,94148,1e30,077,3a58,82130,1e30,e1225,ff255,80128,b8184,4468,099,5e94,a7167,b3179,[00^12]1
479580,461502,2,18078,0092146,011
479592,445800,87,33792,ff255,ff255,ff255,ff255,ff255,ff255,ff255,ff255,ff255,ff255,ff255,ff255,ff255,ff255,ff255,ff255,ff255,ff255,ff255,ff255,ff255,ff255,ff255,ff255,ff255,ff255,ff255,ff255,ff255,ff255,ff255,ff255,82130,e7231,088,80128,80128,[00^49]1,011
479679,462015,8,17664,3351,022,f9249,011,2f47,82130,e7231,088,011
479688,462024,138,17664,84132,2f47,6b107,9a154,70112,84132,2f47,6b107,9a154,7a122,82130,7e126,5484,94148,d1209,a3163,ab171,f4244,2f47,9e158,66102,be190,86134,cf207,de222,a8168,c5197,c2194,c7199,4f79,044,1c28,5e94,1420,80128,b9185,011,044,5b91,7d125,74116,82130,[00^31]64,[00^31]160,[00^31]64,011
479830,419109,3,60721,3048,6298,3957,011
479833,432512,3,47321,3452,6399,3755,011
479841,462267,3,17574,64100,6399,3957,011
479848,458838,4,21010,3957,3957,3856,3654,011
479852,419360,3,60492,6298,3654,66102,011
479863,419334,3,60529,3856,64100,3755,011
479867,460210,3,19657,66102,3250,66102,011
479870,419424,3,60446,6399,3957,3856,011
479885,432650,3,47235,3351,3755,3755,011
479890,463091,33,16799,[00^31]64,6399,011
479932,430552,3,49380,3452,3957,3048,011
479938,430599,3,49339,65101,6197,3856,011
479941,432515,3,47426,64100,6298,3957,011
479945,462259,3,17686,3351,64100,3856,011
479949,460218,3,19731,3149,3755,6399,011
479966,447642,3,32324,3250,3250,6298,011
479971,447644,3,32327,6298,3957,3351,011
479976,462192,4,17784,3149,6298,65101,3553,011
479982,447637,3,32345,3755,3351,3856,011
479987,432147,51,47840,[00^44]114,022,f8248,6f111,82130,e7231,088,011
480038,447046,3,32992,033,84132,2f47,011
480041,462376,10,17665,6b107,9a154,70112,84132,2f47,6b107,9a154,7a122,83131,011,011
480053,417973,88,62080,94148,1723,6298,1117,86134,9c156,a2162,b5181,68104,f2242,a7167,d4212,ee238,94148,1e30,077,3a58,82130,1e30,e1225,ff255,80128,b8184,4468,099,5e94,a7167,b3179,[00^12]3,2b43,2436,1d29,e8232,6a106,86134,6096,f1241,ae174,066,91145,a4164,76118,0b11,4266,6e110,a2162,4670,d7215,[00^28]1
480146,447986,52,32160,[00^45]81,022,f8248,4e78,82130,e7231,088,011
480199,447911,120,32288,84132,2f47,6b107,9a154,70112,84132,2f47,6b107,9a154,7a122,83131,011,0a10,3b59,94148,9d157,ba186,3149,e4228,92146,b7183,e9233,8b139,81129,95149,e2226,5484,ee238,1319,b6182,b0176,2739,e4228,a5165,9d157,80128,a4164,a7167,f6246,87135,92146,76118,6f111,74116,65101,[00^28]192,[00^46]1
480319,480031,19,288,72114,022,f8248,6f111,82130,e7231,088,033,84132,2f47,6b107,9a154,70112,84132,2f47,6b107,9a154,7a122,83131,011
480341,461365,24,18976,94148,009a154,0b11,7c124,3856,b5181,4266,2032,89137,3654,f1241,1723,91145,5181,cd205,088,e2226,94148,3856,3351,80128,b8184,4468,011
480369,470098,13,10271,[00^12]42,011
480401,480291,28,110,[00^28]1
480433,416977,54,63456,c0192,[00^44]1,db219,022,f9249,011,d7215,82130,e7231,088,011
480487,462023,11,18464,0e14,84132,2f47,6b107,9a154,70112,84132,2f47,6b107,9a154,7a122,011
480503,479572,20,931,f8248,2537,3755,fb251,6c108,5686,a3163,b5181,0092146,d3211,95149,1f31,84132,f5245,f6246,c8200,3553,b4180,f5245,011
480529,431569,40,48960,80128,00b9185,011,a4164,5a90,e4228,011,dc220,[00^28]100,fa250,86134,011
480570,431610,176,48960,[00^31]64,[00^31]1,[00^31]32,[00^31]228,044,e4228,5a90,af175,[00^12]229,d7215,c2194,a4164,4f79,fd253,df223,6b107,2941,5a90,1521,c1193,4872,1622,7d125,aa170,af175,5c92,f3243,4f79,[00^12]1
480766,460926,44,19840,[00^30]9,c4196,[00^12]1
480830,470341,26,10489,[00^25]53,011
480856,480525,6,331,4a74,6b107,a7167,a1161,80128,00011
480862,478343,24,2519,[00^23]4,011
480894,417438,103,63456,[00^60]192,[00^36]48,022,ee238,82130,e7231,088,011
480998,462374,88,18624,84132,2f47,6b107,9a154,70112,84132,2f47,6b107,9a154,7a122,83131,011,0b11,3654,94148,cc204,e9233,d3211,f3243,92146,c1193,3553,dc220,033,8b139,1420,7c124,a7167,3e62,c4196,96150,f7247,f8248,9d157,93147,80128,84132,1824,3f63,f0240,85133,c0192,[00^46]1
481086,480990,7,96,003048,022,ee238,82130,e7231,088,011
481093,418470,3,62623,0d13,84132,2f47,011
481098,475537,2,5561,0084132,011
481100,481095,3,5,2f47,5181,90144,011
481104,481008,78,96,83131,011,0b11,3654,94148,cc204,e9233,d3211,f3243,92146,c1193,3553,dc220,033,8b139,1420,7c124,a7167,3e62,c4196,96150,f7247,f8248,9d157,93147,80128,84132,1824,3f63,f0240,85133,c0192,[00^46]1
481184,477312,3,3872,022,f9249,033,011
481188,481090,3,98,82130,e7231,088,011
481192,462472,11,18720,84132,2e46,0a10,ef239,7a122,84132,2e46,0a10,ef239,81129,83131,011
481206,458966,21,22240,94148,80128,e3227,82130,91145,e0224,6399,3957,d1209,0a10,ab171,4872,3c60,65101,69105,5d93,004d77,bd189,5c92,69105,011
481227,475083,3,6144,80128,b9185,033,011
481230,458997,62,22233,a4164,2c44,c4196,088,1e30,[00^31]96,[00^25]1
481299,459066,31,22233,[00^28]100,fa250,b4180,011
481331,459098,108,22233,[00^31]1,[00^31]32,[00^31]96,[00^12]1
481439,441925,43,39514,7d125,4367,aa170,bc188,5181,5c92,3553,6197,4569,044,92146,2739,ce206,e5229,4b75,6096,83131,4266,c0192,ad173,[00^23]1
481491,459258,108,22233,[00^31]2,[00^31]64,[00^30]1,6096,[00^12]1
481619,459674,172,21945,[00^31]128,[00^62]1,[00^32]96,[00^12]125,4367,aa170,bc188,5181,5c92,3553,6197,4569,044,92146,2739,ce206,e5229,4b75,6096,83131,4266,c0192,ad173,[00^12]1
481791,437978,20,43813,5e94,c5197,b1177,e9233,b1177,bd189,5181,98152,3452,3a58,bb187,6e110,5585,fb251,69105,5d93,2f47,7b123,b3179,088,011
481811,477612,76,4199,[00^76]1
481887,481791,51,96,5e94,c5197,b1177,e9233,b1177,bd189,5181,98152,3452,3a58,bb187,6e110,5585,fb251,69105,5d93,2f47,7b123,b3179,088,[00^31]1
481938,481650,109,288,80128,[00^62]1,[00^32]96,[00^12]1
482047,476422,32,5625,1723,6298,1117,86134,9c156,a2162,b5181,68104,f2242,a7167,d4212,ee238,94148,1e30,077,3a58,82130,1e30,e1225,ff255,[00^12]1
482099,481970,64,129,[00^31]1,[00^32]1
482163,464595,50,17568,c0192,[00^43]49,022,ef239,82130,e7231,088,011
482214,448518,14,33696,84132,2d45,f4244,2638,d1209,84132,2d45,f4244,2638,d8216,82130,5282,088,94148,011
482244,482206,1,38,00011
482248,448552,108,33696,86134,2e46,6298,5c92,e2226,3048,0080128,c0192,[00^45]1,0d13,f9249,011,0a10,011,84132,2a42,ea234,5484,0082130,9d157,78120,94148,088,72114,ec236,4468,2638,1016,3452,82130,a5165,0f15,2638,ff255,c3195,2a42,ce206,fc252,ec236,6197,b3179,c9201,80128,b8184,e4228,f2242,4266,4367,2a42,[00^12]1
482356,469108,20,13248,8c140,3351,5a90,b1177,7c124,0f15,b9185,bc188,0a10,84132,066,5282,b7183,5b91,b8184,9a154,ac172,fc252,a9169,b3179,011
482376,448680,256,33696,[00^12]174,c3195,ca202,ce206,f9249,4569,7f127,f2242,82130,1d29,9f159,85133,4266,9c156,e3227,d9217,0b11,001420,5989,[00^31]5,[00^31]1,[00^31]160,[00^64]130,e7231,088,80128,80128,[00^49]1,0d13,f9249,011,0a10,011,84132,2a42,ea234,5484,011
482632,448936,44,33696,0082130,9d157,78120,94148,088,72114,ec236,4468,2638,1016,3452,82130,a5165,0f15,2638,ff255,c3195,2a42,ce206,fc252,ec236,6197,b3179,c9201,80128,b8184,e4228,f2242,4266,4367,2a42,[00^12]1
482676,469148,20,13528,a5165,ad173,5585,e8232,077,c7199,b6182,4670,0e14,cb203,6c108,b3179,e1225,d8216,5c92,9a154,2f47,2b43,c6198,7c124,011
482696,482376,256,320,[00^12]174,c3195,ca202,ce206,f9249,4569,7f127,f2242,82130,1d29,9f159,85133,4266,9c156,e3227,d9217,0b11,001420,5989,[00^31]5,[00^31]1,[00^31]160,[00^64]130,e7231,088,80128,80128,[00^49]1,0d13,f9249,011,0a10,011,84132,2a42,ea234,5484,011
482952,482632,44,320,0082130,9d157,78120,94148,088,72114,ec236,4468,2638,1016,3452,82130,a5165,0f15,2638,ff255,c3195,2a42,ce206,fc252,ec236,6197,b3179,c9201,80128,b8184,e4228,f2242,4266,4367,2a42,[00^12]1
482996,469128,20,13868,5f95,4c76,ea234,97151,9e158,2032,9d157,5787,4f79,c2194,4367,8a138,044,de222,e1225,7e126,3755,e4228,a1161,7c124,011
483016,434600,256,48416,[00^12]174,c3195,ca202,ce206,f9249,4569,7f127,f2242,82130,1d29,9f159,85133,4266,9c156,e3227,d9217,0b11,001420,5989,[00^31]5,[00^31]1,[00^31]160,[00^64]130,e7231,088,80128,80128,[00^49]1,ef239,f9249,011,ec236,80128,84132,2a42,ea234,5484,011
483272,434856,225,48416,0083131,011,5f95,90144,94148,088,72114,ec236,4468,2638,1016,3452,82130,a5165,0f15,2638,ff255,c3195,2a42,ce206,fc252,ec236,6197,b3179,c9201,80128,b9185,011,c4196,d4212,df223,d6214,bc188,[00^127]1,[00^31]1,[00^28]101,1420,1723,011
483498,467274,160,16224,[00^63]5,[00^62]1,4064,[00^31]65,011
483722,449706,256,34016,1b27,[00^31]130,e7231,088,80128,80128,[00^47]1,ef239,f9249,011,ec236,80128,84132,2a42,ea234,5484,0083131,011,5f95,90144,94148,088,72114,ec236,4468,2638,1016,3452,82130,a5165,0f15,2638,ff255,c3195,2a42,ce206,fc252,ec236,6197,b3179,c9201,80128,b9185,011,c4196,d4212,df223,d6214,bc188,[00^127]1,011
483978,449962,62,34016,[00^31]1,[00^28]101,1420,011
484042,483498,160,544,[00^63]5,[00^62]1,4064,[00^31]65,011
484266,466954,256,17312,1c28,[00^31]130,e7231,088,80128,80128,[00^47]1,ef239,f9249,011,ec236,80128,84132,2a42,ea234,5484,0083131,011,5f95,90144,94148,088,72114,ec236,4468,2638,1016,3452,82130,a5165,0f15,2638,ff255,c3195,2a42,ce206,fc252,ec236,6197,b3179,c9201,80128,b9185,011,c4196,d4212,df223,d6214,bc188,[00^127]1,011
484522,467210,62,17312,[00^31]1,[00^28]101,1420,011
484586,484042,160,544,[00^63]5,[00^62]1,4064,[00^31]65,011
484810,483722,84,1088,1b27,[00^31]130,e7231,088,80128,80128,[00^47]1
484894,435390,13,49504,002c44,eb235,5181,84132,2a42,ea234,5484,0082130,5282,088,94148,011
484927,468319,76,16608,86134,5a90,f3243,1016,7a122,4064,0080128,82130,e7231,088,80128,80128,[00^51]44,eb235,5282,84132,2a42,ea234,5484,0082130,5282,088,94148,011
485023,421919,77,63104,86134,5a90,f3243,1016,7a122,4064,0080128,82130,e7231,088,80128,80128,[00^50]1,ef239,f9249,011,ec236,80128,84132,2a42,ea234,5484,0083131,011,5989,011
485100,450668,221,34432,1c28,94148,088,72114,ec236,4468,2638,1016,3452,82130,a5165,0f15,2638,ff255,c3195,2a42,ce206,fc252,ec236,6197,b3179,c9201,80128,b9185,011,c4196,d4212,df223,d6214,bc188,[00^127]1,[00^31]1,[00^28]101,2234,1218,011
485322,484586,160,736,[00^63]5,[00^62]1,4064,[00^31]65,011
485546,484810,85,736,1b27,[00^31]130,e7231,088,80128,80128,[00^48]1
485631,435967,33,49664,[00^31]2,5888,011
485664,468648,20,17016,b8184,ff255,87135,7e126,d7215,8b139,a5165,2032,ec236,e2226,1b27,1d29,e7231,84132,3a58,8a138,5787,ca202,4771,cb203,011
485684,451600,40,34084,e9233,3654,85133,f3243,bb187,a0160,3048,1622,f0240,2b43,d1209,82130,8b139,ad173,d6214,1925,5989,88136,d9217,5080,e9233,3654,85133,f3243,bb187,a0160,3048,1622,f0240,2b43,d1209,82130,8b139,ad173,d6214,1925,5989,88136,d9217,5080,011
485724,485704,20,20,e9233,3654,85133,f3243,bb187,a0160,3048,1622,f0240,2b43,d1209,82130,8b139,ad173,d6214,1925,5989,88136,d9217,5080,011
485744,473145,8,12599,a1161,088,8d141,80128,73115,cd205,95149,f5245,011
485752,473177,12,12575,3048,b1177,aa170,fe254,71113,c9201,9d157,a6166,099,044,f6246,3452,011
485764,475939,20,9825,1622,6f111,fd253,2941,64100,66102,9e158,6197,90144,93147,98152,e9233,71113,81129,2335,fd253,cf207,99153,c3195,c2194,011
485784,476156,20,9628,1824,2f47,87135,2335,b5181,7e126,a3163,ca202,f8248,b3179,1c28,3856,bf191,5585,3856,98152,75117,066,e5229,ad173,011
485804,451680,20,34124,3149,76118,7c124,bd189,94148,b0176,d2210,f5245,b4180,de222,b1177,7a122,b1177,74116,4b75,f1241,a5165,7f127,ff255,011,011
485824,422720,20,63104,6298,3250,e7231,8d141,5484,c4196,84132,5c92,97151,7f127,c9201,e1225,1d29,7e126,6197,c5197,3149,6d109,1218,d1209,011
485924,436220,20,49704,5989,67103,5888,cb203,bf191,0b11,1117,8d141,a1161,3b59,cf207,95149,a6166,9e158,ed237,055,0a10,b9185,7a122,0d13,011
485964,451800,20,34164,4266,6096,1117,70112,d8216,cb203,2840,5282,2638,71113,97151,9b155,d8216,9a154,70112,8b139,93147,ac172,1117,b1177,011
485984,480810,20,5174,f9249,89137,d7215,74116,bc188,a0160,fe254,1218,6399,f0240,2335,a3163,3755,4771,6298,a4164,2638,6298,cc204,e5229,011
486044,482079,20,3965,2c44,99153,4771,b1177,65101,e0224,c7199,1824,a3163,cb203,f7247,d3211,9e158,8e142,80128,d7215,9c156,c9201,f5245,d9217,011
486064,469048,20,17016,b7183,e5229,4670,2a42,f1241,0b11,5383,86134,ff255,a9169,73115,f7247,a0160,f3243,a5165,1f31,5b91,3755,c2194,1016,011
486084,482356,20,3728,8c140,3351,5a90,b1177,7c124,0f15,b9185,bc188,0a10,84132,066,5282,b7183,5b91,b8184,9a154,ac172,fc252,a9169,b3179,011
486104,482676,20,3428,a5165,ad173,5585,e8232,077,c7199,b6182,4670,0e14,cb203,6c108,b3179,e1225,d8216,5c92,9a154,2f47,2b43,c6198,7c124,011
486124,482996,20,3128,5f95,4c76,ea234,97151,9e158,2032,9d157,5787,4f79,c2194,4367,8a138,044,de222,e1225,7e126,3755,e4228,a1161,7c124,011
486144,468299,20,17845,1521,3a58,5686,2d45,f4244,75117,9d157,3654,c1193,78120,c9201,c6198,91145,2b43,91145,90144,6d109,c0192,96150,0c12,011
486164,468395,20,17769,bd189,8e142,af175,4e78,71113,d5213,f4244,2c44,a3163,6399,1925,3b59,a1161,b4180,db219,4d77,6096,3957,1521,8e142,011
486184,468203,20,17981,9c156,b4180,1c28,3553,022,033,ac172,1016,8c140,e2226,8b139,ee238,67103,89137,011,4569,4569,ce206,f4244,77119,011
486204,436560,20,49644,f6246,f8248,b5181,bc188,022,1f31,f6246,7a122,99153,3250,3452,64100,4771,dd221,7e126,78120,aa170,67103,4266,2436,011
486224,436520,20,49704,9d157,ba186,d4212,2032,96150,3e62,5383,77119,5a90,5181,ea234,9a154,ad173,4a74,fa250,3a58,f6246,e5229,d7215,5383,011
486244,468493,20,17751,fd253,2f47,81129,82130,ea234,6c108,5181,077,b8184,1622,68104,1218,b4180,ce206,4973,cd205,95149,9a154,84132,a6166,011
486264,423192,134,63072,[00^71]4,[00^31]128,[00^30]1
486400,475445,31,10955,[00^30]105,011
486431,447168,32,39263,[00^31]153,011
486496,481299,30,5197,[00^28]100,fa250,011
486528,482132,62,4396,[00^31]192,[00^30]1
486591,424351,64,62240,4064,[00^30]40,6096,[00^30]42,011
486656,486528,31,128,[00^31]1
486688,462643,62,24045,[00^30]3,a0160,[00^30]1
486751,440977,32,45774,4064,[00^30]4,011
486783,462674,32,24109,a0160,[00^30]5,011
486815,486656,31,159,[00^31]1
486847,486815,32,32,[00^31]6,011
486880,423680,62,63200,[00^30]8,[00^31]1
486944,480766,31,6178,[00^30]9,011
486976,452448,31,34528,[00^30]11,011
487008,452480,31,34528,[00^30]12,011
487040,472738,31,14302,[00^30]13,011
487072,423776,31,63296,[00^30]14,011
487104,452512,62,34592,[00^30]15,[00^31]1
487166,452606,33,34560,1117,c0192,[00^30]19,011
487200,423904,62,63296,[00^30]23,c0192,[00^30]1
487264,487232,31,32,[00^30]26,011
487296,436992,31,50304,[00^30]27,011
487328,486657,31,671,[00^30]29,011
487360,424064,62,63296,[00^30]30,6096,[00^30]1
487424,469856,62,17568,[00^30]33,a0160,[00^30]1
487488,452928,31,34560,[00^30]36,011
487520,487488,31,32,[00^30]36,011
487552,487520,31,32,[00^30]36,011
487584,437120,62,50464,[00^30]37,4064,[00^30]1
487646,479518,4,8128,006d109,f8248,6b107,011
487651,445731,7,41920,84132,3553,a4164,e9233,0083131,011,011
487661,443512,20,44149,eb235,4670,6399,4266,c4196,d4212,4973,bc188,9f159,5383,a8168,65101,d5213,cb203,90144,5888,6f111,4064,5282,1521,011
487681,480074,19,7607,80128,b8184,4468,099,5e94,a7167,b3179,[00^12]1
487700,426926,20,60774,3250,2840,d2210,055,a9169,64100,099,a0160,7a122,4468,d3211,99153,1622,b6182,ea234,7b123,76118,5d93,6197,f4244,011
487720,479592,86,8128,ff255,ff255,ff255,ff255,ff255,ff255,ff255,ff255,ff255,ff255,ff255,ff255,ff255,ff255,ff255,ff255,ff255,ff255,ff255,ff255,ff255,ff255,ff255,ff255,ff255,ff255,ff255,ff255,ff255,ff255,ff255,ff255,82130,e7231,088,80128,80128,[00^49]1
487806,486653,2,1153,002a42,011
487839,481129,6,6710,80128,84132,1824,3f63,f0240,85133,011
487845,485578,58,2267,82130,e7231,088,80128,80128,[00^53]1
487903,468479,3,19424,2e46,ed237,82130,011
487908,473069,3,14839,84132,3149,055,011
487944,485030,55,2914,80128,82130,e7231,088,80128,80128,[00^49]1
488003,481188,5,6815,82130,e7231,088,066,84132,011
488012,488007,4,5,84132,2f47,91145,2e46,011
488049,475863,61,12186,[00^12]23,6298,1117,86134,9c156,a2162,b5181,68104,f2242,a7167,d4212,ee238,94148,1e30,077,3a58,82130,1e30,e1225,ff255,[00^29]1
488113,488098,12,15,[00^12]1
488145,485226,64,2919,[00^31]1,[00^31]1,011
488209,446993,53,41216,c0192,[00^45]113,022,f8248,6e110,82130,e7231,088,011
488267,488011,3,256,8b139,84132,2f47,011
488273,429905,43,58368,82130,eb235,92146,94148,1723,6298,1117,86134,9c156,a2162,b5181,68104,f2242,a7167,d4212,ee238,94148,1e30,077,3a58,82130,1e30,e1225,ff255,80128,b8184,4468,099,5e94,a7167,b3179,[00^12]1
488316,447100,48,41216,68104,5c92,ea234,022,c4196,a8168,ba186,4d77,6298,79121,e8232,82130,bd189,d9217,011,2941,c1193,2638,7c124,d0208,[00^28]1
488368,458544,55,29824,c0192,[00^45]1,3351,022,f9249,011,2f47,82130,e7231,088,011
488424,488263,11,161,84132,2f47,90144,c0192,8b139,84132,2f47,90144,c0192,95149,82130,011
488435,459987,128,28448,7e126,5484,94148,d1209,a3163,ab171,f4244,2f47,9e158,66102,be190,86134,cf207,de222,a8168,c5197,c2194,c7199,4f79,044,1c28,5e94,1420,80128,b9185,011,044,5b91,7d125,74116,82130,[00^31]64,[00^31]160,[00^31]64,3048,011
488567,432637,3,55930,3654,6399,3452,011
488571,447557,3,41014,3553,3149,3654,011
488575,447640,3,40935,6399,3351,3250,011
488580,430677,3,57903,6197,3856,66102,011
488598,462202,3,26396,65101,3856,6197,011
488607,430570,4,58037,3957,6298,66102,3553,011
488612,479831,3,8781,6298,3957,3452,011
488615,462167,3,26448,3452,64100,3654,011
488622,448414,3,40208,3553,3048,3351,011
488626,448275,33,40351,[00^31]64,65101,011
488660,458875,3,29785,3654,3048,66102,011
488663,447584,3,41079,66102,3452,3452,011
488674,448407,4,40267,65101,3351,3250,66102,011
488682,460139,3,28543,3654,3351,3755,011
488690,479966,3,8724,3250,3250,6298,011
488697,479953,3,8744,3149,3149,6197,011
488709,430691,3,58018,3149,66102,3149,011
488717,479964,3,8753,3553,66102,3250,011
488722,446898,51,41824,c0192,[00^44]50,022,f0240,82130,e7231,088,011
488773,488262,12,511,1824,84132,2f47,90144,c0192,8b139,84132,2f47,90144,c0192,95149,82130,011
488785,485000,3,3785,5282,088,94148,011
488803,488766,1,37,00011
488815,482254,47,6561,0080128,c0192,[00^44]1
488862,488414,9,448,011,3351,022,f9249,011,2f47,82130,e7231,088,011
488871,460647,3,28224,044,84132,2f47,011
488874,488426,136,448,90144,c0192,8b139,84132,2f47,90144,c0192,95149,82130,7e126,5484,94148,d1209,a3163,ab171,f4244,2f47,9e158,66102,be190,86134,cf207,de222,a8168,c5197,c2194,c7199,4f79,044,1c28,5e94,1420,80128,b9185,011,044,5b91,7d125,74116,82130,[00^31]64,[00^31]160,[00^31]64,011
489010,479877,4,9133,3553,6197,3149,3149,011
489014,462214,3,26800,6298,65101,3856,011
489018,432641,3,56377,3149,3452,3250,011
489021,479840,3,9181,3856,64100,6399,011
489024,479934,3,9090,3048,3856,6399,011
489036,462310,3,26726,3351,3553,6197,011
489042,489015,3,27,65101,3856,6399,011
489046,488710,3,336,66102,3149,3048,011
489053,489024,3,29,3048,3856,6399,011
489056,447552,4,41504,3452,6399,3553,3755,011
489060,448451,3,40609,6298,6399,3755,011
489063,462302,3,26761,64100,3250,6298,011
489074,448371,34,40703,[00^31]64,3452,3250,011
489111,462207,3,26904,6197,3553,3351,011
489114,462303,3,26811,3250,6298,3553,011
489117,460129,3,28988,6298,6197,3755,011
489126,479939,3,9187,6197,3856,64100,011
489130,460150,3,28980,3755,65101,3452,011
489133,488689,3,444,6399,3250,3250,011
489137,488610,3,527,3553,3856,6298,011
489142,432533,3,56609,3250,3452,3149,011
489147,462283,3,26864,6298,6399,3250,011
489155,489139,3,16,6298,3048,3755,011
489158,479864,3,9294,64100,3755,65101,011
489161,462273,3,26888,6399,6197,66102,011
489170,460274,45,28896,c0192,[00^43]1,011
489215,446591,11,42624,3351,022,f9249,011,2f47,82130,e7231,088,099,84132,2f47,011
489226,488874,136,352,90144,c0192,8b139,84132,2f47,90144,c0192,95149,82130,7e126,5484,94148,d1209,a3163,ab171,f4244,2f47,9e158,66102,be190,86134,cf207,de222,a8168,c5197,c2194,c7199,4f79,044,1c28,5e94,1420,80128,b9185,011,044,5b91,7d125,74116,82130,[00^31]64,[00^31]160,[00^31]64,011
489362,488658,64,704,65101,3452,3654,3048,66102,66102,3452,3452,3351,6399,3149,3957,3250,3149,3452,64100,65101,3351,3250,66102,64100,66102,6399,3351,3654,3351,3755,3856,3048,3856,3957,6399,3250,3250,6298,6298,3755,66102,3048,3149,3149,6197,6399,3048,65101,3048,65101,64100,6197,66102,3755,3149,66102,3149,3048,3957,6298,3957,6197,3553,66102,3250,64100,3553,011
489426,488530,96,896,[00^31]64,3048,6197,3957,3856,3553,3654,6399,3452,6298,3553,3149,3654,3755,6399,3351,3250,3654,3351,6197,3856,66102,3351,3755,3957,64100,3755,66102,6197,66102,3553,6298,3856,3250,66102,65101,3755,65101,3856,6197,6399,3351,66102,3856,3856,3553,3957,6298,66102,3553,3856,6298,3957,3452,3452,64100,3654,6298,3250,65101,6298,3553,3048,3351,3149,011
489522,489170,192,352,c0192,[00^43]1,3351,022,f9249,011,2f47,82130,e7231,088,099,84132,2f47,90144,c0192,8b139,84132,2f47,90144,c0192,95149,82130,7e126,5484,94148,d1209,a3163,ab171,f4244,2f47,9e158,66102,be190,86134,cf207,de222,a8168,c5197,c2194,c7199,4f79,044,1c28,5e94,1420,80128,b9185,011,044,5b91,7d125,74116,82130,[00^31]64,[00^31]160,[00^31]64,011
489714,448450,3,41264,6298,6298,6399,011
489717,430562,3,59155,3149,3452,3351,011
489723,479851,3,9872,3654,6298,3654,011
489729,447676,3,42053,3149,3654,3654,011
489732,489154,3,578,3048,6298,3048,011
489740,430694,3,59046,3351,3048,3856,011
489743,489417,4,326,3957,6298,3957,6197,011
489750,448418,4,41332,3856,3149,3351,3250,011
489755,448435,3,41320,3957,3149,3048,011
489761,489070,3,691,3351,66102,3351,011
489764,458836,4,30928,3654,3351,3957,3957,011
489770,447683,3,42087,3351,3149,6399,011
489775,462204,3,27571,6197,3250,3351,011
489778,489330,33,448,[00^31]64,65101,011
489821,462269,3,27552,3957,3755,3553,011
489824,462183,3,27641,6298,3149,3048,011
489828,458858,4,30970,3957,3856,6197,3553,011
489836,430568,3,59268,3553,6298,3957,011
489841,464166,3,25675,3553,3755,3250,011
489845,432507,3,57338,64100,6197,3856,011
489848,489033,3,815,3957,65101,3856,011
489851,458890,4,30961,6298,3149,3957,65101,011
489859,479929,3,9930,3553,6298,3654,011
489863,448352,3,41511,66102,6197,3452,011
489866,489761,3,105,3351,66102,3351,011
489871,432635,3,57236,64100,3149,3654,011
489875,488211,51,1664,[00^44]113,022,f8248,6e110,82130,e7231,088,011
489926,488871,12,1055,044,84132,2f47,90144,c0192,8b139,84132,2f47,90144,c0192,95149,82130,011
489938,447058,42,42880,eb235,86134,94148,1723,6298,1117,86134,9c156,a2162,b5181,68104,f2242,a7167,d4212,ee238,94148,1e30,077,3a58,82130,1e30,e1225,ff255,80128,b8184,4468,099,5e94,a7167,b3179,[00^12]1
489980,431543,20,58437,67103,8a138,a4164,bf191,4e78,2133,0c12,f2242,1622,67103,5383,e0224,5484,d5213,b7183,c3195,1c28,c7199,fa250,86134,011
490000,431127,32,58873,[00^29]15,1016,a9169,011
490032,488368,47,1664,c0192,[00^45]1,011
490079,460319,11,29760,1a26,022,f9249,011,1622,82130,e7231,088,80128,84132,2f47,011
490090,489929,8,161,90144,c0192,8b139,84132,2f47,90144,c0192,95149,011
490102,460342,22,29760,94148,87135,3149,d5213,4e78,9d157,022,c2194,86134,76118,7d125,5686,ac172,033,e8232,033,7c124,077,e0224,1e30,98152,87135,011
490131,461748,37,28383,b8184,e4228,1117,1420,cd205,2a42,[00^31]1
490169,487570,13,2599,[00^12]36,011
490201,489650,57,551,[00^31]160,[00^25]1
490264,490206,26,58,[00^26]1
490296,472928,33,17368,[00^32]20,011
490329,490181,32,148,2436,0f15,5888,6298,1f31,cb203,5181,0f15,d9217,6c108,5888,98152,3e62,93147,2335,4569,2537,d1209,2c44,e7231,[00^12]1
490362,490041,37,321,[00^37]1
490403,458435,6,31968,82130,e7231,088,011,84132,2f47,011
490409,490090,9,319,90144,c0192,8b139,84132,2f47,90144,c0192,95149,83131,011
490421,480341,21,10080,94148,009a154,0b11,7c124,3856,b5181,4266,2032,89137,3654,f1241,1723,91145,5181,cd205,088,e2226,94148,3856,3351,011
490448,447793,64,42655,0000b8184,4468,f2242,b9185,fd253,b8184,[00^12]199,d8216,4872,9d157,ae174,3d61,2e46,be190,f0240,75117,b1177,db219,2234,5787,e2226,c2194,3149,c9201,d2210,3149,[00^24]1
490512,474806,2,15706,00077,011
490514,490444,6,70,1a26,fd253,4973,8d141,0000011
490521,485625,38,4896,[00^37]2,011
490560,460640,3,29920,022,f9249,022,011
490564,489923,6,641,82130,e7231,088,044,84132,2f47,011
490570,447209,9,43361,8d141,e9233,66102,84132,2f47,8d141,e9233,6f111,83131,011
490582,481206,23,9376,94148,80128,e3227,82130,91145,e0224,6399,3957,d1209,0a10,ab171,4872,3c60,65101,69105,5d93,004d77,bd189,5c92,69105,80128,b9185,011
490607,481231,61,9376,2c44,c4196,088,1e30,[00^31]96,[00^25]1
490675,486496,30,4179,[00^28]100,fa250,011
490707,481331,151,9376,[00^31]1,[00^31]32,[00^31]96,[00^12]125,4367,aa170,bc188,5181,5c92,3553,6197,4569,044,92146,2739,ce206,e5229,4b75,6096,83131,4266,c0192,ad173,[00^23]1
490858,475557,2,15301,003351,011
490866,432112,33,58754,4367,[00^31]1,011
490899,490739,44,160,[00^31]32,[00^12]1
490943,459366,160,31577,7f127,72114,e0224,d8216,e9233,ab171,f9249,1319,3a58,92146,3250,2b43,8b139,5080,bd189,8e142,0f15,9d157,cf207,cb203,[00^31]128,[00^62]1,[00^32]96,[00^12]1
491103,490815,32,288,7d125,4367,aa170,bc188,5181,5c92,3553,6197,4569,044,92146,2739,ce206,e5229,4b75,6096,83131,4266,c0192,ad173,[00^12]1
491155,482099,107,9056,[00^31]1,[00^32]192,[00^42]1
491262,445886,9,45376,011,f4244,022,f9249,011,f0240,82130,e7231,088,011
491271,461510,3,29761,088,84132,2f47,011
491274,490570,10,704,8d141,e9233,66102,84132,2f47,8d141,e9233,6f111,83131,022,011
491286,485101,219,6185,94148,088,72114,ec236,4468,2638,1016,3452,82130,a5165,0f15,2638,ff255,c3195,2a42,ce206,fc252,ec236,6197,b3179,c9201,80128,b9185,011,c4196,d4212,df223,d6214,bc188,[00^127]1,[00^31]1,[00^28]101,2234,011
491507,485322,160,6185,[00^63]5,[00^62]1,4064,[00^31]65,011
491731,446355,75,45376,1b27,[00^31]192,[00^42]1
491808,481184,3,10624,022,f9249,033,011
491812,458435,14,33377,82130,e7231,088,011,84132,2f47,8d141,e9233,66102,84132,2f47,8d141,e9233,6f111,011
491859,475084,3,16775,b9185,033,84132,011
491866,441690,13,50176,[00^12]118,011
491897,440817,32,51080,5383,[00^30]1,011
491929,491602,32,327,[00^31]1,011
491961,463570,45,28391,6096,[00^30]1,a0160,[00^12]1
492026,477626,94,14400,[00^62]2,[00^31]1
492121,460729,64,31392,2032,[00^31]2,[00^31]1
492186,492154,31,32,[00^31]1
492218,490297,32,1921,[00^31]20,011
492250,491878,50,372,76118,87135,1016,eb235,055,4f79,2739,8b139,2d45,78120,70112,4266,d1209,3a58,f6246,3856,9f159,80128,b9185,5383,[00^30]1
492300,492140,42,160,[00^13]2,[00^28]1
492346,492314,31,32,[00^28]1,7d125,87135,011
492378,481491,94,10887,[00^31]2,[00^31]64,[00^30]1
492472,489680,33,2792,00a0160,[00^31]1
492505,456816,32,35689,2234,00011,[00^29]1
492537,471306,3,21231,055,5787,3048,011
492540,492027,61,513,[00^61]1
492601,492505,96,96,2234,00011,[00^29]5,5787,3048,[00^61]1
492698,490142,27,2556,[00^26]110,011
492730,492698,26,32,[00^26]1
492763,430715,44,62048,[00^35]2,74116,022,f9249,022,70112,82130,e7231,088,011
492808,447207,12,45601,84132,2f47,8d141,e9233,66102,84132,2f47,8d141,e9233,6f111,83131,033,011
492822,430774,60,62048,94148,67103,8a138,a4164,bf191,4e78,2133,0c12,f2242,1622,67103,5383,e0224,5484,d5213,b7183,c3195,1c28,c7199,fa250,86134,80128,b9185,022,4468,5a90,e4228,011,dc220,[00^28]100,fa250,86134,011
492883,430835,256,62048,[00^31]64,[00^31]2,[00^31]64,[00^30]1,6096,[00^31]228,044,e4228,5a90,af175,[00^12]23,6298,1117,86134,9c156,a2162,b5181,68104,f2242,a7167,d4212,ee238,94148,1e30,077,3a58,82130,1e30,e1225,ff255,[00^12]229,d7215,c2194,a4164,4f79,fd253,df223,6b107,2941,5a90,1521,c1193,4872,1622,7d125,aa170,af175,5c92,f3243,4f79,[00^28]1
493139,431091,2,62048,0000011
493143,492915,60,228,[00^31]2,[00^28]1
493207,493178,25,29,[00^25]1
493239,431191,121,62048,[00^91]68,4973,4064,4b75,7c124,[00^25]1
493360,493232,19,128,b7183,5e94,1723,f3243,dd221,f8248,ff255,[00^12]1
493399,482135,78,11264,[00^28]192,[00^43]49,022,ef239,82130,e7231,088,011
493479,431430,88,62049,84132,2f47,8d141,e9233,66102,84132,2f47,8d141,e9233,6f111,83131,011,0b11,3654,94148,cc204,e9233,d3211,f3243,92146,c1193,3553,dc220,033,8b139,1420,7c124,a7167,3e62,c4196,96150,f7247,f8248,9d157,93147,80128,84132,1824,3f63,f0240,85133,c0192,[00^46]1
493567,467903,3,25664,ec236,f8248,ea234,011
493576,467912,43,25664,82130,9b155,2840,94148,088,72114,ec236,4468,2638,1016,3452,82130,a5165,0f15,2638,ff255,c3195,2a42,ce206,fc252,ec236,6197,b3179,c9201,80128,b8184,c4196,f2242,4266,4367,2a42,[00^12]1
493630,493329,2,301,004468,011
493639,487282,13,6357,[00^12]26,011
493671,468007,183,25664,[00^31]5,[00^31]1,[00^31]160,[00^32]130,e7231,088,80128,80128,[00^50]1
493854,482942,54,10912,011,0d13,f9249,011,0a10,011,84132,2a42,ea234,5484,0082130,9d157,78120,94148,088,72114,ec236,4468,2638,1016,3452,82130,a5165,0f15,2638,ff255,c3195,2a42,ce206,fc252,ec236,6197,b3179,c9201,80128,b8184,e4228,f2242,4266,4367,2a42,[00^12]1
493910,486621,2,7289,002840,011
493917,493701,2,216,00055,011
493928,482376,256,11552,[00^12]174,c3195,ca202,ce206,f9249,4569,7f127,f2242,82130,1d29,9f159,85133,4266,9c156,e3227,d9217,0b11,001420,5989,[00^31]5,[00^31]1,[00^31]160,[00^64]130,e7231,088,80128,80128,[00^49]1,0d13,f9249,011,0a10,011,84132,2a42,ea234,5484,011
494184,482632,45,11552,0082130,9d157,78120,94148,088,72114,ec236,4468,2638,1016,3452,82130,a5165,0f15,2638,ff255,c3195,2a42,ce206,fc252,ec236,6197,b3179,c9201,80128,b8184,e4228,f2242,4266,4367,2a42,[00^12]165,011
494248,465704,256,28544,[00^12]174,c3195,ca202,ce206,f9249,4569,7f127,f2242,82130,1d29,9f159,85133,4266,9c156,e3227,d9217,0b11,001420,5989,[00^31]5,[00^31]1,[00^31]160,[00^64]130,e7231,088,80128,80128,[00^49]1,ef239,f9249,011,ec236,80128,84132,2a42,ea234,5484,011
494504,465960,225,28544,0083131,011,5f95,90144,94148,088,72114,ec236,4468,2638,1016,3452,82130,a5165,0f15,2638,ff255,c3195,2a42,ce206,fc252,ec236,6197,b3179,c9201,80128,b9185,011,c4196,d4212,df223,d6214,bc188,[00^127]1,[00^31]1,[00^28]101,1420,1521,011
494730,491507,160,3223,[00^63]5,[00^62]1,4064,[00^31]65,011
494924,486491,3,8433,ef239,ef239,2739,011
494954,451114,85,43840,1c28,[00^31]130,e7231,088,80128,80128,[00^48]1
495039,467903,52,27136,ec236,f8248,ea234,011,84132,2a42,ea234,5484,0082130,9b155,2840,94148,088,72114,ec236,4468,2638,1016,3452,82130,a5165,0f15,2638,ff255,c3195,2a42,ce206,fc252,ec236,6197,b3179,c9201,80128,b8184,c4196,f2242,4266,4367,2a42,[00^12]1
495111,467975,215,27136,[00^12]1,e4228,a6166,6399,ff255,fa250,f1241,4367,0d13,3a58,3654,5888,8b139,2c44,1420,b7183,2234,3149,d8216,b4180,[00^31]5,[00^31]1,[00^31]160,[00^32]130,e7231,088,80128,80128,[00^50]1
495326,494494,235,832,011,ef239,f9249,011,ec236,80128,84132,2a42,ea234,5484,0083131,011,5f95,90144,94148,088,72114,ec236,4468,2638,1016,3452,82130,a5165,0f15,2638,ff255,c3195,2a42,ce206,fc252,ec236,6197,b3179,c9201,80128,b9185,011,c4196,d4212,df223,d6214,bc188,[00^127]1,[00^31]1,[00^28]101,1420,1521,011
495562,450890,161,44672,[00^63]5,[00^62]1,4064,[00^31]65,2f47,011
495786,451114,87,44672,1c28,[00^31]130,e7231,088,80128,80128,[00^48]44,eb235,011
495873,451297,10,44576,5080,84132,2a42,ea234,5484,0082130,5282,088,94148,011
495903,468415,68,27488,86134,5a90,f3243,1016,7a122,4064,0080128,82130,e7231,088,80128,80128,[00^51]46,ed237,82130,022,011
495972,495874,9,98,84132,2a42,ea234,5484,0082130,5282,088,94148,011
496001,468513,62,27488,86134,5484,95149,3f63,f6246,d0208,0080128,82130,e7231,088,80128,80128,[00^49]1
496063,495871,12,192,2c44,eb235,5080,84132,2a42,ea234,5484,0082130,5282,088,94148,011
496095,451231,76,44864,86134,5a90,f3243,1016,7a122,4064,0080128,82130,e7231,088,80128,80128,[00^51]44,eb235,5080,84132,2a42,ea234,5484,0082130,5282,088,94148,011
496191,485023,76,11168,86134,5a90,f3243,1016,7a122,4064,0080128,82130,e7231,088,80128,80128,[00^50]1,ef239,f9249,011,ec236,80128,84132,2a42,ea234,5484,0083131,011,011
496267,483275,222,12992,5f95,90144,94148,088,72114,ec236,4468,2638,1016,3452,82130,a5165,0f15,2638,ff255,c3195,2a42,ce206,fc252,ec236,6197,b3179,c9201,80128,b9185,011,c4196,d4212,df223,d6214,bc188,[00^127]1,[00^31]1,[00^28]101,1420,1723,011
496490,483498,161,12992,[00^63]5,[00^62]1,4064,[00^31]65,de222,011
496714,495786,85,928,1c28,[00^31]130,e7231,088,80128,80128,[00^48]1
496799,493143,32,3656,[00^31]2,011
496832,436080,20,60752,fb251,5282,e6230,f6246,95149,e6230,4064,88136,93147,9c156,066,65101,fd253,71113,1c28,92146,9b155,ed237,c5197,79121,011
496892,488125,20,8767,c5197,4266,4973,5686,e7231,b9185,64100,f6246,70112,1e30,5f95,1016,4670,1420,1420,4d77,c4196,f6246,c7199,bf191,011
497023,496829,1,194,00011
497032,436260,20,60772,89137,a4164,bc188,5888,94148,6399,83131,4973,2133,9f159,ac172,69105,d0208,c1193,df223,2739,2032,4d77,68104,00011
497052,490329,20,6723,2436,0f15,5888,6298,1f31,cb203,5181,0f15,d9217,6c108,5888,98152,3e62,93147,2335,4569,2537,d1209,2c44,e7231,011
497072,436160,20,60912,b1177,cb203,5585,b3179,3b59,fa250,f2242,0d13,5585,b2178,0d13,f3243,077,4165,fa250,b5181,e2226,8d141,6a106,fd253,011
497092,491135,20,5957,84132,1622,7e126,2739,6f111,9f159,4f79,ce206,088,2537,a5165,9b155,6197,ee238,6197,c4196,a0160,96150,6e110,91145,011
497132,492250,20,4882,76118,87135,1016,eb235,055,4f79,2739,8b139,2d45,78120,70112,4266,d1209,3a58,f6246,3856,9f159,80128,b9185,5383,011
497152,493379,20,3773,90144,5e94,f0240,68104,1016,b5181,d1209,68104,d0208,c8200,d3211,5181,5989,3e62,d5213,d1209,88136,0d13,bc188,2840,011
497192,493619,20,3573,e6230,b0176,5989,b8184,bb187,2840,7f127,cd205,e7231,8f143,7e126,004468,fe254,67103,4973,3f63,1218,cf207,d0208,011
497212,493908,20,3304,4973,8f143,002840,4b75,4c76,a8168,4b75,b6182,00055,87135,6e110,97151,d4212,d7215,dd221,4367,9d157,5d93,011
497232,494228,20,3004,a5165,86134,6a106,c5197,1622,3957,5d93,4e78,1f31,5484,d2210,3856,1319,eb235,c3195,bd189,9a154,d0208,77119,95149,011
497272,495091,20,2181,79121,044,1117,0c12,a2162,74116,b7183,d2210,2840,3553,97151,4973,8e142,75117,2a42,8c140,c1193,91145,3856,5989,011
497312,469248,40,28064,c6198,5383,4771,b4180,3048,1925,f8248,f4244,5383,d7215,b4180,86134,d2210,5989,fd253,6197,4670,da218,3351,4e78,011,e4228,a6166,6399,ff255,fa250,f1241,4367,0d13,3a58,3654,5888,8b139,2c44,1420,b7183,2234,3149,d8216,b4180,011
497352,469228,20,28124,f2242,69105,e8232,5787,4569,83131,c2194,7f127,e7231,4b75,69105,b3179,f9249,98152,a6166,4e78,fd253,8d141,044,4872,011
497372,469208,20,28164,4064,088,2e46,6f111,1c28,1521,d2210,b2178,7b123,3d61,e8232,0c12,b7183,ad173,044,e9233,ed237,1218,1925,00011
497412,496770,60,642,[00^60]1
497504,486496,31,11008,[00^28]100,fa250,84132,011
497536,491732,62,5804,[00^31]192,[00^30]1
497600,470432,31,27168,[00^30]59,011
497631,497536,31,95,[00^31]1
497663,436831,96,60832,6096,[00^31]28,[00^30]3,80128,[00^30]4,011
497760,473305,32,24455,[00^30]6,80128,011
497792,486912,31,10880,[00^30]8,011
497824,486944,31,10880,[00^30]9,011
497856,487136,31,10720,[00^30]17,011
497888,443565,31,54323,[00^30]18,011
497920,475909,31,22011,[00^30]22,011
497951,497664,31,287,[00^31]1
497984,486657,61,11327,[00^30]29,[00^30]1
498045,498013,2,32,001d29,011
498048,437024,62,61024,[00^30]30,c0192,[00^30]1
498111,487391,32,10720,6096,[00^30]32,011
498143,437055,32,61088,c0192,[00^30]34,011
498175,492570,32,5605,[00^31]34,011
498208,470048,31,28160,[00^30]41,011
498240,497442,31,798,[00^30]43,011
498272,496129,31,2143,[00^30]44,011
498303,437471,32,60832,6096,[00^30]45,011
498335,495936,32,2399,[00^31]46,011
498368,453056,31,45312,[00^30]47,011
498400,481057,31,17343,[00^30]48,011
498432,470272,62,28160,[00^30]50,e0224,[00^30]1
498494,453182,64,45312,3553,[00^31]55,2032,[00^30]1
498560,437664,62,60896,[00^30]55,e0224,[00^30]1
498622,487646,4,10976,006d109,f8248,6b107,011
498627,442950,6,55677,84132,3b59,9a154,ca202,0083131,011
498637,493091,20,5546,e5229,d7215,c2194,a4164,4f79,fd253,df223,6b107,2941,5a90,1521,c1193,4872,1622,7d125,aa170,af175,5c92,f3243,4f79,011
498657,489961,3,8696,80128,b8184,4468,011
498664,447256,13,51408,[00^12]120,011
498696,495239,86,3457,[00^32]130,e7231,088,80128,80128,[00^49]1
498782,470558,8,28224,022,3250,f9249,022,2f47,83131,033,066,011
498796,470572,128,28224,83131,044,8d141,9c156,94148,cb203,5686,6e110,3b59,69105,3452,fa250,77119,2537,8d141,68104,ea234,1824,e9233,3149,fa250,75117,e1225,aa170,aa170,80128,b9185,022,044,6c108,4569,9a154,2840,[00^12]56,de222,71113,1218,4f79,7a122,4468,7a122,011,d6214,79121,4569,a5165,1e30,dc220,e9233,ff255,4973,1218,5181,[00^31]128,[00^28]100,fa250,d9217,011
498925,454829,100,44096,[00^30]1,4064,[00^31]132,70112,4367,1622,e5229,[00^31]111,011
499057,492218,32,6839,[00^31]20,011
499089,499025,63,64,5585,2941,b4180,9f159,4569,3f63,1925,c5197,ac172,1016,c1193,0b11,eb235,73115,2d45,97151,a6166,0a10,88136,9c156,0d13,a4164,1218,f3243,3b59,033,72114,1b27,b1177,a7167,5d93,c4196,[00^31]1
499152,498700,29,452,[00^28]130,011
499310,454606,88,44704,1b27,[00^30]130,e7231,088,80128,80128,[00^44]2,3250,f9249,022,2f47,83131,033,066,011
499398,443814,3,55584,3d61,84132,3a58,011
499404,498796,228,608,83131,044,8d141,9c156,94148,cb203,5686,6e110,3b59,69105,3452,fa250,77119,2537,8d141,68104,ea234,1824,e9233,3149,fa250,75117,e1225,aa170,aa170,80128,b9185,022,044,6c108,4569,9a154,2840,[00^12]56,de222,71113,1218,4f79,7a122,4468,7a122,011,d6214,79121,4569,a5165,1e30,dc220,e9233,ff255,4973,1218,5181,[00^31]128,[00^28]100,fa250,d9217,5181,[00^30]1,4064,[00^31]132,70112,4367,1622,e5229,[00^31]1
499665,470833,32,28832,[00^31]10,011
499697,499633,63,64,ca202,74116,ab171,fd253,b4180,b0176,2d45,f5245,e4228,6298,b0176,cd205,f2242,c1193,033,4973,1824,64100,3654,97151,87135,e3227,1925,c1193,ca202,3957,a0160,4c76,82130,1117,ed237,e8232,[00^31]1
499760,499313,29,447,[00^28]130,011
499918,455214,84,44704,1c28,[00^30]130,e7231,088,80128,80128,[00^45]109,f8248,6b107,011
500003,445731,49,54272,84132,3553,a4164,e9233,0083131,011,6399,5383,94148,1723,6298,1117,86134,9c156,a2162,b5181,68104,f2242,a7167,d4212,ee238,94148,1e30,077,3a58,82130,1e30,e1225,ff255,80128,b8184,4468,099,5e94,a7167,b3179,[00^12]1
500052,462487,20,37565,6197,3149,b5181,fa250,e1225,9e158,a4164,f9249,d9217,64100,ea234,c0192,4064,8e142,4468,088,b6182,6399,3755,b5181,011
500072,487720,86,12352,ff255,ff255,ff255,ff255,ff255,ff255,ff255,ff255,ff255,ff255,ff255,ff255,ff255,ff255,ff255,ff255,ff255,ff255,ff255,ff255,ff255,ff255,ff255,ff255,ff255,ff255,ff255,ff255,ff255,ff255,ff255,ff255,82130,e7231,088,80128,80128,[00^49]1
500158,473054,9,27104,077,9e158,022,f9249,077,9a154,82130,e7231,088,011
500173,500168,4,5,84132,3149,099,cb203,011
500182,473078,41,27104,94148,0c12,ab171,69105,77119,a9169,c7199,0e14,044,4569,8b139,74116,044,76118,b4180,98152,b2178,1420,011,96150,4165,86134,ac172,cd205,d2210,81129,e0224,00b9185,077,68104,a4164,d7215,3048,4165,[00^4]10,cd205,011
500225,473121,3,27104,64100,f8248,3b59,011
500229,473381,20,26848,fe254,95149,2d45,ef239,1c28,0e14,2941,5080,4872,3755,4c76,cd205,0b11,8e142,be190,70112,011,f1241,1218,3e62,011
500257,473153,3,27104,65101,1f31,c8200,011
500261,478466,20,21795,ee238,ee238,ee238,ee238,ee238,ee238,ee238,ee238,ee238,ee238,ee238,ee238,ee238,ee238,ee238,ee238,ee238,ee238,ee238,ee238,011
500293,473189,20,27104,75117,3856,2638,2a42,e9233,93147,ca202,1117,7a122,0e14,4872,1f31,90144,82130,099,1319,7a122,4670,2638,8e142,011
500377,473273,64,27104,[00^31]192,[00^30]6,80128,011
500442,473338,93,27104,[00^11]35,e0224,c0192,e6230,9d157,69105,65101,90144,89137,f1241,5f95,1c28,90144,c5197,2941,099,d3211,1319,1824,88136,003250,011,[00^6]200,033,e8232,fe254,95149,2d45,ef239,1c28,0e14,2941,5080,4872,3755,4c76,cd205,0b11,8e142,be190,70112,011,f1241,1218,3e62,[00^6]172,cd205,d2210,81129,e0224,[00^19]1
500537,474937,31,25600,[00^6]172,cd205,d2210,81129,e0224,[00^19]16,011
500569,500537,31,32,[00^6]172,cd205,d2210,81129,e0224,[00^19]16,011
500601,500569,31,32,[00^6]172,cd205,d2210,81129,e0224,[00^19]16,011
500633,500505,31,128,[00^6]172,cd205,d2210,81129,e0224,[00^19]9,011
500665,500633,31,32,[00^6]172,cd205,d2210,81129,e0224,[00^19]9,011
500697,474969,31,25728,[00^6]172,cd205,d2210,81129,e0224,[00^19]13,011
500729,474777,31,25952,[00^6]172,cd205,d2210,81129,e0224,[00^19]7,011
500761,500729,31,32,[00^6]172,cd205,d2210,81129,e0224,[00^19]7,011
500793,500601,31,192,[00^6]172,cd205,d2210,81129,e0224,[00^19]16,011
500825,500761,31,64,[00^6]172,cd205,d2210,81129,e0224,[00^19]7,011
500857,500697,31,160,[00^6]172,cd205,d2210,81129,e0224,[00^19]13,011
500889,474841,31,26048,[00^6]172,cd205,d2210,81129,e0224,[00^19]18,011
500921,500793,31,128,[00^6]172,cd205,d2210,81129,e0224,[00^19]16,011
500953,500825,31,128,[00^6]172,cd205,d2210,81129,e0224,[00^19]7,011
500985,500857,31,128,[00^6]172,cd205,d2210,81129,e0224,[00^19]13,011
501017,500889,31,128,[00^6]172,cd205,d2210,81129,e0224,[00^19]18,011
501049,500921,31,128,[00^6]172,cd205,d2210,81129,e0224,[00^19]16,011
501081,500985,31,96,[00^6]172,cd205,d2210,81129,e0224,[00^19]13,011
501113,501017,31,96,[00^6]172,cd205,d2210,81129,e0224,[00^19]18,011
501145,501049,31,96,[00^6]172,cd205,d2210,81129,e0224,[00^19]16,011
501177,501081,31,96,[00^6]172,cd205,d2210,81129,e0224,[00^19]13,011
501209,500953,31,256,[00^6]172,cd205,d2210,81129,e0224,[00^19]7,011
501241,501113,31,128,[00^6]172,cd205,d2210,81129,e0224,[00^19]18,011
501273,501177,31,96,[00^6]172,cd205,d2210,81129,e0224,[00^19]13,011
501305,501241,31,64,[00^6]172,cd205,d2210,81129,e0224,[00^19]18,011
501337,501209,31,128,[00^6]172,cd205,d2210,81129,e0224,[00^19]7,011
501369,501273,31,96,[00^6]172,cd205,d2210,81129,e0224,[00^19]13,011
501401,501337,31,64,[00^6]172,cd205,d2210,81129,e0224,[00^19]7,011
501433,501305,31,128,[00^6]172,cd205,d2210,81129,e0224,[00^19]18,011
501465,501145,31,320,[00^6]172,cd205,d2210,81129,e0224,[00^19]16,011
501497,501369,31,128,[00^6]172,cd205,d2210,81129,e0224,[00^19]13,011
501529,501401,31,128,[00^6]172,cd205,d2210,81129,e0224,[00^19]7,011
501561,501465,31,96,[00^6]172,cd205,d2210,81129,e0224,[00^19]16,011
501593,501529,31,64,[00^6]172,cd205,d2210,81129,e0224,[00^19]7,011
501625,501497,31,128,[00^6]172,cd205,d2210,81129,e0224,[00^19]13,011
501657,501433,31,224,[00^6]172,cd205,d2210,81129,e0224,[00^19]18,011
501689,501657,31,32,[00^6]172,cd205,d2210,81129,e0224,[00^19]18,011
501721,501689,31,32,[00^6]172,cd205,d2210,81129,e0224,[00^19]18,011
501753,501721,31,32,[00^6]172,cd205,d2210,81129,e0224,[00^19]18,011
501785,501625,31,160,[00^6]172,cd205,d2210,81129,e0224,[00^19]13,011
501817,501753,31,64,[00^6]172,cd205,d2210,81129,e0224,[00^19]18,011
501849,501817,31,32,[00^6]172,cd205,d2210,81129,e0224,[00^19]18,011
501881,473753,31,28128,[00^6]172,cd205,d2210,81129,e0224,[00^19]12,011
501913,500665,31,1248,[00^6]172,cd205,d2210,81129,e0224,[00^19]9,011
501945,501881,31,64,[00^6]172,cd205,d2210,81129,e0224,[00^19]12,011
501977,501849,31,128,[00^6]172,cd205,d2210,81129,e0224,[00^19]18,011
502009,501913,31,96,[00^6]172,cd205,d2210,81129,e0224,[00^19]9,011
502041,501945,31,96,[00^6]172,cd205,d2210,81129,e0224,[00^19]12,011
502073,502009,31,64,[00^6]172,cd205,d2210,81129,e0224,[00^19]9,011
502105,475001,37,27104,80128,1a26,a9169,b9185,c0192,[00^32]1
502148,487810,5,14338,84132,3149,077,1117,fd253,011
502184,499630,3,2554,0000b8184,011
502192,493079,44,9113,[00^12]229,d7215,c2194,a4164,4f79,fd253,df223,6b107,2941,5a90,1521,c1193,4872,1622,7d125,aa170,af175,5c92,f3243,4f79,[00^12]1
502236,493059,32,9177,1723,6298,1117,86134,9c156,a2162,b5181,68104,f2242,a7167,d4212,ee238,94148,1e30,077,3a58,82130,1e30,e1225,ff255,[00^12]1
502288,462899,31,39389,[00^28]100,fa250,89137,011
502320,497925,26,4395,[00^25]22,011
502346,502180,6,166,bc188,c4196,1e30,90144,0000011
502352,495209,30,7143,[00^29]160,011
502384,498696,78,3688,[00^32]130,e7231,088,80128,80128,[00^41]1
502462,464734,9,37728,033,5b91,022,f9249,033,5787,82130,e7231,088,011
502472,502148,5,324,84132,3149,077,1117,fd253,011
502477,502148,6,329,84132,3149,077,1117,fd253,83131,011
502483,464755,25,37728,022,74116,c9201,94148,1d29,011,88136,c4196,b2178,76118,a0160,93147,66102,d0208,5d93,6b107,e0224,6a106,f6246,1a26,73115,bc188,75117,3553,87135,011
502514,477361,148,25153,00b9185,033,2436,d3211,1117,5a90,8a138,[00^31]96,[00^31]192,[00^30]1,2032,[00^31]2,[00^12]1
502662,464934,256,37728,1723,6298,1117,86134,9c156,a2162,b5181,68104,f2242,a7167,d4212,ee238,94148,1e30,077,3a58,82130,1e30,e1225,ff255,ee238,ee238,ee238,ee238,ee238,ee238,ee238,ee238,ee238,ee238,ee238,ee238,ee238,ee238,ee238,ee238,ee238,ee238,ee238,ee238,ee238,ee238,ee238,ee238,ee238,ee238,ee238,ee238,ee238,ee238,ee238,ee238,[00^31]2,[00^95]2,[00^31]64,[00^30]1,2032,[00^12]1
502918,465190,256,37728,e2226,c6198,7a122,9b155,1521,e9233,e7231,ff255,8a138,9c156,b0176,df223,b8184,fe254,e5229,6096,99153,2335,e5229,db219,[00^31]96,[00^31]192,[00^31]2,00011,[00^14]127,ff255,ff255,ff255,ff255,ff255,ff255,ff255,ff255,ff255,ff255,ff255,ff255,ff255,ff255,ff255,011,022,[00^14]127,ff255,ff255,ff255,ff255,ff255,ff255,ff255,ff255,ff255,ff255,ff255,ff255,ff255,ff255,ff255,[00^32]5,[00^43]1
503174,465446,112,37728,[00^19]96,[00^31]160,[00^31]1,00011,[00^14]255,ff255,ff255,ff255,ff255,ff255,ff255,ff255,ff255,ff255,ff255,ff255,011
503290,477242,69,26048,[00^32]192,[00^35]3,011
503359,462463,3,40896,5484,022,f9249,011
503363,462467,4,40896,5080,82130,e7231,088,011
503368,502472,12,896,84132,3149,077,1117,fd253,84132,3149,077,1117,fd253,83131,022,011
503382,502486,21,896,94148,1d29,011,88136,c4196,b2178,76118,a0160,93147,66102,d0208,5d93,6b107,e0224,6a106,f6246,1a26,73115,bc188,75117,3553,011
503403,481227,3,22176,80128,b9185,033,011
503406,502517,145,889,2436,d3211,1117,5a90,8a138,[00^31]96,[00^31]192,[00^30]1,2032,[00^31]2,[00^12]1
503551,476454,20,27097,cc204,2234,f6246,aa170,6197,0d13,1b27,2a42,0e14,89137,ef239,2234,80128,79121,cb203,3e62,1824,3149,b1177,d1209,011
503571,502682,87,889,ee238,ee238,ee238,ee238,ee238,ee238,ee238,ee238,ee238,ee238,ee238,ee238,ee238,ee238,ee238,ee238,ee238,ee238,ee238,ee238,ee238,ee238,ee238,ee238,ee238,ee238,ee238,ee238,ee238,ee238,ee238,ee238,[00^31]2,[00^23]1
503667,502778,140,889,[00^63]2,[00^31]64,[00^30]1,2032,[00^12]1
503827,502938,97,889,[00^31]96,[00^31]192,[00^31]2,00011
503924,503067,31,857,022,[00^14]127,ff255,ff255,ff255,ff255,ff255,ff255,ff255,ff255,ff255,ff255,ff255,ff255,ff255,ff255,ff255,011
503956,503035,31,921,011,[00^14]127,ff255,ff255,ff255,ff255,ff255,ff255,ff255,ff255,ff255,ff255,ff255,ff255,ff255,ff255,ff255,011
503987,503098,160,889,[00^32]5,[00^62]96,[00^31]160,[00^31]1,011
504148,503259,24,889,011,[00^14]255,ff255,ff255,ff255,ff255,ff255,ff255,ff255,ff255,011
504179,491187,75,12992,[00^32]192,[00^42]1
504256,503360,3,896,022,f9249,033,011
504260,503364,3,896,82130,e7231,088,011
504264,503373,4,891,84132,3149,077,1117,011
504269,504264,3,5,84132,3149,077,011
504278,500182,22,4096,94148,0c12,ab171,69105,77119,a9169,c7199,0e14,044,4569,8b139,74116,044,76118,b4180,98152,b2178,1420,011,96150,4165,86134,011
504304,458993,4,45311,80128,00b9185,033,011
504313,439930,95,64383,[00^30]1,[00^64]1
504473,501579,13,2894,[00^12]16,011
504505,496394,62,8111,[00^31]1,[00^30]1
504568,504523,14,45,[00^13]1,011
504582,469269,75,35313,e4228,a6166,6399,ff255,fa250,f1241,4367,0d13,3a58,3654,5888,8b139,2c44,1420,b7183,2234,3149,d8216,b4180,[00^56]1
504657,497532,3,7125,64100,fa250,84132,011
504665,504626,31,39,[00^31]1
504697,478454,57,26243,[00^12]238,ee238,ee238,ee238,ee238,ee238,ee238,ee238,ee238,ee238,ee238,ee238,ee238,ee238,ee238,ee238,ee238,ee238,ee238,ee238,[00^25]1
504759,462962,33,41797,80128,[00^31]1,011
504793,497810,13,6983,[00^12]8,011
504806,496271,19,8535,72114,ec236,4468,2638,1016,3452,82130,a5165,0f15,2638,ff255,c3195,2a42,ce206,fc252,ec236,6197,b3179,c9201,011
504825,503988,63,837,[00^31]5,[00^31]1
504889,490867,76,14022,[00^31]1,[00^31]32,[00^12]1
504965,500293,20,4672,75117,3856,2638,2a42,e9233,93147,ca202,1117,7a122,0e14,4872,1f31,90144,82130,099,1319,7a122,4670,2638,8e142,011
504985,440180,27,64805,[00^26]208,011
505012,504301,5,711,1723,a6166,b9185,80128,00011
505017,459162,89,45855,[00^31]96,[00^57]1
505106,499493,8,5613,[00^7]128,011
505114,502106,36,3008,1a26,a9169,b9185,c0192,[00^32]1
505150,490858,2,14292,003351,011
505154,456932,6,48222,82130,e7231,088,033,84132,3048,011
505163,505158,4,5,84132,3048,0e14,4973,011
505168,482224,5,22944,82130,5282,088,94148,f3243,011
505200,488815,46,16385,0080128,c0192,[00^43]1
505246,489566,9,15680,011,3351,022,f9249,011,2f47,82130,e7231,088,011
505261,505256,4,5,84132,2f47,8e142,89137,011
505266,489586,128,15680,82130,7e126,5484,94148,d1209,a3163,ab171,f4244,2f47,9e158,66102,be190,86134,cf207,de222,a8168,c5197,c2194,c7199,4f79,044,1c28,5e94,1420,80128,b9185,011,044,5b91,7d125,74116,82130,[00^31]64,[00^31]160,[00^31]64,011
505395,489862,3,15533,66102,66102,6197,011
505410,460152,3,45258,3452,3856,66102,011
505426,458862,3,46564,3755,6298,65101,011
505429,489034,3,16395,65101,3856,3351,011
505440,489837,4,15603,6298,3957,3149,3452,011
505444,489129,3,16315,6399,3755,65101,011
505455,505405,3,50,6197,66102,3351,011
505458,479794,33,25664,[00^31]64,3957,011
505491,447544,3,57947,3755,3654,3755,011
505494,458773,3,46721,6298,3149,65101,011
505505,505417,3,88,3856,3452,6298,011
505510,489397,3,16113,6298,3755,66102,011
505514,479922,3,25592,6399,3654,3048,011
505526,460114,3,45412,3048,6399,3654,011
505538,460118,3,45420,66102,3149,3553,011
505545,448343,3,57202,6197,3452,65101,011
505555,505069,44,486,[00^44]1
505599,490399,10,15200,79121,022,f8248,76118,82130,e7231,088,011,84132,2f47,011
505609,505258,8,351,8e142,89137,be190,84132,2f47,8e142,89137,c8200,011
505617,490417,141,15200,83131,055,3351,71113,94148,009a154,0b11,7c124,3856,b5181,4266,2032,89137,3654,f1241,1723,91145,5181,cd205,088,e2226,94148,3856,3351,87135,077,1a26,fd253,4973,8d141,0000b8184,4468,f2242,b9185,fd253,b8184,[00^12]199,d8216,4872,9d157,ae174,3d61,2e46,be190,f0240,75117,b1177,db219,2234,5787,e2226,c2194,3149,c9201,d2210,3149,[00^25]7,1a26,fd253,4973,8d141,0000c0192,[00^37]1
505758,446590,148,59168,011,3351,022,f9249,011,2f47,82130,e7231,088,099,84132,2f47,8d141,e9233,66102,84132,2f47,8d141,e9233,6f111,82130,7e126,5484,94148,d1209,a3163,ab171,f4244,2f47,9e158,66102,be190,86134,cf207,de222,a8168,c5197,c2194,c7199,4f79,044,1c28,5e94,1420,80128,b9185,011,044,5b91,7d125,74116,82130,[00^31]64,[00^31]160,[00^31]64,011
505906,489810,64,16096,65101,6399,65101,3957,3452,3856,3654,6197,3654,3553,64100,3957,3755,3553,6298,3149,3048,3755,3957,3856,6197,3553,3654,64100,6197,3553,3553,6298,3957,3149,3452,3553,3755,3250,6399,64100,6197,3856,3957,65101,3856,6298,3149,3957,65101,3048,66102,3149,3856,3553,6298,3654,66102,66102,6197,3452,3351,66102,3351,3048,3553,64100,3149,3654,011
505970,489682,96,16288,[00^31]64,6298,6298,6399,3149,3452,3351,3250,65101,3957,3654,6298,3654,3048,3250,3149,3149,3654,3654,3048,6298,3048,3149,3048,3553,3250,3452,3351,3048,3856,3957,6298,3957,6197,3755,3149,6197,3856,3149,3351,3250,3654,3957,3149,3048,3452,3957,66102,3351,66102,3351,3654,3351,3957,3957,3048,3149,3351,3149,6399,3149,64100,6197,3250,3351,011
506066,460274,56,45792,c0192,[00^43]1,1a26,022,f9249,011,1622,82130,e7231,088,80128,84132,2f47,011
506122,493481,9,12641,8d141,e9233,66102,84132,2f47,8d141,e9233,6f111,83131,011
506134,490102,22,16032,94148,87135,3149,d5213,4e78,9d157,022,c2194,86134,76118,7d125,5686,ac172,033,e8232,033,7c124,077,e0224,1e30,98152,87135,011
506162,460370,51,45792,66102,b8184,e4228,1117,1420,cd205,2a42,[00^31]111,[00^12]1
506233,505842,57,391,[00^31]160,[00^25]1
506293,505800,3,493,5e94,1420,80128,011
506296,498308,27,7988,[00^26]45,011
506328,490296,33,16032,[00^32]20,011
506361,506213,32,148,8a138,b3179,8f143,4569,099,7b123,b3179,83131,ba186,e6230,044,3d61,1622,da218,033,d2210,da218,b6182,b6182,2234,[00^12]1
506393,490361,48,16032,c0192,[00^37]121,022,f8248,76118,82130,e7231,088,011,84132,2f47,011
506441,491818,10,14623,8d141,e9233,66102,84132,2f47,8d141,e9233,6f111,83131,055,011
506451,505619,139,832,3351,71113,94148,009a154,0b11,7c124,3856,b5181,4266,2032,89137,3654,f1241,1723,91145,5181,cd205,088,e2226,94148,3856,3351,87135,077,1a26,fd253,4973,8d141,0000b8184,4468,f2242,b9185,fd253,b8184,[00^12]199,d8216,4872,9d157,ae174,3d61,2e46,be190,f0240,75117,b1177,db219,2234,5787,e2226,c2194,3149,c9201,d2210,3149,[00^25]7,1a26,fd253,4973,8d141,0000c0192,[00^37]1
506596,447203,15,59393,82130,e7231,088,2b43,84132,2f47,8d141,e9233,66102,84132,2f47,8d141,e9233,6f111,83131,011
506613,490581,22,16032,1a26,94148,80128,e3227,82130,91145,e0224,6399,3957,d1209,0a10,ab171,4872,3c60,65101,69105,5d93,004d77,bd189,5c92,69105,011
506647,458998,64,47649,2c44,c4196,088,1e30,[00^31]96,[00^28]1
506715,490675,31,16040,[00^28]100,fa250,b3179,011
506747,503699,94,3048,[00^31]2,[00^31]64,[00^30]1
506842,443627,45,63215,4064,[00^31]96,[00^12]1
506887,506886,44,1,[00^44]1
506939,459258,256,47681,[00^31]2,[00^31]64,[00^30]1,6096,[00^12]127,72114,e0224,d8216,e9233,ab171,f9249,1319,3a58,92146,3250,2b43,8b139,5080,bd189,8e142,0f15,9d157,cf207,cb203,[00^31]128,[00^62]1,[00^32]96,011
507195,459514,256,47681,[00^12]229,d7215,c2194,a4164,4f79,fd253,df223,6b107,2941,5a90,1521,c1193,4872,1622,7d125,aa170,af175,5c92,f3243,4f79,[00^12]139,1218,5181,077,6f111,2335,ff255,a2162,a2162,a6166,4569,95149,83131,c5197,87135,c1193,cd205,bb187,2c44,6e110,[00^76]139,1218,5181,077,6f111,2335,ff255,a2162,a2162,a6166,4569,95149,83131,c5197,87135,c1193,cd205,bb187,2c44,6e110,[00^31]128,[00^62]1,00011
507451,459770,76,47681,[00^31]96,[00^12]125,4367,aa170,bc188,5181,5c92,3553,6197,4569,044,92146,2739,ce206,e5229,4b75,6096,83131,4266,c0192,ad173,[00^12]1
507547,502714,95,4833,[00^31]2,[00^63]1
507643,507586,56,57,[00^56]1
507707,506939,108,768,[00^31]2,[00^31]64,[00^30]1,6096,[00^12]1
507815,481887,160,25928,5e94,c5197,b1177,e9233,b1177,bd189,5181,98152,3452,3a58,bb187,6e110,5585,fb251,69105,5d93,2f47,7b123,b3179,088,[00^31]128,[00^62]1,[00^32]96,[00^12]1
507975,507207,32,768,e5229,d7215,c2194,a4164,4f79,fd253,df223,6b107,2941,5a90,1521,c1193,4872,1622,7d125,aa170,af175,5c92,f3243,4f79,[00^12]1
508027,507259,76,768,[00^76]1
508103,508007,51,96,2537,8d141,5f95,86134,0b11,1117,ec236,73115,ee238,2032,0e14,b1177,4f79,1b27,6096,a3163,b7183,a5165,3654,a2162,[00^31]1
508154,481938,141,26216,80128,[00^62]1,[00^32]96,[00^12]23,6298,1117,86134,9c156,a2162,b5181,68104,f2242,a7167,d4212,ee238,94148,1e30,077,3a58,82130,1e30,e1225,ff255,[00^12]1
508295,507527,84,768,5989,ab171,e1225,e2226,64100,f6246,5787,d7215,0c12,3a58,b5181,1016,9d157,4266,4f79,7f127,011,a8168,72114,9c156,[00^31]2,[00^32]1
508380,480444,43,27936,[00^34]1,db219,022,f9249,011,d7215,82130,e7231,088,011
508423,461703,3,46720,022,84132,2f47,011
508426,506122,10,2304,8d141,e9233,66102,84132,2f47,8d141,e9233,6f111,83131,077,011
508438,480502,22,27936,94148,f8248,2537,3755,fb251,6c108,5686,a3163,b5181,0092146,d3211,95149,1f31,84132,f5245,f6246,c8200,3553,b4180,f5245,87135,011
508465,457577,3,50888,0000b9185,011
508468,480532,37,27936,011,a4164,5a90,e4228,011,dc220,[00^28]100,fa250,86134,011
508506,480570,176,27936,[00^31]64,[00^31]1,[00^31]32,[00^31]228,044,e4228,5a90,af175,[00^12]229,d7215,c2194,a4164,4f79,fd253,df223,6b107,2941,5a90,1521,c1193,4872,1622,7d125,aa170,af175,5c92,f3243,4f79,[00^12]1
508682,475875,51,32807,1723,6298,1117,86134,9c156,a2162,b5181,68104,f2242,a7167,d4212,ee238,94148,1e30,077,3a58,82130,1e30,e1225,ff255,[00^31]1
508734,461150,57,47584,[00^12]176,3d61,65101,1117,70112,ce206,ee238,3553,72114,9a154,ff255,79121,2d45,5282,2f47,d9217,5282,cf207,94148,c0192,[00^25]1
508791,508460,7,331,2335,86134,f2242,6f111,c1193,0000011
508798,455735,30,53063,[00^29]250,011
508830,480894,97,27936,[00^60]192,[00^36]1
508927,506431,159,2496,79121,022,f8248,76118,82130,e7231,088,011,84132,2f47,8d141,e9233,66102,84132,2f47,8d141,e9233,6f111,83131,055,3351,71113,94148,009a154,0b11,7c124,3856,b5181,4266,2032,89137,3654,f1241,1723,91145,5181,cd205,088,e2226,94148,3856,3351,87135,077,1a26,fd253,4973,8d141,0000b8184,4468,f2242,b9185,fd253,b8184,[00^12]199,d8216,4872,9d157,ae174,3d61,2e46,be190,f0240,75117,b1177,db219,2234,5787,e2226,c2194,3149,c9201,d2210,3149,[00^25]7,1a26,fd253,4973,8d141,0000c0192,[00^37]1
509086,458430,21,50656,0071113,022,f8248,6e110,82130,e7231,088,011,84132,2f47,8d141,e9233,66102,84132,2f47,8d141,e9233,6f111,82130,eb235,011
509107,489939,41,19168,86134,94148,1723,6298,1117,86134,9c156,a2162,b5181,68104,f2242,a7167,d4212,ee238,94148,1e30,077,3a58,82130,1e30,e1225,ff255,80128,b8184,4468,099,5e94,a7167,b3179,[00^12]1
509148,508439,20,709,f8248,2537,3755,fb251,6c108,5686,a3163,b5181,0092146,d3211,95149,1f31,84132,f5245,f6246,c8200,3553,b4180,f5245,011
509168,508541,29,627,[00^28]1,011
509200,482256,100,26944,c0192,[00^45]1,0d13,f9249,011,0a10,011,84132,2a42,ea234,5484,0082130,9d157,78120,94148,088,72114,ec236,4468,2638,1016,3452,82130,a5165,0f15,2638,ff255,c3195,2a42,ce206,fc252,ec236,6197,b3179,c9201,80128,b8184,e4228,f2242,4266,4367,2a42,[00^12]1
509300,497252,20,12048,fd253,84132,70112,1723,85133,ed237,d7215,99153,96150,f0240,5a90,eb235,5b91,84132,70112,ef239,6a106,c8200,93147,3e62,011
509320,493928,256,15392,[00^12]174,c3195,ca202,ce206,f9249,4569,7f127,f2242,82130,1d29,9f159,85133,4266,9c156,e3227,d9217,0b11,001420,5989,[00^31]5,[00^31]1,[00^31]160,[00^64]130,e7231,088,80128,80128,[00^49]1,0d13,f9249,011,0a10,011,84132,2a42,ea234,5484,011
509576,494184,44,15392,0082130,9d157,78120,94148,088,72114,ec236,4468,2638,1016,3452,82130,a5165,0f15,2638,ff255,c3195,2a42,ce206,fc252,ec236,6197,b3179,c9201,80128,b8184,e4228,f2242,4266,4367,2a42,[00^12]1
509620,497392,32,12228,93147,e0224,d3211,80128,8e142,4670,c0192,7b123,4872,eb235,c2194,f0240,ad173,3d61,3351,bb187,6d109,fe254,ea234,c5197,[00^12]1
509652,509332,256,320,ae174,c3195,ca202,ce206,f9249,4569,7f127,f2242,82130,1d29,9f159,85133,4266,9c156,e3227,d9217,0b11,001420,5989,[00^31]5,[00^31]1,[00^31]160,[00^64]130,e7231,088,80128,80128,[00^49]1,0d13,f9249,011,0a10,011,84132,2a42,ea234,5484,0082130,9d157,78120,94148,088,72114,ec236,4468,2638,1016,3452,011
509908,509588,32,320,82130,a5165,0f15,2638,ff255,c3195,2a42,ce206,fc252,ec236,6197,b3179,c9201,80128,b8184,e4228,f2242,4266,4367,2a42,[00^12]1
509940,497292,20,12648,c7199,9a154,e1225,4771,0e14,94148,3452,f4244,6e110,ad173,2436,4c76,6399,4064,2a42,ef239,f8248,c1193,91145,6399,011
509960,483016,256,26944,[00^12]174,c3195,ca202,ce206,f9249,4569,7f127,f2242,82130,1d29,9f159,85133,4266,9c156,e3227,d9217,0b11,001420,5989,[00^31]5,[00^31]1,[00^31]160,[00^64]130,e7231,088,80128,80128,[00^49]1,ef239,f9249,011,ec236,80128,84132,2a42,ea234,5484,011
510216,483272,225,26944,0083131,011,5f95,90144,94148,088,72114,ec236,4468,2638,1016,3452,82130,a5165,0f15,2638,ff255,c3195,2a42,ce206,fc252,ec236,6197,b3179,c9201,80128,b9185,011,c4196,d4212,df223,d6214,bc188,[00^127]1,[00^31]1,[00^28]101,1420,1723,011
510442,496490,160,13952,[00^63]5,[00^62]1,4064,[00^31]65,011
510666,449706,256,60960,1b27,[00^31]130,e7231,088,80128,80128,[00^47]1,ef239,f9249,011,ec236,80128,84132,2a42,ea234,5484,0083131,011,5f95,90144,94148,088,72114,ec236,4468,2638,1016,3452,82130,a5165,0f15,2638,ff255,c3195,2a42,ce206,fc252,ec236,6197,b3179,c9201,80128,b9185,011,c4196,d4212,df223,d6214,bc188,[00^127]1,011
510922,449962,63,60960,[00^31]1,[00^28]101,1420,1420,011
510986,510442,160,544,[00^63]5,[00^62]1,4064,[00^31]65,011
511210,483722,256,27488,1b27,[00^31]130,e7231,088,80128,80128,[00^47]1,ef239,f9249,011,ec236,80128,84132,2a42,ea234,5484,0083131,011,5f95,90144,94148,088,72114,ec236,4468,2638,1016,3452,82130,a5165,0f15,2638,ff255,c3195,2a42,ce206,fc252,ec236,6197,b3179,c9201,80128,b9185,011,c4196,d4212,df223,d6214,bc188,[00^127]1,011
511466,483978,63,27488,[00^31]1,[00^28]101,1420,1622,011
511530,510986,160,544,[00^63]5,[00^62]1,4064,[00^31]65,011
511754,495786,97,15968,1c28,[00^31]130,e7231,088,80128,80128,[00^48]44,eb235,5080,84132,2a42,ea234,5484,0082130,5282,088,94148,011
511871,496095,66,15776,86134,5a90,f3243,1016,7a122,4064,0080128,82130,e7231,088,80128,80128,[00^51]44,eb235,011
511938,511842,9,96,84132,2a42,ea234,5484,0082130,5282,088,94148,011
511967,485023,256,26944,86134,5a90,f3243,1016,7a122,4064,0080128,82130,e7231,088,80128,80128,[00^50]1,ef239,f9249,011,ec236,80128,84132,2a42,ea234,5484,0083131,011,5989,1c28,94148,088,72114,ec236,4468,2638,1016,3452,82130,a5165,0f15,2638,ff255,c3195,2a42,ce206,fc252,ec236,6197,b3179,c9201,80128,b9185,011,c4196,d4212,df223,d6214,bc188,[00^127]1,[00^21]1
512223,485279,41,26944,[00^10]1,[00^28]101,2234,011
512266,511530,160,736,[00^63]5,[00^62]1,4064,[00^31]65,011
512490,485546,117,26944,1b27,[00^31]130,e7231,088,80128,80128,[00^79]2,011
512628,468628,40,44000,b8184,ff255,87135,7e126,d7215,8b139,a5165,2032,ec236,e2226,1b27,1d29,e7231,84132,3a58,8a138,5787,ca202,4771,cb203,b8184,ff255,87135,7e126,d7215,8b139,a5165,2032,ec236,e2226,1b27,1d29,e7231,84132,3a58,8a138,5787,ca202,4771,cb203,011
512668,468688,20,43980,3d61,3957,1a26,ff255,fe254,d2210,2537,5a90,2d45,d0208,033,2537,c3195,a9169,6a106,5a90,8e142,022,3f63,f8248,011
512688,500249,8,12439,066,69105,5484,c8200,ed237,4973,7e126,3553,011
512696,500281,12,12415,3d61,6a106,af175,4f79,2436,68104,5f95,d2210,8e142,c4196,2e46,ef239,011
512708,502268,20,10440,1b27,5080,ad173,5d93,5484,b5181,b8184,1e30,bc188,ab171,aa170,3957,7b123,5484,ea234,fb251,2638,d0208,055,1f31,011
512728,485824,20,26904,6298,3250,e7231,8d141,5484,c4196,84132,5c92,97151,7f127,c9201,e1225,1d29,7e126,6197,c5197,3149,6d109,1218,d1209,011
512768,504485,20,8283,1016,1016,3d61,79121,ac172,1925,4e78,b0176,c4196,cc204,75117,74116,2b43,da218,65101,c1193,8d141,ff255,3351,5b91,011
512868,506361,20,6507,8a138,b3179,8f143,4569,099,7b123,b3179,83131,ba186,e6230,044,3d61,1622,da218,033,d2210,da218,b6182,b6182,2234,011
512908,508295,20,4613,5989,ab171,e1225,e2226,64100,f6246,5787,d7215,0c12,3a58,b5181,1016,9d157,4266,4f79,7f127,011,a8168,72114,9c156,011
512928,468908,40,44020,b0176,3d61,65101,1117,70112,ce206,ee238,3553,72114,9a154,ff255,79121,2d45,5282,2f47,d9217,5282,cf207,94148,c0192,97151,bd189,84132,5f95,077,c2194,f1241,5585,72114,90144,c0192,fa250,d6214,3452,3452,5585,1016,d0208,a6166,77119,011
512988,509300,20,3688,fd253,84132,70112,1723,85133,ed237,d7215,99153,96150,f0240,5a90,eb235,5b91,84132,70112,ef239,6a106,c8200,93147,3e62,011
513008,509620,20,3388,93147,e0224,d3211,80128,8e142,4670,c0192,7b123,4872,eb235,c2194,f0240,ad173,3d61,3351,bb187,6d109,fe254,ea234,c5197,011
513028,509940,20,3088,c7199,9a154,e1225,4771,0e14,94148,3452,f4244,6e110,ad173,2436,4c76,6399,4064,2a42,ef239,f8248,c1193,91145,6399,011
513048,496075,20,16973,4771,c7199,c8200,a1161,5282,9c156,3553,d0208,6f111,a7167,cf207,2f47,a4164,db219,1f31,5585,0d13,99153,91145,6a106,011
513068,496171,20,16897,2638,d3211,97151,c8200,f9249,6a106,86134,d0208,66102,5484,c2194,cf207,3c60,4973,a1161,5e94,7d125,b3179,5d93,b5181,011
513088,495883,20,17205,81129,91145,6096,3b59,65101,1b27,a2162,2941,6197,e7231,7c124,b8184,b2178,d6214,67103,f4244,5e94,d7215,7d125,2c44,011
513108,486224,20,26884,9d157,ba186,d4212,2032,96150,3e62,5383,77119,5a90,5181,ea234,9a154,ad173,4a74,fa250,3a58,f6246,e5229,d7215,5383,011
513128,486204,20,26924,f6246,f8248,b5181,bc188,022,1f31,f6246,7a122,99153,3250,3452,64100,4771,dd221,7e126,78120,aa170,67103,4266,2436,011
513148,495981,20,17167,de222,1420,1925,b7183,98152,0c12,98152,1b27,68104,ab171,4973,89137,1723,022,c1193,6399,4569,3755,033,c4196,011
513168,472776,49,40392,[00^48]35,011
513248,469376,31,43872,[00^28]100,fa250,85133,011
513280,508859,62,4421,[00^31]192,[00^30]1
513343,513311,32,32,c0192,[00^30]45,011
513375,453087,32,60288,e0224,[00^30]48,011
513408,513280,31,128,[00^31]1
513440,506811,31,6629,[00^30]3,011
513472,469568,62,43904,[00^30]3,c0192,[00^30]1
513536,486976,31,26560,[00^30]11,011
513568,513536,31,32,[00^30]11,011
513600,506901,31,6699,[00^30]14,011
513632,497888,31,15744,[00^30]18,011
513664,506330,31,7334,[00^30]20,011
513696,469728,31,43968,[00^30]21,011
513728,497920,31,15808,[00^30]22,011
513760,487200,31,26560,[00^30]23,011
513791,497951,32,15840,[00^31]25,011
513824,513409,61,415,[00^30]27,[00^30]1
513885,513853,2,32,001b27,011
513888,498016,62,15872,[00^30]29,6096,[00^30]1
513952,508571,31,5381,[00^30]32,011
513984,469888,62,44096,[00^30]34,4064,[00^30]1
514047,487551,32,26496,80128,[00^30]36,011
514080,469920,31,44160,[00^30]38,011
514111,513855,31,256,[00^31]1
514144,487777,31,26367,[00^30]42,011
514176,514144,31,32,[00^30]42,011
514208,498240,31,15968,[00^30]43,011
514239,497441,32,16798,[00^31]43,011
514272,470112,62,44160,[00^30]44,80128,[00^30]1
514334,493470,2,20864,003149,011
514340,478383,6,35957,85133,022,5484,0b11,e4228,00011
514346,511943,4,2403,82130,5282,088,94148,011
514378,511973,53,2405,0080128,82130,e7231,088,80128,80128,[00^46]1
514434,478372,4,36062,82130,e7231,088,82130,011
514476,480523,7,33953,87135,3553,4a74,6b107,a7167,a1161,80128,011
514486,500118,41,14368,[00^40]7,011
514528,500160,3,14368,022,f9249,077,011
514532,476035,5,38497,82130,e7231,088,0c12,84132,011
514539,514378,2,161,0080128,011
514541,514536,4,5,84132,6298,5989,00011
514586,505017,89,9569,[00^31]96,[00^57]1
514680,475005,34,39675,c0192,[00^32]3,011
514714,514586,62,128,[00^31]96,[00^30]1
514777,513471,32,1306,6096,[00^30]3,011
514810,480081,57,34729,[00^12]3,2b43,2436,1d29,e8232,6a106,86134,6096,f1241,ae174,066,91145,a4164,76118,0b11,4266,6e110,a2162,4670,d7215,[00^25]1
514867,514572,7,295,ba186,84132,78120,ca202,b4180,a4164,3553,011
514874,508186,64,6688,[00^31]1,[00^32]1
514938,478678,63,36260,[00^31]160,[00^30]1,011
515006,508570,63,6436,[00^31]32,[00^31]1
515070,514130,13,940,[00^12]40,011
515083,514552,19,531,7b123,3e62,89137,055,d6214,4e78,bb187,d5213,033,e6230,af175,022,8a138,c5197,2032,78120,6197,3856,1218,011
515102,513511,24,1591,[00^23]4,011
515133,515043,26,90,[00^26]1
515159,514867,35,292,ba186,84132,78120,ca202,b4180,a4164,3553,[00^28]1
515198,514239,32,959,[00^31]43,011
515230,507495,21,7735,7d125,4367,aa170,bc188,5181,5c92,3553,6197,4569,044,92146,2739,ce206,e5229,4b75,6096,83131,4266,c0192,ad173,00011
515253,455713,51,59540,e5229,d7215,c2194,a4164,4f79,fd253,df223,6b107,2941,5a90,1521,c1193,4872,1622,7d125,aa170,af175,5c92,f3243,4f79,[00^31]1
515304,514778,31,526,[00^30]3,011
515335,480094,47,35241,2b43,2436,1d29,e8232,6a106,86134,6096,f1241,ae174,066,91145,a4164,76118,0b11,4266,6e110,a2162,4670,d7215,[00^28]1
515382,508182,68,7200,[00^35]1,[00^32]1
515450,510056,63,5394,[00^31]160,[00^31]1
515513,461273,33,54240,044,1218,2133,0e14,8a138,[00^28]1
515546,458480,61,57066,[00^12]128,e3227,82130,91145,e0224,6399,3957,d1209,0a10,ab171,4872,3c60,65101,69105,5d93,004d77,bd189,5c92,69105,[00^29]1
515607,515383,129,224,[00^34]1,[00^63]160,[00^30]1
515736,490605,63,25131,022,64100,2c44,c4196,088,1e30,[00^31]96,[00^25]1
515799,515635,35,164,[00^6]1,[00^28]1
515834,515194,35,640,64100,fa250,a1161,1e30,[00^31]1
515869,490738,120,25131,011,[00^31]32,[00^31]96,[00^12]125,4367,aa170,bc188,5181,5c92,3553,6197,4569,044,92146,2739,ce206,e5229,4b75,6096,83131,4266,c0192,ad173,[00^23]1
515989,515125,34,864,044,7c124,89137,f9249,1c28,3b59,4e78,066,[00^26]1
516023,490892,243,25131,[00^6]1,[00^31]32,[00^12]127,72114,e0224,d8216,e9233,ab171,f9249,1319,3a58,92146,3250,2b43,8b139,5080,bd189,8e142,0f15,9d157,cf207,cb203,[00^31]128,[00^62]1,[00^32]96,[00^12]125,4367,aa170,bc188,5181,5c92,3553,6197,4569,044,92146,2739,ce206,e5229,4b75,6096,83131,4266,c0192,ad173,[00^12]1
516286,515610,92,676,[00^31]1,[00^60]1
516379,516342,36,37,[00^36]1
516425,488017,5,28408,83131,044,93147,e0224,94148,011
516453,467953,3,48500,00005080,011
516458,512522,52,3936,82130,e7231,088,80128,80128,[00^47]1
516518,498627,6,17891,84132,3b59,9a154,ca202,0083131,011
516547,475082,3,41465,9c156,80128,b9185,011
516556,497798,25,18758,[00^24]8,011
516588,514682,94,1906,[00^31]3,[00^31]96,[00^30]1
516684,516670,12,14,[00^12]1
516716,507579,94,9137,[00^63]96,[00^30]1
516812,455701,63,61111,[00^12]229,d7215,c2194,a4164,4f79,fd253,df223,6b107,2941,5a90,1521,c1193,4872,1622,7d125,aa170,af175,5c92,f3243,4f79,[00^31]1
516875,508537,96,8338,4064,[00^31]1,[00^31]32,[00^31]1
516972,452511,63,64461,[00^31]15,[00^31]1
517036,517004,44,32,[00^31]64,[00^12]1
517080,507815,32,9265,5e94,c5197,b1177,e9233,b1177,bd189,5181,98152,3452,3a58,bb187,6e110,5585,fb251,69105,5d93,2f47,7b123,b3179,088,[00^12]1
517112,509109,20,8003,1723,6298,1117,86134,9c156,a2162,b5181,68104,f2242,a7167,d4212,ee238,94148,1e30,077,3a58,82130,1e30,e1225,ff255,011
517132,516458,50,674,82130,e7231,088,80128,80128,[00^45]1
517187,472323,3,44864,83131,033,055,011
517200,472336,23,44864,94148,a6166,5888,74116,2d45,3351,eb235,d2210,ce206,2f47,0b11,df223,f7247,3553,1521,aa170,79121,7f127,d1209,6197,d9217,80128,b9185,011
517225,472361,97,44864,2537,2f47,7b123,011,[00^31]111,[00^12]69,f1241,a9169,5a90,4d77,3f63,3856,3654,5282,3f63,5c92,83131,67103,3c60,79121,7f127,4d77,4d77,2638,3b59,[00^29]1
517325,499089,32,18236,5585,2941,b4180,9f159,4569,3f63,1925,c5197,ac172,1016,c1193,0b11,eb235,73115,2d45,97151,a6166,0a10,88136,9c156,0d13,a4164,1218,f3243,3b59,033,72114,1b27,b1177,a7167,5d93,c4196,011
517357,499089,63,18268,5585,2941,b4180,9f159,4569,3f63,1925,c5197,ac172,1016,c1193,0b11,eb235,73115,2d45,97151,a6166,0a10,88136,9c156,0d13,a4164,1218,f3243,3b59,033,72114,1b27,b1177,a7167,5d93,c4196,[00^31]1
517421,492768,32,24653,[00^30]2,74116,011
517453,472589,39,44864,[00^12]77,73115,ad173,b7183,2b43,c3195,dd221,3654,89137,66102,ed237,d0208,f0240,b2178,1420,84132,011,a1161,78120,e2226,[00^6]138,011
517493,472629,75,44864,006f111,70112,1a26,95149,70112,7a122,022,90144,ac172,8b139,90144,b3179,71113,9e158,8e142,e5229,b2178,1016,3654,088,83131,00b7183,4569,f1241,a9169,5a90,4d77,3f63,3856,3654,5282,3f63,5c92,83131,67103,3c60,79121,7f127,4d77,4d77,2638,3b59,[00^31]1
517569,472705,119,44864,[00^31]13,[00^31]13,[00^55]1
517688,472792,36,44896,[00^32]35,dc220,4e78,fe254,011
517729,513766,25,3963,[00^24]23,011
517761,498340,27,19421,[00^26]46,011
517788,482250,5,35538,6298,5c92,e2226,3048,00011
517793,497797,26,19996,[00^25]8,011
517825,517663,57,162,[00^57]1
517882,517818,31,64,088,2e46,bf191,077,d5213,3452,5484,[00^24]1
517921,488178,62,29743,[00^30]1,c0192,[00^30]1
517984,506328,33,11656,[00^32]20,011
518026,516414,2,1612,002f47,011
518037,510096,105,7941,[00^56]130,e7231,088,80128,80128,[00^44]1
518142,471774,8,46368,011,f2242,f9249,011,ef239,83131,033,055,011
518151,517191,6,960,84132,3a58,d2210,d5213,c9201,83131,011
518157,471789,63,46368,099,77119,1824,94148,a6166,5888,74116,2d45,3351,eb235,d2210,ce206,2f47,0b11,df223,f7247,3553,1521,aa170,79121,7f127,d1209,6197,d9217,80128,b9185,011,c4196,2537,2f47,7b123,011,[00^31]1
518221,471853,64,46368,[00^12]128,8d141,7c124,71113,ad173,2b43,a3163,fa250,5383,1b27,066,8a138,2436,1723,c6198,3149,066,bc188,099,4973,[00^29]1,4c76,088,011
518285,499697,32,18588,ca202,74116,ab171,fd253,b4180,b0176,2d45,f5245,e4228,6298,b0176,cd205,f2242,c1193,033,4973,1824,64100,3654,97151,87135,e3227,1925,c1193,ca202,3957,a0160,4c76,82130,1117,ed237,e8232,011
518317,499697,63,18620,ca202,74116,ab171,fd253,b4180,b0176,2d45,f5245,e4228,6298,b0176,cd205,f2242,c1193,033,4973,1824,64100,3654,97151,87135,e3227,1925,c1193,ca202,3957,a0160,4c76,82130,1117,ed237,e8232,[00^31]1
518380,472012,45,46368,c0192,[00^31]212,[00^12]1
518425,499449,26,18976,3856,de222,71113,1218,4f79,7a122,4468,7a122,011,d6214,79121,4569,a5165,1e30,dc220,e9233,ff255,4973,1218,5181,[00^6]1
518453,518219,2,234,00b8184,011
518466,484779,3,33687,5585,2941,088,011
518475,472107,76,46368,00b7183,80128,8d141,7c124,71113,ad173,2b43,a3163,fa250,5383,1b27,066,8a138,2436,1723,c6198,3149,066,bc188,099,4973,[00^31]64,[00^22]1
518551,456647,41,61904,022,4b75,ae174,2a42,e3227,9c156,66102,5e94,d0208,[00^32]1
518592,456752,45,61840,1420,64100,ee238,68104,1a26,fd253,aa170,1016,a9169,f4244,088,a1161,8f143,e2226,d7215,a5165,88136,8e142,81129,2133,6399,[00^24]1
518637,518093,50,544,82130,e7231,088,80128,80128,[00^44]1,011
518688,508416,3,10272,022,f9249,011,011
518692,505154,5,13538,82130,e7231,088,033,84132,011
518706,477330,3,41376,83131,022,3250,011
518731,505802,4,12929,80128,b9185,011,044,011
518739,492191,27,26548,[00^26]151,011
518771,508899,29,9872,[00^28]121,011
518802,515673,45,3129,[00^32]160,[00^12]1
518864,518475,2,389,00b7183,011
518867,502288,31,16579,[00^28]100,fa250,89137,011
518899,508315,44,10584,[00^31]2,[00^12]1
518963,518931,12,32,[00^12]1
518996,489876,50,29120,[00^43]113,022,f8248,6e110,82130,e7231,088,011
519047,503368,10,15679,84132,3149,077,1117,fd253,84132,3149,077,1117,fd253,011
519057,488273,43,30784,82130,eb235,92146,94148,1723,6298,1117,86134,9c156,a2162,b5181,68104,f2242,a7167,d4212,ee238,94148,1e30,077,3a58,82130,1e30,e1225,ff255,80128,b8184,4468,099,5e94,a7167,b3179,[00^12]1
519100,503383,20,15717,1d29,011,88136,c4196,b2178,76118,a0160,93147,66102,d0208,5d93,6b107,e0224,6a106,f6246,1a26,73115,bc188,75117,3553,011
519120,517854,29,1266,[00^28]8,011
519152,480272,54,38880,c0192,[00^46]114,022,f8248,6f111,82130,e7231,088,011
519207,487908,3,31299,84132,3149,055,011
519212,519207,5,5,84132,3149,055,b9185,74116,011
519217,478225,141,40992,83131,011,1c28,4266,94148,1723,6298,1117,86134,9c156,a2162,b5181,68104,f2242,a7167,d4212,ee238,94148,1e30,077,3a58,82130,1e30,e1225,ff255,80128,b8184,4468,099,5e94,a7167,b3179,[00^12]29,011,88136,c4196,b2178,76118,a0160,93147,66102,d0208,5d93,6b107,e0224,6a106,f6246,1a26,73115,bc188,75117,3553,ff255,ff255,ff255,ff255,ff255,ff255,ff255,ff255,ff255,ff255,ff255,ff255,ff255,ff255,ff255,ff255,ff255,ff255,ff255,ff255,ff255,ff255,ff255,ff255,ff255,ff255,ff255,ff255,ff255,ff255,ff255,ff255,c0192,[00^44]1
519358,492798,9,26560,022,74116,022,f9249,022,70112,82130,e7231,088,011
519368,505607,11,13761,84132,2f47,8e142,89137,be190,84132,2f47,8e142,89137,c8200,83131,011
519382,492822,60,26560,94148,67103,8a138,a4164,bf191,4e78,2133,0c12,f2242,1622,67103,5383,e0224,5484,d5213,b7183,c3195,1c28,c7199,fa250,86134,80128,b9185,022,4468,5a90,e4228,011,dc220,[00^28]100,fa250,86134,011
519443,492883,256,26560,[00^31]64,[00^31]2,[00^31]64,[00^30]1,6096,[00^31]228,044,e4228,5a90,af175,[00^12]23,6298,1117,86134,9c156,a2162,b5181,68104,f2242,a7167,d4212,ee238,94148,1e30,077,3a58,82130,1e30,e1225,ff255,[00^12]229,d7215,c2194,a4164,4f79,fd253,df223,6b107,2941,5a90,1521,c1193,4872,1622,7d125,aa170,af175,5c92,f3243,4f79,[00^28]1
519699,493139,2,26560,0000011
519701,508732,14,10969,0064100,[00^12]1
519715,519487,49,228,[00^19]2,[00^29]1
519767,517297,26,2470,[00^25]4,011
519799,493239,121,26560,[00^91]68,4973,4064,4b75,7c124,[00^25]1
519920,519792,19,128,044,4b75,f3243,4d77,cb203,9c156,76118,[00^12]1
519950,519938,1,12,00011
519959,491191,72,28768,[00^28]192,[00^42]1,011
520031,505759,8,14272,3351,022,f9249,011,2f47,82130,e7231,088,011
520040,505256,138,14784,84132,2f47,8e142,89137,be190,84132,2f47,8e142,89137,c8200,82130,7e126,5484,94148,d1209,a3163,ab171,f4244,2f47,9e158,66102,be190,86134,cf207,de222,a8168,c5197,c2194,c7199,4f79,044,1c28,5e94,1420,80128,b9185,011,044,5b91,7d125,74116,82130,[00^31]64,[00^31]160,[00^31]64,011
520179,489165,3,31014,64100,3654,6197,011
520191,479945,3,40246,3351,64100,3856,011
520197,505547,3,14650,65101,66102,3351,011
520209,505407,3,14802,3351,3856,66102,011
520213,479982,4,40231,3755,3351,3856,6298,011
520218,489147,3,31071,6298,6399,3250,011
520226,460132,3,60094,6197,3250,6197,011
520233,458779,3,61454,3250,3250,3250,011
520238,505944,3,14294,3957,65101,3856,011
520242,489074,33,31168,[00^31]64,3452,011
520275,506044,3,14231,3149,3048,3452,011
520285,462163,3,58122,3452,3250,3250,011
520289,479951,3,40338,6399,3957,3149,011
520293,460270,3,60023,6197,3957,66102,011
520319,505499,3,14820,3856,3351,3149,011
520323,520223,3,100,3654,3957,3351,011
520327,489398,3,30929,3755,66102,3048,011
520333,505948,3,14385,3149,3957,65101,011
520338,488722,51,31616,c0192,[00^44]50,022,f0240,82130,e7231,088,011
520390,520040,11,350,84132,2f47,8e142,89137,be190,84132,2f47,8e142,89137,c8200,82130,011
520401,464657,4,55744,5282,088,94148,4468,011
520431,488815,48,31616,0080128,c0192,[00^44]1,011
520479,481183,3,39296,d4212,022,f9249,011
520483,481187,6,39296,d0208,82130,e7231,088,066,84132,011
520489,508936,10,11553,2f47,8d141,e9233,66102,84132,2f47,8d141,e9233,6f111,83131,011
520510,497629,2,22881,003b59,011
520523,520074,3,449,80128,b9185,011,011
520526,455664,17,64862,a4164,ea234,5484,066,3250,[00^12]1
520543,519651,32,892,e5229,d7215,c2194,a4164,4f79,fd253,df223,6b107,2941,5a90,1521,c1193,4872,1622,7d125,aa170,af175,5c92,f3243,4f79,[00^12]1
520575,487661,20,32914,eb235,4670,6399,4266,c4196,d4212,4973,bc188,9f159,5383,a8168,65101,d5213,cb203,90144,5888,6f111,4064,5282,1521,011
520595,517851,32,2744,[00^31]8,011
520627,519284,29,1343,ff255,ff255,ff255,ff255,ff255,ff255,ff255,ff255,ff255,ff255,ff255,ff255,ff255,ff255,ff255,ff255,ff255,ff255,ff255,ff255,ff255,ff255,ff255,ff255,ff255,ff255,ff255,ff255,ff255,011
520659,520627,30,32,ff255,ff255,ff255,ff255,ff255,ff255,ff255,ff255,ff255,ff255,ff255,ff255,ff255,ff255,ff255,ff255,ff255,ff255,ff255,ff255,ff255,ff255,ff255,ff255,ff255,ff255,ff255,ff255,ff255,fc252,011
520691,520627,31,64,ff255,ff255,ff255,ff255,ff255,ff255,ff255,ff255,ff255,ff255,ff255,ff255,ff255,ff255,ff255,ff255,ff255,ff255,ff255,ff255,ff255,ff255,ff255,ff255,ff255,ff255,ff255,ff255,ff255,fc252,e8232,011
520723,520659,31,64,ff255,ff255,ff255,ff255,ff255,ff255,ff255,ff255,ff255,ff255,ff255,ff255,ff255,ff255,ff255,ff255,ff255,ff255,ff255,ff255,ff255,ff255,ff255,ff255,ff255,ff255,ff255,ff255,ff255,fc252,eb235,011
520755,481267,26,39488,[00^25]71,011
520787,520450,29,337,[00^28]1,011
520819,470501,26,50318,[00^25]60,011
520851,520787,29,64,[00^28]1,011
520883,518400,13,2483,[00^12]212,011
520896,468949,19,51947,2a42,a3163,70112,fc252,d0208,6c108,68104,3b59,71113,5484,ff255,a7167,99153,a8168,e0224,0a10,c0192,1218,1e30,011
520915,518867,31,2048,[00^28]100,fa250,89137,011
520947,491219,52,29728,c0192,[00^42]1,f4244,022,f9249,011,f0240,82130,e7231,088,011
520999,506119,4,14880,80128,84132,2f47,8d141,011
521004,490411,3,30593,8b139,84132,2f47,011
521010,491282,224,29728,83131,022,055,aa170,94148,088,72114,ec236,4468,2638,1016,3452,82130,a5165,0f15,2638,ff255,c3195,2a42,ce206,fc252,ec236,6197,b3179,c9201,80128,b9185,011,c4196,d4212,df223,d6214,bc188,[00^127]1,[00^31]1,[00^28]101,2234,1117,011
521235,512266,160,8969,[00^63]5,[00^62]1,4064,[00^31]65,011
521460,491188,75,30272,[00^31]192,[00^42]1,011
521535,488863,11,32672,3351,022,f9249,011,2f47,82130,e7231,088,044,84132,2f47,011
521546,521002,8,544,8d141,3b59,8b139,84132,2f47,8d141,3b59,95149,011
521554,488882,129,32672,82130,7e126,5484,94148,d1209,a3163,ab171,f4244,2f47,9e158,66102,be190,86134,cf207,de222,a8168,c5197,c2194,c7199,4f79,044,1c28,5e94,1420,80128,b9185,011,044,5b91,7d125,74116,82130,[00^31]64,[00^31]160,[00^31]64,3553,011
521684,479885,3,41799,3351,3755,3755,011
521687,489167,3,32520,6197,65101,3351,011
521692,505401,3,16291,3957,64100,3654,011
521697,464123,3,57574,3048,3452,3149,011
521706,489383,4,32323,66102,6399,3351,3654,011
521712,458776,3,62936,3856,6399,64100,011
521717,489409,3,32308,64100,6197,66102,011
521721,458877,3,62844,66102,3755,3250,011
521726,489019,3,32707,3452,3250,3856,011
521737,489052,3,32685,3048,3048,3856,011
521741,505503,3,16238,65101,3351,3856,011
521746,462130,33,59616,[00^31]64,64100,011
521779,521719,3,60,66102,3553,66102,011
521783,458852,3,62931,3957,3553,66102,011
521793,505951,4,15842,3048,66102,3149,3856,011
521797,521731,3,66,66102,3957,6197,011
521805,489504,3,32301,6298,66102,3553,011
521811,489130,3,32681,3755,65101,3452,011
521816,458864,3,62952,65101,3553,3351,011
521829,505406,3,16423,66102,3351,3856,011
521835,462318,3,59517,6298,64100,64100,011
521839,460269,3,61570,3250,6197,3957,011
521842,505202,53,16640,c0192,[00^43]1,3351,022,f9249,011,2f47,82130,e7231,088,011
521896,521544,138,352,84132,2f47,8d141,3b59,8b139,84132,2f47,8d141,3b59,95149,82130,7e126,5484,94148,d1209,a3163,ab171,f4244,2f47,9e158,66102,be190,86134,cf207,de222,a8168,c5197,c2194,c7199,4f79,044,1c28,5e94,1420,80128,b9185,011,044,5b91,7d125,74116,82130,[00^31]64,[00^31]160,[00^31]64,011
522034,489415,3,32619,3149,3048,3957,011
522037,505491,4,16546,3755,3654,3755,6298,011
522042,489055,3,32987,6399,3452,6399,011
522046,505961,3,16085,3452,3351,66102,011
522049,505934,3,16115,3957,3149,3452,011
522055,489040,3,33015,3856,3452,65101,011
522062,505447,5,16615,3856,3351,3048,3250,66102,011
522068,489039,3,33029,6298,3856,3452,011
522076,479859,3,42217,3654,3654,3856,011
522086,458774,3,63312,3149,65101,3856,011
522093,458797,3,63296,66102,3553,6197,011
522097,460177,33,61920,64100,[00^31]64,011
522134,520210,3,1924,3856,66102,3048,011
522137,505531,4,16606,64100,3250,3048,65101,011
522141,506020,3,16121,3048,6298,3048,011
522144,505513,3,16631,6298,6399,3654,011
522148,462217,3,59931,3553,3351,3553,011
522153,460172,3,61981,6298,3856,6399,011
522156,489510,3,32646,3452,3452,64100,011
522160,464125,3,58035,3149,3957,3957,011
522166,522146,3,20,3654,3553,3553,011
522173,489048,3,33125,3048,3755,3149,011
522176,520210,4,1966,3856,66102,3048,3755,011
522185,479927,3,42258,65101,3755,3553,011
522189,462177,3,60012,3452,65101,65101,011
522194,521842,45,352,c0192,[00^43]1,011
522239,509887,53,12352,0d13,f9249,011,0a10,011,84132,2a42,ea234,5484,0082130,9d157,78120,94148,088,72114,ec236,4468,2638,1016,3452,82130,a5165,0f15,2638,ff255,c3195,2a42,ce206,fc252,ec236,6197,b3179,c9201,80128,b8184,e4228,f2242,4266,4367,2a42,[00^12]1
522292,513068,20,9224,2638,d3211,97151,c8200,f9249,6a106,86134,d0208,66102,5484,c2194,cf207,3c60,4973,a1161,5e94,7d125,b3179,5d93,b5181,011
522312,509640,256,12672,[00^12]174,c3195,ca202,ce206,f9249,4569,7f127,f2242,82130,1d29,9f159,85133,4266,9c156,e3227,d9217,0b11,001420,5989,[00^31]5,[00^31]1,[00^31]160,[00^64]130,e7231,088,80128,80128,[00^49]1,0d13,f9249,011,0a10,011,84132,2a42,ea234,5484,011
522568,509896,44,12672,0082130,9d157,78120,94148,088,72114,ec236,4468,2638,1016,3452,82130,a5165,0f15,2638,ff255,c3195,2a42,ce206,fc252,ec236,6197,b3179,c9201,80128,b8184,e4228,f2242,4266,4367,2a42,[00^12]1
522612,513088,20,9524,81129,91145,6096,3b59,65101,1b27,a2162,2941,6197,e7231,7c124,b8184,b2178,d6214,67103,f4244,5e94,d7215,7d125,2c44,011
522632,522312,256,320,[00^12]174,c3195,ca202,ce206,f9249,4569,7f127,f2242,82130,1d29,9f159,85133,4266,9c156,e3227,d9217,0b11,001420,5989,[00^31]5,[00^31]1,[00^31]160,[00^64]130,e7231,088,80128,80128,[00^49]1,0d13,f9249,011,0a10,011,84132,2a42,ea234,5484,011
522888,522568,44,320,0082130,9d157,78120,94148,088,72114,ec236,4468,2638,1016,3452,82130,a5165,0f15,2638,ff255,c3195,2a42,ce206,fc252,ec236,6197,b3179,c9201,80128,b8184,e4228,f2242,4266,4367,2a42,[00^12]1
522932,513048,20,9884,4771,c7199,c8200,a1161,5282,9c156,3553,d0208,6f111,a7167,cf207,2f47,a4164,db219,1f31,5585,0d13,99153,91145,6a106,011
522952,509960,256,12992,[00^12]174,c3195,ca202,ce206,f9249,4569,7f127,f2242,82130,1d29,9f159,85133,4266,9c156,e3227,d9217,0b11,001420,5989,[00^31]5,[00^31]1,[00^31]160,[00^64]130,e7231,088,80128,80128,[00^49]1,ef239,f9249,011,ec236,80128,84132,2a42,ea234,5484,011
523208,510216,224,12992,0083131,011,5f95,90144,94148,088,72114,ec236,4468,2638,1016,3452,82130,a5165,0f15,2638,ff255,c3195,2a42,ce206,fc252,ec236,6197,b3179,c9201,80128,b9185,011,c4196,d4212,df223,d6214,bc188,[00^127]1,[00^31]1,[00^28]101,1420,011
523434,521235,160,2199,[00^63]5,[00^62]1,4064,[00^31]65,011
523658,510666,256,12992,1b27,[00^31]130,e7231,088,80128,80128,[00^47]1,ef239,f9249,011,ec236,80128,84132,2a42,ea234,5484,0083131,011,5f95,90144,94148,088,72114,ec236,4468,2638,1016,3452,82130,a5165,0f15,2638,ff255,c3195,2a42,ce206,fc252,ec236,6197,b3179,c9201,80128,b9185,011,c4196,d4212,df223,d6214,bc188,[00^127]1,011
523914,510922,63,12992,[00^31]1,[00^28]101,1420,1420,011
523978,523434,160,544,[00^63]5,[00^62]1,4064,[00^31]65,011
524202,511754,87,12448,1c28,[00^31]130,e7231,088,80128,80128,[00^48]44,eb235,011
524290,511938,9,12352,84132,2a42,ea234,5484,0082130,5282,088,94148,011
524318,495902,65,28416,2c44,86134,5a90,f3243,1016,7a122,4064,0080128,82130,e7231,088,80128,80128,[00^51]1
524383,511935,12,12448,2c44,eb235,4f79,84132,2a42,ea234,5484,0082130,5282,088,94148,011
524415,524319,66,96,86134,5a90,f3243,1016,7a122,4064,0080128,82130,e7231,088,80128,80128,[00^51]44,eb235,011
524482,524386,9,96,84132,2a42,ea234,5484,0082130,5282,088,94148,011
524511,524415,64,96,86134,5a90,f3243,1016,7a122,4064,0080128,82130,e7231,088,80128,80128,[00^51]1
524575,495039,52,29536,ec236,f8248,ea234,011,84132,2a42,ea234,5484,0082130,9b155,2840,94148,088,72114,ec236,4468,2638,1016,3452,82130,a5165,0f15,2638,ff255,c3195,2a42,ce206,fc252,ec236,6197,b3179,c9201,80128,b8184,c4196,f2242,4266,4367,2a42,[00^12]1
524627,513148,32,11479,de222,1420,1925,b7183,98152,0c12,98152,1b27,68104,ab171,4973,89137,1723,022,c1193,6399,4569,3755,033,c4196,[00^12]1
524659,467987,204,56672,011,e4228,a6166,6399,ff255,fa250,f1241,4367,0d13,3a58,3654,5888,8b139,2c44,1420,b7183,2234,3149,d8216,b4180,[00^31]5,[00^31]1,[00^31]160,[00^32]130,e7231,088,80128,80128,[00^51]1
524863,495967,4,28896,2e46,ed237,82130,022,011
524868,524482,9,386,84132,2a42,ea234,5484,0082130,5282,088,94148,011
524897,468513,94,56384,86134,5484,95149,3f63,f6246,d0208,0080128,82130,e7231,088,80128,80128,[00^80]2,011
525020,524989,1,31,00011
525032,516266,20,8766,3957,b9185,8f143,e0224,d1209,3a58,d4212,bd189,83131,5f95,2032,055,c9201,73115,9f159,5585,ec236,ff255,88136,b8184,011
525092,485704,40,39388,e9233,3654,85133,f3243,bb187,a0160,3048,1622,f0240,2b43,d1209,82130,8b139,ad173,d6214,1925,5989,88136,d9217,5080,e9233,3654,85133,f3243,bb187,a0160,3048,1622,f0240,2b43,d1209,82130,8b139,ad173,d6214,1925,5989,88136,d9217,5080,011
525132,518847,20,6285,7f127,b8184,3b59,c2194,a4164,93147,b3179,de222,96150,d4212,d3211,e5229,98152,2335,c2194,b2178,2335,00b7183,6e110,011
525192,519939,20,5253,2f47,9a154,89137,044,da218,5585,b6182,ac172,d0208,4266,f9249,0085133,97151,e0224,088,066,4064,90144,3351,011
525232,496952,20,28280,85133,9e158,8a138,75117,af175,2941,77119,2638,c5197,066,d2210,97151,6197,3a58,f5245,bd189,3957,6f111,f6246,1c28,011
525252,520895,20,4357,d4212,2a42,a3163,70112,fc252,d0208,6c108,68104,3b59,71113,5484,ff255,a7167,99153,a8168,e0224,0a10,c0192,1218,1e30,011
525332,513068,40,12264,2638,d3211,97151,c8200,f9249,6a106,86134,d0208,66102,5484,c2194,cf207,3c60,4973,a1161,5e94,7d125,b3179,5d93,b5181,81129,91145,6096,3b59,65101,1b27,a2162,2941,6197,e7231,7c124,b8184,b2178,d6214,67103,f4244,5e94,d7215,7d125,2c44,011
525372,522932,20,2440,4771,c7199,c8200,a1161,5282,9c156,3553,d0208,6f111,a7167,cf207,2f47,a4164,db219,1f31,5585,0d13,99153,91145,6a106,011
525392,511947,20,13445,6f111,bd189,1521,b9185,7c124,87135,4973,84132,c8200,db219,e8232,99153,bf191,b7183,033,84132,94148,a7167,ff255,5282,011
525412,511851,20,13561,a9169,ed237,eb235,a4164,78120,ff255,f6246,6f111,78120,5181,cd205,5d93,e5229,70112,f8248,93147,d6214,ae174,8e142,c3195,011
525491,513147,21,12344,2436,de222,1420,1925,b7183,98152,0c12,98152,1b27,68104,ab171,4973,89137,1723,022,c1193,6399,4569,3755,033,c4196,011
525512,504581,56,20931,011,e4228,a6166,6399,ff255,fa250,f1241,4367,0d13,3a58,3654,5888,8b139,2c44,1420,b7183,2234,3149,d8216,b4180,[00^36]1
525572,525567,1,5,00011
525600,513248,31,12352,[00^28]100,fa250,85133,011
525632,521460,62,4172,[00^31]192,[00^30]1
525696,525664,31,32,[00^30]92,011
525728,525696,30,32,[00^30]1
525760,525632,31,128,[00^31]1
525792,513504,62,12288,[00^30]4,2032,[00^30]1
525856,516909,31,8947,[00^30]32,011
525888,498144,62,27744,[00^30]34,[00^31]1
525952,514112,31,11840,[00^30]40,011
525983,481056,32,44927,[00^31]48,011
526016,514305,31,11711,[00^30]49,011
526048,526016,31,32,[00^30]49,011
526080,505121,31,20959,[00^30]51,011
526112,470432,63,55680,[00^30]59,c0192,[00^30]60,011
526176,497632,31,28544,[00^30]61,011
526207,525983,31,224,[00^31]1
526240,522099,31,4141,[00^30]64,011
526271,469503,63,56768,a0160,[00^30]66,2032,[00^30]1
526336,526304,30,32,[00^30]1
526368,526336,30,32,[00^30]1
526400,526368,30,32,[00^30]1
526431,526207,31,224,[00^31]1
526464,526432,30,32,[00^30]1
526496,526464,30,32,[00^30]1
526528,526496,30,32,[00^30]1
526560,526528,31,32,[00^30]79,011
526592,526560,30,32,[00^30]1
526624,526592,30,32,[00^30]1
526656,526624,30,32,[00^30]1
526688,526656,30,32,[00^30]1
526720,526688,30,32,[00^30]1
526752,526720,30,32,[00^30]1
526784,526752,31,32,[00^30]90,011
526816,526784,30,32,[00^30]1
526847,513663,32,13184,4064,[00^30]20,011
526884,514434,4,12450,82130,e7231,088,82130,011
526895,526890,5,5,84132,6d109,a8168,82130,b4180,011
526933,524743,44,2190,[00^31]160,[00^12]1
526977,519619,32,7358,1723,6298,1117,86134,9c156,a2162,b5181,68104,f2242,a7167,d4212,ee238,94148,1e30,077,3a58,82130,1e30,e1225,ff255,[00^12]1
527009,500052,20,26957,6197,3149,b5181,fa250,e1225,9e158,a4164,f9249,d9217,64100,ea234,c0192,4064,8e142,4468,088,b6182,6399,3755,b5181,011
527029,507669,31,19360,[00^30]9,011
527061,487168,31,39893,[00^30]19,011
527093,526997,62,96,[00^12]97,3149,b5181,fa250,e1225,9e158,a4164,f9249,d9217,64100,ea234,c0192,4064,8e142,4468,088,b6182,6399,3755,b5181,[00^30]1
527155,521968,32,5187,004064,[00^30]1
527187,462509,256,64678,088,2436,e2226,1f31,d0208,e9233,[00^31]32,[00^12]209,b4180,74116,90144,2032,9c156,cb203,7a122,80128,6e110,8a138,4569,d9217,4771,94148,90144,c0192,4064,ab171,f4244,[00^63]160,[00^30]3,a0160,[00^30]5,e0224,[00^30]2,e0224,[00^26]1
527443,462765,50,64678,[00^5]32,[00^31]192,[00^12]1
527493,508650,64,18843,e5229,d7215,c2194,a4164,4f79,fd253,df223,6b107,2941,5a90,1521,c1193,4872,1622,7d125,aa170,af175,5c92,f3243,4f79,[00^12]23,6298,1117,86134,9c156,a2162,b5181,68104,f2242,a7167,d4212,ee238,94148,1e30,077,3a58,82130,1e30,e1225,ff255,[00^12]1
527557,526905,20,652,ee238,4d77,6c108,b4180,5585,011,5b91,aa170,a3163,4e78,e1225,d1209,eb235,70112,fc252,f3243,ad173,1e30,c6198,e3227,011
527577,520915,31,6662,[00^28]100,fa250,89137,011
527609,462931,256,64678,[00^30]2,80128,[00^31]1,[00^31]32,[00^31]1,[00^31]32,[00^31]64,6399,4064,7a122,4973,[00^27]2,[00^31]224,011
527865,463187,44,64678,[00^12]209,b4180,74116,90144,2032,9c156,cb203,7a122,80128,6e110,8a138,4569,d9217,4771,94148,90144,c0192,4064,ab171,f4244,[00^12]1
527909,516696,32,11213,d5213,5383,9d157,033,6096,4367,8a138,66102,66102,1117,4872,c6198,3351,a9169,f0240,96150,5e94,4872,2840,4569,[00^12]1
527941,508650,76,19291,e5229,d7215,c2194,a4164,4f79,fd253,df223,6b107,2941,5a90,1521,c1193,4872,1622,7d125,aa170,af175,5c92,f3243,4f79,[00^12]23,6298,1117,86134,9c156,a2162,b5181,68104,f2242,a7167,d4212,ee238,94148,1e30,077,3a58,82130,1e30,e1225,ff255,[00^24]1
528023,523848,97,4175,[00^65]1,[00^31]1
528121,514512,15,13609,[00^14]7,011
528137,528123,12,14,[00^12]1
528153,508638,94,19515,[00^12]229,d7215,c2194,a4164,4f79,fd253,df223,6b107,2941,5a90,1521,c1193,4872,1622,7d125,aa170,af175,5c92,f3243,4f79,[00^12]23,6298,1117,86134,9c156,a2162,b5181,68104,f2242,a7167,d4212,ee238,94148,1e30,077,3a58,82130,1e30,e1225,ff255,[00^30]1
528247,463569,110,64678,011,6096,[00^30]1,a0160,[00^30]1,e0224,[00^30]2,[00^13]1
528357,527557,44,800,ee238,4d77,6c108,b4180,5585,011,5b91,aa170,a3163,4e78,e1225,d1209,eb235,70112,fc252,f3243,ad173,1e30,c6198,e3227,[00^24]1
528401,528017,36,384,1016,4e78,fa250,84132,8d141,1723,[00^30]1
528439,528436,1,3,00011
528441,463763,184,64678,[00^62]2,2032,[00^31]1,[00^12]209,b4180,74116,90144,2032,9c156,cb203,7a122,80128,6e110,8a138,4569,d9217,4771,94148,90144,c0192,4064,ab171,f4244,[00^31]1,[00^24]1
528625,528017,71,608,1016,4e78,fa250,84132,8d141,1723,[00^65]1
528696,528025,64,671,[00^63]1,011
528761,464083,11,64678,7b123,2234,5383,6f111,75117,72114,6399,65101,2234,3a58,2234,011
528781,464103,17,64678,2234,2c44,2234,4165,6d109,6f111,75117,6e110,74116,4973,6e110,5585,5383,4468,2234,3a58,2234,011
528810,464137,19,64673,3452,2234,2c44,2234,4165,6d109,6f111,75117,6e110,74116,4f79,75117,74116,5585,5383,4468,2234,3a58,2234,011
528829,528798,3,31,3149,3957,3351,011
528836,528830,3,6,3957,3351,3553,011
528843,464134,3,64709,3957,3957,3957,011
528847,464174,68,64673,2234,2c44,2234,5282,65101,66102,65101,72114,72114,6197,6c108,2234,3a58,2234,2234,2c44,2234,4670,6c108,6197,67103,73115,2234,3a58,3351,2c44,2234,4973,6e110,74116,65101,67103,72114,69105,74116,79121,4973,6e110,66102,6f111,2234,3a58,7b123,2234,4b75,65101,79121,4973,4468,2234,3a58,2234,3149,2234,2c44,2234,5383,69105,67103,6e110,6197,74116,75117,72114,65101,2234,3a58,2234,011
529148,528936,3,212,72114,4771,5282,011
529256,464583,12,64673,4165,3d61,3d61,2234,7d125,7d125,[00^6]1
529268,529267,63,1,[00^63]1
529333,527189,162,2144,e2226,1f31,d0208,e9233,[00^31]32,[00^12]209,b4180,74116,90144,2032,9c156,cb203,7a122,80128,6e110,8a138,4569,d9217,4771,94148,90144,c0192,4064,ab171,f4244,[00^63]160,[00^30]1
529497,486880,62,42617,[00^30]8,[00^31]1
529560,529432,32,128,[00^32]1
529592,527448,45,2144,2032,[00^31]192,[00^12]1
529637,519619,64,10018,1723,6298,1117,86134,9c156,a2162,b5181,68104,f2242,a7167,d4212,ee238,94148,1e30,077,3a58,82130,1e30,e1225,ff255,[00^12]229,d7215,c2194,a4164,4f79,fd253,df223,6b107,2941,5a90,1521,c1193,4872,1622,7d125,aa170,af175,5c92,f3243,4f79,[00^12]1
529701,527557,82,2144,ee238,4d77,6c108,b4180,5585,011,5b91,aa170,a3163,4e78,e1225,d1209,eb235,70112,fc252,f3243,ad173,1e30,c6198,e3227,[00^28]100,fa250,89137,b9185,[00^30]1
529784,503225,34,26559,a0160,[00^31]1,00011
529818,529562,62,256,[00^30]32,[00^31]1
529880,519506,64,10374,022,[00^31]64,[00^30]1,011
529945,529881,32,64,[00^31]64,011
529981,529853,58,128,[00^27]2,[00^30]1
530041,516908,76,13133,[00^31]32,[00^31]160,[00^12]1
530137,529625,44,512,[00^12]23,6298,1117,86134,9c156,a2162,b5181,68104,f2242,a7167,d4212,ee238,94148,1e30,077,3a58,82130,1e30,e1225,ff255,[00^12]1
530181,481599,48,48582,4c76,ba186,b0176,2a42,5484,4872,6096,5e94,95149,1824,1420,89137,b6182,ec236,044,044,e7231,2133,eb235,85133,[00^28]1
530229,528149,16,2080,73115,3d61,6e110,fc252,[00^12]1
530245,508231,64,22014,[00^19]96,[00^12]23,6298,1117,86134,9c156,a2162,b5181,68104,f2242,a7167,d4212,ee238,94148,1e30,077,3a58,82130,1e30,e1225,ff255,[00^12]1
530309,529381,51,928,d1209,b4180,74116,90144,2032,9c156,cb203,7a122,80128,6e110,8a138,4569,d9217,4771,94148,90144,c0192,4064,ab171,f4244,[00^31]1
530360,529880,33,480,022,[00^31]64,011
530393,529977,172,416,e7231,5686,ca202,c1193,[00^27]2,[00^30]1,4064,[00^31]32,[00^31]160,[00^12]113,6096,5787,0b11,b1177,5383,ed237,d0208,ea234,1723,75117,ec236,2b43,2a42,c9201,b6182,5f95,1a26,b6182,1b27,[00^12]1
530565,516234,32,14331,7d125,4367,aa170,bc188,5181,5c92,3553,6197,4569,044,92146,2739,ce206,e5229,4b75,6096,83131,4266,c0192,ad173,[00^12]1
530597,516074,43,14523,7f127,72114,e0224,d8216,e9233,ab171,f9249,1319,3a58,92146,3250,2b43,8b139,5080,bd189,8e142,0f15,9d157,cf207,cb203,[00^23]1
530649,516190,76,14459,[00^31]96,[00^12]125,4367,aa170,bc188,5181,5c92,3553,6197,4569,044,92146,2739,ce206,e5229,4b75,6096,83131,4266,c0192,ad173,[00^12]1
530725,530309,83,416,d1209,b4180,74116,90144,2032,9c156,cb203,7a122,80128,6e110,8a138,4569,d9217,4771,94148,90144,c0192,4064,ab171,f4244,[00^31]2,[00^31]1
530809,530445,11,364,[00^10]1,011
530825,528617,9,2208,[00^8]16,011
530841,493047,95,37794,[00^12]23,6298,1117,86134,9c156,a2162,b5181,68104,f2242,a7167,d4212,ee238,94148,1e30,077,3a58,82130,1e30,e1225,ff255,[00^12]229,d7215,c2194,a4164,4f79,fd253,df223,6b107,2941,5a90,1521,c1193,4872,1622,7d125,aa170,af175,5c92,f3243,4f79,[00^30]1,011
530936,528248,153,2688,6096,[00^30]1,a0160,[00^30]1,e0224,[00^30]2,[00^13]238,4d77,6c108,b4180,5585,011,5b91,aa170,a3163,4e78,e1225,d1209,eb235,70112,fc252,f3243,ad173,1e30,c6198,e3227,[00^24]1
531089,530225,32,864,[00^4]115,3d61,6e110,fc252,[00^24]1
531129,528441,184,2688,[00^62]2,2032,[00^31]1,[00^12]209,b4180,74116,90144,2032,9c156,cb203,7a122,80128,6e110,8a138,4569,d9217,4771,94148,90144,c0192,4064,ab171,f4244,[00^31]1,[00^24]1
531313,530225,39,1088,[00^4]115,3d61,6e110,fc252,[00^31]1
531352,528664,96,2688,[00^95]1,011
531449,528761,40,2688,7b123,2234,5383,6f111,75117,72114,6399,65101,2234,3a58,2234,4468,65101,66102,69105,4c76,6c108,6197,6d109,6197,2234,2c44,2234,4165,6d109,6f111,75117,6e110,74116,4973,6e110,5585,5383,4468,2234,3a58,2234,3149,3957,3351,011
531489,528832,18,2657,3553,2e46,3351,3351,3957,3351,3553,3351,3957,3452,3755,3957,3957,3957,3856,2234,2c44,2234,011
531507,528814,18,2693,4165,6d109,6f111,75117,6e110,74116,4f79,75117,74116,5585,5383,4468,2234,3a58,2234,3149,3957,3351,011
531537,521694,3,9843,3654,3452,3250,011
531540,528847,68,2693,2234,2c44,2234,5282,65101,66102,65101,72114,72114,6197,6c108,2234,3a58,2234,2234,2c44,2234,4670,6c108,6197,67103,73115,2234,3a58,3351,2c44,2234,4973,6e110,74116,65101,67103,72114,69105,74116,79121,4973,6e110,66102,6f111,2234,3a58,7b123,2234,4b75,65101,79121,4973,4468,2234,3a58,2234,3149,2234,2c44,2234,5383,69105,67103,6e110,6197,74116,75117,72114,65101,2234,3a58,2234,011
531712,520329,3,11383,3048,3553,3452,011
531745,529136,3,2609,4872,3957,66102,011
531784,528986,3,2798,71113,6e110,75117,011
531829,531695,3,134,6c108,71113,77119,011
531949,529256,71,2693,4165,3d61,3d61,2234,7d125,7d125,[00^65]1
532021,531990,31,31,[00^30]3,011
532053,506560,31,25493,[00^30]6,011
532085,514496,31,17589,[00^30]7,011
532117,514485,50,17632,c0192,[00^40]7,3b59,022,f9249,077,3755,82130,e7231,088,011
532168,514536,11,17632,84132,6298,5989,0080128,84132,6298,5989,008f143,83131,011
532182,514550,26,17632,94148,2840,7b123,3e62,89137,055,d6214,4e78,bb187,d5213,033,e6230,af175,022,8a138,c5197,2032,78120,6197,3856,1218,87135,ba186,84132,78120,ca202,011
532211,514579,256,17632,b9185,077,044,d4212,0e14,af175,0a10,[00^31]96,[00^57]1,1016,d9217,3149,6e110,c0192,[00^32]3,[00^31]96,[00^30]2,6096,[00^30]3,4064,[00^12]3,2b43,2436,1d29,e8232,6a106,86134,6096,f1241,ae174,066,91145,a4164,011
532467,514835,36,17632,76118,0b11,4266,6e110,a2162,4670,d7215,[00^25]186,84132,78120,ca202,011
532503,532208,3,295,b1177,89137,9a154,011
532506,514874,252,17632,[00^31]1,[00^63]160,[00^30]1,2436,1117,5f95,f6246,7e126,[00^31]32,[00^31]160,[00^12]40,7b123,3e62,89137,055,d6214,4e78,bb187,d5213,033,e6230,af175,022,8a138,c5197,2032,78120,6197,3856,1218,[00^23]4,011
532765,515133,30,17632,[00^26]186,84132,78120,ca202,011
532795,532503,31,292,b1177,89137,9a154,[00^28]1
532826,515834,3,16992,64100,fa250,a1161,011
532830,515198,256,17632,[00^31]43,7d125,4367,aa170,bc188,5181,5c92,3553,6197,4569,044,92146,2739,ce206,e5229,4b75,6096,83131,4266,c0192,ad173,000b11,b8184,e5229,d7215,c2194,a4164,4f79,fd253,df223,6b107,2941,5a90,1521,c1193,4872,1622,7d125,aa170,af175,5c92,f3243,4f79,[00^61]3,2b43,2436,1d29,e8232,6a106,86134,6096,f1241,ae174,066,91145,a4164,76118,0b11,4266,6e110,a2162,4670,d7215,[00^63]1,[00^36]1
533086,515454,256,17632,[00^27]160,[00^31]4,1218,2133,0e14,8a138,[00^40]128,e3227,82130,91145,e0224,6399,3957,d1209,0a10,ab171,4872,3c60,65101,69105,5d93,004d77,bd189,5c92,69105,[00^63]1,[00^63]160,[00^4]1
533342,515710,127,17632,[00^26]2,64100,2c44,c4196,088,1e30,[00^31]96,[00^31]1,[00^28]100,fa250,a1161,011
533470,515838,152,17632,[00^31]1,[00^31]32,[00^31]96,[00^12]125,4367,aa170,bc188,5181,5c92,3553,6197,4569,044,92146,2739,ce206,e5229,4b75,6096,83131,4266,c0192,ad173,[00^23]4,011
533622,532758,33,864,79121,90144,a9169,2d45,f9249,99153,0a10,[00^26]1
533655,516023,256,17632,[00^6]1,[00^31]32,[00^12]127,72114,e0224,d8216,e9233,ab171,f9249,1319,3a58,92146,3250,2b43,8b139,5080,bd189,8e142,0f15,9d157,cf207,cb203,[00^31]128,[00^62]1,[00^32]96,[00^12]125,4367,aa170,bc188,5181,5c92,3553,6197,4569,044,92146,2739,ce206,e5229,4b75,6096,83131,4266,c0192,ad173,[00^12]57,b9185,8f143,e0224,d1209,3a58,d4212,bd189,83131,5f95,2032,055,c9201,011
533911,516279,135,17632,73115,9f159,5585,ec236,ff255,88136,b8184,[00^31]1,[00^60]192,[00^35]1
534053,516518,3,17535,84132,3b59,9a154,011
534058,498632,5,35426,83131,1e30,84132,80128,94148,011
534083,523778,3,10305,80128,b9185,011,011
534091,529503,25,4588,[00^24]8,011
534121,533977,46,144,[00^33]192,[00^12]1
534187,503763,44,30424,[00^30]1,2032,[00^12]1
534251,533274,63,977,[00^63]1
534315,532885,21,1430,e5229,d7215,c2194,a4164,4f79,fd253,df223,6b107,2941,5a90,1521,c1193,4872,1622,7d125,aa170,af175,5c92,f3243,4f79,00011
534338,475875,64,58463,1723,6298,1117,86134,9c156,a2162,b5181,68104,f2242,a7167,d4212,ee238,94148,1e30,077,3a58,82130,1e30,e1225,ff255,[00^44]1
534402,534306,9,96,[00^8]43,011
534411,534338,23,73,1723,6298,1117,86134,9c156,a2162,b5181,68104,f2242,a7167,d4212,ee238,94148,1e30,077,3a58,82130,1e30,e1225,ff255,000000011
534434,532885,41,1549,e5229,d7215,c2194,a4164,4f79,fd253,df223,6b107,2941,5a90,1521,c1193,4872,1622,7d125,aa170,af175,5c92,f3243,4f79,[00^21]1
534475,524905,51,9570,82130,e7231,088,80128,80128,[00^46]1
534530,516514,3,18016,6e110,82130,099,011
534534,516518,6,18016,84132,3b59,9a154,ca202,0083131,011
534543,516527,23,18016,94148,ef239,95149,c5197,b6182,cb203,b6182,6e110,de222,fe254,f6246,6e110,e8232,ca202,5a90,055,f3243,c2194,fa250,eb235,9c156,80128,b9185,011
534567,516551,29,18016,4468,79121,fb251,d3211,f6246,[00^24]1
534596,526106,5,8490,[00^4]51,011
534603,532313,96,2290,[00^32]3,[00^31]96,[00^30]2,011
534700,534686,12,14,[00^12]1
534732,516716,94,18016,[00^63]96,[00^30]1
534828,518963,32,15865,[00^12]162,1925,4367,92146,5888,ca202,9d157,a2162,9e158,9c156,c4196,ce206,5585,96150,92146,4771,4569,e1225,2b43,93147,011
534860,519443,127,15417,[00^31]64,[00^31]2,[00^31]64,[00^30]1,011
534987,533081,64,1906,[00^32]160,[00^31]1
535051,517003,77,18048,0f15,[00^31]64,[00^31]64,[00^12]1
535128,533706,32,1422,7f127,72114,e0224,d8216,e9233,ab171,f9249,1319,3a58,92146,3250,2b43,8b139,5080,bd189,8e142,0f15,9d157,cf207,cb203,[00^12]1
535160,490815,44,44345,7d125,4367,aa170,bc188,5181,5c92,3553,6197,4569,044,92146,2739,ce206,e5229,4b75,6096,83131,4266,c0192,ad173,[00^24]1
535204,534003,39,1201,[00^7]192,[00^31]1
535243,492882,64,42361,055,[00^31]64,[00^31]1
535308,535295,12,13,[00^12]1
535340,534751,44,589,[00^44]1
535384,534434,20,950,e5229,d7215,c2194,a4164,4f79,fd253,df223,6b107,2941,5a90,1521,c1193,4872,1622,7d125,aa170,af175,5c92,f3243,4f79,011
535404,534475,50,929,82130,e7231,088,80128,80128,[00^45]1
535454,499390,8,36064,022,3250,f9249,022,2f47,83131,033,066,011
535468,499404,128,36064,83131,044,8d141,9c156,94148,cb203,5686,6e110,3b59,69105,3452,fa250,77119,2537,8d141,68104,ea234,1824,e9233,3149,fa250,75117,e1225,aa170,aa170,80128,b9185,022,044,6c108,4569,9a154,2840,[00^12]56,de222,71113,1218,4f79,7a122,4468,7a122,011,d6214,79121,4569,a5165,1e30,dc220,e9233,ff255,4973,1218,5181,[00^31]128,[00^28]100,fa250,d9217,011
535597,499533,100,36064,[00^30]1,4064,[00^31]132,70112,4367,1622,e5229,[00^31]184,011
535729,529300,32,6429,[00^31]10,011
535761,535697,63,64,fa250,6b107,94148,d1209,3d61,79121,6b107,9c156,c0192,2739,7f127,af175,d7215,b4180,a9169,b5181,b7183,af175,6e110,93147,e3227,fe254,022,6197,4771,9d157,1622,088,1117,e0224,67103,9d157,[00^31]1
535824,524779,29,11045,[00^28]130,011
535926,535851,1,75,00011
535973,535926,1,47,00011
535982,499310,80,36672,1b27,[00^30]130,e7231,088,80128,80128,[00^44]1
536068,500003,6,36065,84132,3553,a4164,e9233,0083131,011
536078,527105,20,8973,6197,3149,b5181,fa250,e1225,9e158,a4164,f9249,d9217,64100,ea234,c0192,4064,8e142,4468,088,b6182,6399,3755,b5181,011
536100,527187,256,8913,088,2436,e2226,1f31,d0208,e9233,[00^31]32,[00^12]209,b4180,74116,90144,2032,9c156,cb203,7a122,80128,6e110,8a138,4569,d9217,4771,94148,90144,c0192,4064,ab171,f4244,[00^63]160,[00^30]3,a0160,[00^30]5,e0224,[00^30]2,e0224,[00^26]1
536356,527443,50,8913,[00^5]32,[00^31]192,[00^12]1
536406,527525,33,8881,1723,6298,1117,86134,9c156,a2162,b5181,68104,f2242,a7167,d4212,ee238,94148,1e30,077,3a58,82130,1e30,e1225,ff255,[00^12]238,011
536439,504710,31,31729,ee238,ee238,ee238,ee238,ee238,ee238,ee238,ee238,ee238,ee238,ee238,ee238,ee238,ee238,ee238,ee238,ee238,ee238,ee238,[00^12]1
536470,512668,20,23802,3d61,3957,1a26,ff255,fe254,d2210,2537,5a90,2d45,d0208,033,2537,c3195,a9169,6a106,5a90,8e142,022,3f63,f8248,011
536490,529721,31,6769,[00^28]100,fa250,89137,011
536522,527609,256,8913,[00^30]2,80128,[00^31]1,[00^31]32,[00^31]1,[00^31]32,[00^31]64,6399,4064,7a122,4973,[00^27]2,[00^31]224,011
536778,527865,44,8913,[00^12]209,b4180,74116,90144,2032,9c156,cb203,7a122,80128,6e110,8a138,4569,d9217,4771,94148,90144,c0192,4064,ab171,f4244,[00^12]1
536842,530841,92,6001,[00^12]23,6298,1117,86134,9c156,a2162,b5181,68104,f2242,a7167,d4212,ee238,94148,1e30,077,3a58,82130,1e30,e1225,ff255,[00^12]229,d7215,c2194,a4164,4f79,fd253,df223,6b107,2941,5a90,1521,c1193,4872,1622,7d125,aa170,af175,5c92,f3243,4f79,[00^28]1
536938,531352,95,5586,[00^95]1
537034,524852,12,12182,[00^11]46,011
537050,536737,9,313,[00^8]2,011
537066,536394,76,672,[00^12]23,6298,1117,86134,9c156,a2162,b5181,68104,f2242,a7167,d4212,ee238,94148,1e30,077,3a58,82130,1e30,e1225,ff255,[00^12]238,ee238,ee238,ee238,ee238,ee238,ee238,ee238,ee238,ee238,ee238,ee238,ee238,ee238,ee238,ee238,ee238,ee238,ee238,ee238,[00^12]1
537142,530917,128,6225,[00^18]1,6096,[00^30]1,a0160,[00^30]1,e0224,[00^30]2,[00^13]1
537270,536470,48,800,3d61,3957,1a26,ff255,fe254,d2210,2537,5a90,2d45,d0208,033,2537,c3195,a9169,6a106,5a90,8e142,022,3f63,f8248,[00^28]1
537318,536934,28,384,1319,ab171,66102,80128,[00^24]1
537354,531129,188,6225,[00^62]2,2032,[00^31]1,[00^12]209,b4180,74116,90144,2032,9c156,cb203,7a122,80128,6e110,8a138,4569,d9217,4771,94148,90144,c0192,4064,ab171,f4244,[00^31]1,[00^28]1
537542,536934,99,608,1319,ab171,66102,80128,[00^95]1
537641,537482,32,159,[00^31]1,011
537674,531449,11,6225,7b123,2234,5383,6f111,75117,72114,6399,65101,2234,3a58,2234,011
537694,531469,17,6225,2234,2c44,2234,4165,6d109,6f111,75117,6e110,74116,4973,6e110,5585,5383,4468,2234,3a58,2234,011
537714,531490,3,6224,2e46,3351,3351,011
537717,531504,18,6213,2234,2c44,2234,4165,6d109,6f111,75117,6e110,74116,4f79,75117,74116,5585,5383,4468,2234,3a58,2234,011
537741,489509,3,48232,3957,3452,3452,011
537753,531540,68,6213,2234,2c44,2234,5282,65101,66102,65101,72114,72114,6197,6c108,2234,3a58,2234,2234,2c44,2234,4670,6c108,6197,67103,73115,2234,3a58,3351,2c44,2234,4973,6e110,74116,65101,67103,72114,69105,74116,79121,4973,6e110,66102,6f111,2234,3a58,7b123,2234,4b75,65101,79121,4973,4468,2234,3a58,2234,3149,2234,2c44,2234,5383,69105,67103,6e110,6197,74116,75117,72114,65101,2234,3a58,2234,011
537890,537809,3,81,5383,69105,67103,011
537963,535518,3,2445,7a122,4468,7a122,011
538163,531950,23,6213,3d61,3d61,2234,7d125,7d125,[00^18]1
538186,524905,53,13281,82130,e7231,088,80128,80128,[00^48]1
538239,519199,7,19040,72114,022,f8248,6f111,82130,e7231,088,011
538253,538248,4,5,84132,3250,af175,f4244,011
538280,527908,2,10372,00d5213,011
538282,519242,19,19040,80128,b8184,4468,099,5e94,a7167,b3179,[00^12]1
538321,538215,24,106,[00^24]1
538351,480270,48,58081,0000c0192,[00^45]1
538399,480319,9,58080,72114,022,f8248,6f111,82130,e7231,088,033,84132,011
538408,519208,11,19200,3149,055,b9185,74116,84132,3149,055,b9185,74116,83131,011,011
538419,500010,42,38409,6399,5383,94148,1723,6298,1117,86134,9c156,a2162,b5181,68104,f2242,a7167,d4212,ee238,94148,1e30,077,3a58,82130,1e30,e1225,ff255,80128,b8184,4468,099,5e94,a7167,b3179,[00^12]1
538461,532966,48,5495,033,2b43,2436,1d29,e8232,6a106,86134,6096,f1241,ae174,066,91145,a4164,76118,0b11,4266,6e110,a2162,4670,d7215,[00^28]1
538513,520433,46,18080,c0192,[00^44]1,011
538559,503359,3,35200,5484,022,f9249,011
538563,503363,4,35200,5080,82130,e7231,088,011
538568,473069,4,65499,84132,3149,055,077,011
538573,538568,5,5,84132,3149,055,077,7d125,011
538589,493378,2,45211,0090144,011
538603,534083,3,4520,80128,b9185,011,011
538611,537387,30,1224,[00^29]2,011
538643,534155,13,4488,[00^12]11,011
538675,487010,29,51665,[00^28]12,011
538707,538611,44,96,[00^29]2,5080,ed237,[00^12]1
538751,535000,51,3751,[00^19]160,[00^31]1
538867,491731,75,47136,1b27,[00^31]192,[00^42]1
538942,536062,5,2880,088,4f79,f9249,088,4c76,011
538957,536077,256,2880,94148,6197,3149,b5181,fa250,e1225,9e158,a4164,f9249,d9217,64100,ea234,c0192,4064,8e142,4468,088,b6182,6399,3755,b5181,80128,b9185,088,2436,e2226,1f31,d0208,e9233,[00^31]32,[00^12]209,b4180,74116,90144,2032,9c156,cb203,7a122,80128,6e110,8a138,4569,d9217,4771,94148,90144,c0192,4064,ab171,f4244,[00^63]160,[00^30]3,a0160,[00^30]5,e0224,[00^30]2,e0224,000000011
539213,536333,137,2880,[00^28]32,[00^31]192,[00^12]23,6298,1117,86134,9c156,a2162,b5181,68104,f2242,a7167,d4212,ee238,94148,1e30,077,3a58,82130,1e30,e1225,ff255,[00^12]238,ee238,ee238,ee238,ee238,ee238,ee238,ee238,ee238,ee238,ee238,ee238,ee238,ee238,ee238,ee238,ee238,ee238,ee238,ee238,[00^12]1
539370,536490,31,2880,[00^28]100,fa250,89137,011
539402,536522,256,2880,[00^30]2,80128,[00^31]1,[00^31]32,[00^31]1,[00^31]32,[00^31]64,6399,4064,7a122,4973,[00^27]2,[00^31]224,011
539658,536778,156,2880,[00^12]209,b4180,74116,90144,2032,9c156,cb203,7a122,80128,6e110,8a138,4569,d9217,4771,94148,90144,c0192,4064,ab171,f4244,[00^12]232,1925,0c12,1723,f5245,077,1b27,98152,e3227,d3211,ab171,1d29,6a106,8e142,71113,1824,84132,e1225,0d13,2234,[00^12]23,6298,1117,86134,9c156,a2162,b5181,68104,f2242,a7167,d4212,ee238,94148,1e30,077,3a58,82130,1e30,e1225,ff255,[00^12]229,d7215,c2194,a4164,4f79,fd253,df223,6b107,2941,5a90,1521,c1193,4872,1622,7d125,aa170,af175,5c92,f3243,4f79,[00^28]1
539814,539813,1,1,00011
539818,536938,107,2880,[00^95]32,[00^11]1
539930,513877,10,26053,[00^9]27,011
539946,537066,204,2880,[00^12]23,6298,1117,86134,9c156,a2162,b5181,68104,f2242,a7167,d4212,ee238,94148,1e30,077,3a58,82130,1e30,e1225,ff255,[00^12]238,ee238,ee238,ee238,ee238,ee238,ee238,ee238,ee238,ee238,ee238,ee238,ee238,ee238,ee238,ee238,ee238,ee238,ee238,ee238,[00^30]1,6096,[00^30]1,a0160,[00^30]1,e0224,[00^30]2,[00^13]1
540150,539350,48,800,65101,3351,7b123,9a154,fc252,0e14,f7247,99153,b4180,5282,f9249,0e14,3250,d0208,2c44,a7167,64100,6197,a9169,5a90,[00^28]1
540198,539814,29,384,00c2194,2436,7e126,[00^25]1
540234,537354,188,2880,[00^62]2,2032,[00^31]1,[00^12]209,b4180,74116,90144,2032,9c156,cb203,7a122,80128,6e110,8a138,4569,d9217,4771,94148,90144,c0192,4064,ab171,f4244,[00^31]1,[00^28]1
540422,539814,99,608,00c2194,2436,7e126,[00^95]1
540521,531416,44,9105,[00^31]1,fa250,7b123,2234,5383,6f111,75117,72114,6399,65101,2234,3a58,2234,011
540565,537685,26,2880,6b107,79121,6298,65101,72114,73115,77119,6197,70112,2234,2c44,2234,4165,6d109,6f111,75117,6e110,74116,4973,6e110,5585,5383,4468,2234,3a58,2234,011
540596,479923,3,60673,3654,3048,3452,011
540600,521786,3,18814,3351,3250,3553,011
540603,531500,3,9103,3957,3957,3957,011
540606,531501,22,9105,3957,3957,3856,2234,2c44,2234,4165,6d109,6f111,75117,6e110,74116,4f79,75117,74116,5585,5383,4468,2234,3a58,2234,3149,011
540628,540592,3,36,3250,2e46,3755,011
540631,521727,3,18904,3250,3856,3856,011
540637,520207,3,20430,3250,3856,3351,011
540640,520275,3,20365,3149,3048,3452,011
540644,528846,69,11798,3856,2234,2c44,2234,5282,65101,66102,65101,72114,72114,6197,6c108,2234,3a58,2234,2234,2c44,2234,4670,6c108,6197,67103,73115,2234,3a58,3351,2c44,2234,4973,6e110,74116,65101,67103,72114,69105,74116,79121,4973,6e110,66102,6f111,2234,3a58,7b123,2234,4b75,65101,79121,4973,4468,2234,3a58,2234,3149,2234,2c44,2234,5383,69105,67103,6e110,6197,74116,75117,72114,65101,2234,3a58,2234,011
541054,531949,12,9105,4165,3d61,3d61,2234,7d125,7d125,[00^6]1
541066,538186,53,2880,82130,e7231,088,80128,80128,[00^48]1
541119,519039,7,22080,71113,022,f8248,6e110,82130,e7231,088,011
541127,520390,11,20737,84132,2f47,8e142,89137,be190,84132,2f47,8e142,89137,c8200,82130,011
541141,535160,20,5981,7d125,4367,aa170,bc188,5181,5c92,3553,6197,4569,044,92146,2739,ce206,e5229,4b75,6096,83131,4266,c0192,ad173,011
541161,538442,19,2719,80128,b8184,4468,099,5e94,a7167,b3179,[00^12]1
541180,533190,43,7990,80128,e3227,82130,91145,e0224,6399,3957,d1209,0a10,ab171,4872,3c60,65101,69105,5d93,004d77,bd189,5c92,69105,[00^23]1
541223,481482,9,59741,011,cc204,88136,d6214,72114,9b155,d9217,dc220,ed237,011
541233,541073,46,160,[00^46]1
541279,508927,7,32352,79121,022,f8248,76118,82130,e7231,088,011
541286,480997,3,60289,1622,84132,2f47,011
541289,519370,9,21919,8e142,89137,be190,84132,2f47,8e142,89137,c8200,83131,011
541329,508977,3,32352,00b8184,4468,011
541336,488145,102,53191,[00^31]1,[00^31]1,c0192,[00^37]1
541438,520990,12,20448,011,f4244,022,f9249,011,f0240,82130,e7231,088,80128,84132,2f47,011
541450,541289,10,161,8e142,89137,be190,84132,2f47,8e142,89137,c8200,83131,022,011
541460,521012,222,20448,055,aa170,94148,088,72114,ec236,4468,2638,1016,3452,82130,a5165,0f15,2638,ff255,c3195,2a42,ce206,fc252,ec236,6197,b3179,c9201,80128,b9185,011,c4196,d4212,df223,d6214,bc188,[00^127]1,[00^31]1,[00^28]101,2234,1117,011
541683,523978,160,17705,[00^63]5,[00^62]1,4064,[00^31]65,011
541907,521459,76,20448,1c28,[00^31]192,[00^42]1,011
541983,502463,3,39520,5b91,022,f9249,011
541987,502467,4,39520,5787,82130,e7231,088,011
541992,519368,12,22624,84132,2f47,8e142,89137,be190,84132,2f47,8e142,89137,c8200,83131,033,011
542007,538461,20,3546,033,2b43,2436,1d29,e8232,6a106,86134,6096,f1241,ae174,066,91145,a4164,76118,0b11,4266,6e110,a2162,4670,d7215,011
542028,520780,4,21248,4771,0d13,e4228,df223,011
542033,508465,4,33568,0000b9185,011,011
542042,532638,76,9404,[00^31]32,[00^31]160,[00^12]1
542138,520755,29,21383,[00^25]71,0d13,e4228,df223,011
542168,541952,31,216,[00^30]1,011
542202,539370,31,2832,[00^28]100,fa250,89137,011
542234,534283,96,7951,[00^31]43,e5229,d7215,c2194,a4164,4f79,fd253,df223,6b107,2941,5a90,1521,c1193,4872,1622,7d125,aa170,af175,5c92,f3243,4f79,00011,f4244,1723,6298,1117,86134,9c156,a2162,b5181,68104,f2242,a7167,d4212,ee238,94148,1e30,077,3a58,82130,1e30,e1225,ff255,[00^21]1
542330,534010,37,8320,c0192,[00^35]1,011
542367,541983,8,384,5b91,022,f9249,011,5787,82130,e7231,088,011
542375,541447,12,928,80128,84132,2f47,8e142,89137,be190,84132,2f47,8e142,89137,c8200,83131,011
542419,542035,3,384,b9185,011,2436,011
542426,542335,31,91,[00^31]1
542458,504051,95,38407,[00^31]96,[00^31]160,[00^31]1
542559,541179,2,1380,0080128,011
542574,541766,43,808,[00^43]1
542618,539624,31,2994,00022,[00^29]1
542652,540272,25,2380,[00^24]2,011
542682,528435,3,14247,00005080,011
542685,542555,29,130,65101,d2210,6c108,f6246,0080128,4266,5787,1016,e2226,d7215,6096,79121,bb187,4e78,3e62,3452,1925,c9201,[00^10]1
542715,538203,44,4512,[00^36]114,022,f8248,6f111,82130,e7231,088,81129,011
542760,541127,11,1633,84132,2f47,8e142,89137,be190,84132,2f47,8e142,89137,c8200,82130,011
542773,538261,40,4512,94148,4a74,f1241,5e94,c2194,a0160,bd189,4367,db219,75117,dd221,044,e6230,2f47,aa170,3b59,8e142,f3243,6b107,00d5213,80128,b8184,4468,099,5e94,a7167,b3179,[00^12]1
542813,541180,20,1633,80128,e3227,82130,91145,e0224,6399,3957,d1209,0a10,ab171,4872,3c60,65101,69105,5d93,004d77,bd189,5c92,69105,011
542833,519281,78,23552,ff255,ff255,ff255,ff255,ff255,ff255,ff255,ff255,ff255,ff255,ff255,ff255,ff255,ff255,ff255,ff255,ff255,ff255,ff255,ff255,ff255,ff255,ff255,ff255,ff255,ff255,ff255,ff255,ff255,ff255,ff255,ff255,c0192,[00^44]2,011
542912,519360,3,23552,022,f9249,022,011
542916,520386,14,22530,82130,e7231,088,1925,84132,2f47,8e142,89137,be190,84132,2f47,8e142,89137,c8200,011
542935,488316,20,54619,68104,5c92,ea234,022,c4196,a8168,ba186,4d77,6298,79121,e8232,82130,bd189,d9217,011,2941,c1193,2638,7c124,d0208,011
542964,490604,3,52360,b9185,022,64100,011
542971,529817,158,13154,[00^31]32,[00^31]2,[00^31]64,[00^30]1,e0224,[00^30]1
543135,530841,94,12294,[00^12]23,6298,1117,86134,9c156,a2162,b5181,68104,f2242,a7167,d4212,ee238,94148,1e30,077,3a58,82130,1e30,e1225,ff255,[00^12]229,d7215,c2194,a4164,4f79,fd253,df223,6b107,2941,5a90,1521,c1193,4872,1622,7d125,aa170,af175,5c92,f3243,4f79,[00^30]1
543231,542620,30,611,[00^29]3,011
543263,543231,30,32,[00^29]3,011
543295,542974,29,321,[00^28]32,011
543327,533121,25,10206,[00^24]4,011
543352,542957,7,395,b7183,ec236,3250,ba186,fc252,a4164,7c124,011
543359,519736,29,23623,[00^28]30,011
543391,543327,25,64,[00^24]4,011
543423,518753,13,24670,[00^12]151,011
543436,496913,19,46523,71113,1117,1622,0f15,89137,b8184,3f63,4367,ad173,0e14,c1193,1a26,c6198,5f95,69105,81129,066,97151,e2226,011
543455,519411,31,24044,[00^28]100,fa250,86134,011
543487,486276,60,57211,[00^59]4,011
543547,533146,32,10401,1218,2133,0e14,8a138,[00^28]1
543580,524956,36,18624,[00^34]2,1c28,011
543616,542912,3,704,022,f9249,022,011
543620,542916,3,704,82130,e7231,088,011
543624,508935,12,34689,84132,2f47,8d141,e9233,66102,84132,2f47,8d141,e9233,6f111,83131,055,011
543638,508438,21,35200,94148,f8248,2537,3755,fb251,6c108,5686,a3163,b5181,0092146,d3211,95149,1f31,84132,f5245,f6246,c8200,3553,b4180,f5245,011
543666,542033,4,1633,0000b9185,011,011
543671,519407,35,24264,5a90,e4228,011,dc220,[00^28]100,fa250,86134,011
543707,516844,126,26863,[00^31]64,[00^31]1,[00^31]32,[00^30]1
543839,542971,63,868,[00^31]32,[00^31]1
543903,491866,13,52037,[00^12]118,011
543935,543809,25,126,[00^24]1,011
543960,543661,7,299,1c28,3755,93147,7e126,088,0000011
543967,532130,29,11837,[00^28]7,011
543999,543871,31,128,[00^31]1
544031,543179,21,852,e5229,d7215,c2194,a4164,4f79,fd253,df223,6b107,2941,5a90,1521,c1193,4872,1622,7d125,aa170,af175,5c92,f3243,4f79,00011
544054,535160,21,8894,7d125,4367,aa170,bc188,5181,5c92,3553,6197,4569,044,92146,2739,ce206,e5229,4b75,6096,83131,4266,c0192,ad173,00011
544077,520575,51,23502,eb235,4670,6399,4266,c4196,d4212,4973,bc188,9f159,5383,a8168,65101,d5213,cb203,90144,5888,6f111,4064,5282,1521,[00^31]1
544128,508352,63,35776,[00^27]192,[00^34]1,011
544191,506111,8,38080,1a26,022,f9249,011,1622,82130,e7231,088,011
544199,508934,12,35265,011,84132,2f47,8d141,e9233,66102,84132,2f47,8d141,e9233,6f111,83131,011
544214,506134,22,38080,94148,87135,3149,d5213,4e78,9d157,022,c2194,86134,76118,7d125,5686,ac172,033,e8232,033,7c124,077,e0224,1e30,98152,87135,011
544242,490130,128,54112,96150,b8184,e4228,1117,1420,cd205,2a42,[00^31]110,[00^12]36,0f15,5888,6298,1f31,cb203,5181,0f15,d9217,6c108,5888,98152,3e62,93147,2335,4569,2537,d1209,2c44,e7231,[00^31]160,[00^25]1
544375,544317,27,58,[00^27]1
544408,490296,102,54112,[00^32]20,2436,0f15,5888,6298,1f31,cb203,5181,0f15,d9217,6c108,5888,98152,3e62,93147,2335,4569,2537,d1209,2c44,e7231,[00^12]192,[00^36]1
544510,521886,9,22624,011,3351,022,f9249,011,2f47,82130,e7231,088,011
544519,491271,11,53248,088,84132,2f47,8d141,e9233,66102,84132,2f47,8d141,e9233,6f111,011
544530,521906,128,22624,82130,7e126,5484,94148,d1209,a3163,ab171,f4244,2f47,9e158,66102,be190,86134,cf207,de222,a8168,c5197,c2194,c7199,4f79,044,1c28,5e94,1420,80128,b9185,011,044,5b91,7d125,74116,82130,[00^31]64,[00^31]160,[00^31]64,011
544662,489466,3,55196,6298,3553,3149,011
544665,505416,3,39249,3957,3856,3452,011
544677,520215,3,24462,3856,6298,6197,011
544680,505915,3,38765,3553,64100,3957,011
544694,505510,3,39184,6298,3755,66102,011
544706,489150,3,55556,6399,6197,3553,011
544712,489362,3,55350,65101,3452,3654,011
544717,505430,3,39287,3856,3351,6399,011
544722,522098,33,22624,[00^31]64,3351,011
544755,479860,3,64895,3654,3856,3250,011
544761,505404,3,39357,3149,6197,66102,011
544764,521805,3,22959,6298,66102,3553,011
544768,522189,3,22579,3452,65101,65101,011
544793,489459,4,55334,6197,3957,3856,3553,011
544797,521708,5,23089,3351,3654,3149,3755,3856,011
544802,520187,3,24615,66102,3048,66102,011
544805,479836,3,64969,6399,6197,6197,011
544818,521842,53,22976,c0192,[00^43]1,3351,022,f9249,011,2f47,82130,e7231,088,011
544871,544519,139,352,088,84132,2f47,8d141,e9233,66102,84132,2f47,8d141,e9233,6f111,82130,7e126,5484,94148,d1209,a3163,ab171,f4244,2f47,9e158,66102,be190,86134,cf207,de222,a8168,c5197,c2194,c7199,4f79,044,1c28,5e94,1420,80128,b9185,011,044,5b91,7d125,74116,82130,[00^31]64,[00^31]160,[00^31]64,011
545010,521807,3,23203,3553,3654,3149,011
545018,520233,3,24785,3250,3250,3250,011
545028,479949,3,65079,3149,3755,6399,011
545032,489140,3,55892,3048,3755,3250,011
545038,544691,3,347,66102,65101,3553,011
545046,544791,3,255,3048,65101,6197,011
545052,505946,3,39106,3856,6298,3149,011
545061,545059,3,2,3755,3149,3755,011
545064,545048,3,16,6197,3452,6298,011
545068,544807,3,261,6197,3351,64100,011
545071,544659,3,412,3351,3957,3856,011
545074,544626,34,448,[00^31]64,6399,3351,011
545116,506019,3,39097,3654,3048,6298,011
545120,505396,3,39724,66102,6197,64100,011
545123,522088,3,23035,3856,3452,6197,011
545127,522086,3,23041,3149,65101,3856,011
545132,505517,3,39615,64100,6298,3250,011
545137,520220,3,24917,3250,3351,3755,011
545147,544772,3,375,66102,3452,3149,011
545155,545113,3,42,3856,3048,65101,011
545159,479855,3,65304,3755,3351,3048,011
545162,505914,3,39248,3654,3553,64100,011
545165,489517,3,55648,6298,3553,3048,011
545171,519315,52,25856,[00^43]2,74116,022,f9249,022,70112,82130,e7231,088,011
545223,508423,12,36800,022,84132,2f47,8d141,e9233,66102,84132,2f47,8d141,e9233,6f111,83131,011
545238,543638,21,1600,94148,f8248,2537,3755,fb251,6c108,5686,a3163,b5181,0092146,d3211,95149,1f31,84132,f5245,f6246,c8200,3553,b4180,f5245,011
545259,519403,39,25856,80128,b9185,022,4468,5a90,e4228,011,dc220,[00^28]100,fa250,86134,011
545298,543706,64,1592,2941,[00^31]64,[00^31]1
545362,519506,195,25856,022,[00^31]64,[00^30]1,6096,[00^31]228,044,e4228,5a90,af175,[00^12]23,6298,1117,86134,9c156,a2162,b5181,68104,f2242,a7167,d4212,ee238,94148,1e30,077,3a58,82130,1e30,e1225,ff255,[00^12]229,d7215,c2194,a4164,4f79,fd253,df223,6b107,2941,5a90,1521,c1193,4872,1622,7d125,aa170,af175,5c92,f3243,4f79,[00^30]1
545559,492282,61,53277,[00^31]2,[00^28]1,011
545620,509197,3,36423,cd205,b4180,b8184,011
545623,545369,26,254,[00^25]64,011
545655,519799,121,25856,[00^91]68,4973,4064,4b75,7c124,[00^25]1
545776,545648,19,128,4064,d6214,5888,bc188,4872,1723,ad173,[00^12]1
545795,512968,20,32827,e8232,2133,e4228,b2178,4569,6298,b8184,f6246,5989,db219,d1209,99153,7b123,d4212,2c44,8e142,9b155,011,a8168,cc204,011
545815,493399,72,52416,[00^28]192,[00^43]1
545891,544196,15,1695,82130,e7231,088,011,84132,2f47,8d141,e9233,66102,84132,2f47,8d141,e9233,6f111,83131,011
545909,508949,21,36960,94148,009a154,0b11,7c124,3856,b5181,4266,2032,89137,3654,f1241,1723,91145,5181,cd205,088,e2226,94148,3856,3351,011
545937,539466,76,6471,[00^31]32,[00^31]1,[00^12]1
546013,508996,20,37017,c7199,d8216,4872,9d157,ae174,3d61,2e46,be190,f0240,75117,b1177,db219,2234,5787,e2226,c2194,3149,c9201,d2210,3149,011
546034,545701,45,333,[00^45]1
546079,493471,6,52608,3149,022,ef239,82130,e7231,088,011
546091,546086,4,5,84132,2e46,1521,66102,011
546096,524873,4,21223,82130,5282,088,94148,011
546118,546078,1,40,00011
546125,524516,3,21609,4064,0080128,011
546128,509200,100,36928,c0192,[00^45]1,0d13,f9249,011,0a10,011,84132,2a42,ea234,5484,0082130,9d157,78120,94148,088,72114,ec236,4468,2638,1016,3452,82130,a5165,0f15,2638,ff255,c3195,2a42,ce206,fc252,ec236,6197,b3179,c9201,80128,b8184,e4228,f2242,4266,4367,2a42,[00^12]1
546228,525392,20,20836,6f111,bd189,1521,b9185,7c124,87135,4973,84132,c8200,db219,e8232,99153,bf191,b7183,033,84132,94148,a7167,ff255,5282,011
546248,509960,256,36288,[00^12]174,c3195,ca202,ce206,f9249,4569,7f127,f2242,82130,1d29,9f159,85133,4266,9c156,e3227,d9217,0b11,001420,5989,[00^31]5,[00^31]1,[00^31]160,[00^64]130,e7231,088,80128,80128,[00^49]1,ef239,f9249,011,ec236,80128,84132,2a42,ea234,5484,011
546504,510216,225,36288,0083131,011,5f95,90144,94148,088,72114,ec236,4468,2638,1016,3452,82130,a5165,0f15,2638,ff255,c3195,2a42,ce206,fc252,ec236,6197,b3179,c9201,80128,b9185,011,c4196,d4212,df223,d6214,bc188,[00^127]1,[00^31]1,[00^28]101,1420,1723,011
546730,541683,160,5047,[00^63]5,[00^62]1,4064,[00^31]65,011
546913,546888,1,25,00011
546954,484266,85,62688,1c28,[00^31]130,e7231,088,80128,80128,[00^47]1,011
547039,546175,53,864,0d13,f9249,011,0a10,011,84132,2a42,ea234,5484,0082130,9d157,78120,94148,088,72114,ec236,4468,2638,1016,3452,82130,a5165,0f15,2638,ff255,c3195,2a42,ce206,fc252,ec236,6197,b3179,c9201,80128,b8184,e4228,f2242,4266,4367,2a42,[00^12]1
547092,525412,20,21680,a9169,ed237,eb235,a4164,78120,ff255,f6246,6f111,78120,5181,cd205,5d93,e5229,70112,f8248,93147,d6214,ae174,8e142,c3195,011
547112,494248,256,52864,[00^12]174,c3195,ca202,ce206,f9249,4569,7f127,f2242,82130,1d29,9f159,85133,4266,9c156,e3227,d9217,0b11,001420,5989,[00^31]5,[00^31]1,[00^31]160,[00^64]130,e7231,088,80128,80128,[00^49]1,ef239,f9249,011,ec236,80128,84132,2a42,ea234,5484,011
547368,494504,225,52864,0083131,011,5f95,90144,94148,088,72114,ec236,4468,2638,1016,3452,82130,a5165,0f15,2638,ff255,c3195,2a42,ce206,fc252,ec236,6197,b3179,c9201,80128,b9185,011,c4196,d4212,df223,d6214,bc188,[00^127]1,[00^31]1,[00^28]101,1420,1521,011
547594,546730,160,864,[00^63]5,[00^62]1,4064,[00^31]65,011
547818,484266,256,63552,1c28,[00^31]130,e7231,088,80128,80128,[00^47]1,ef239,f9249,011,ec236,80128,84132,2a42,ea234,5484,0083131,011,5f95,90144,94148,088,72114,ec236,4468,2638,1016,3452,82130,a5165,0f15,2638,ff255,c3195,2a42,ce206,fc252,ec236,6197,b3179,c9201,80128,b9185,011,c4196,d4212,df223,d6214,bc188,[00^127]1,011
548074,484522,62,63552,[00^31]1,[00^28]101,1420,011
548138,547594,160,544,[00^63]5,[00^62]1,4064,[00^31]65,011
548304,526813,2,21491,005a90,011
548330,546227,2,2103,006f111,011
548362,547818,97,544,1c28,[00^31]130,e7231,088,80128,80128,[00^47]1,ef239,f9249,011,ec236,80128,84132,2a42,ea234,5484,0083131,011,011
548459,485099,222,63360,5989,1c28,94148,088,72114,ec236,4468,2638,1016,3452,82130,a5165,0f15,2638,ff255,c3195,2a42,ce206,fc252,ec236,6197,b3179,c9201,80128,b9185,011,c4196,d4212,df223,d6214,bc188,[00^127]1,[00^31]1,[00^28]101,2234,1218,011
548682,548138,160,544,[00^63]5,[00^62]1,4064,[00^31]65,011
548906,524202,87,24704,1c28,[00^31]130,e7231,088,80128,80128,[00^48]44,eb235,011
548993,484897,10,64096,5181,84132,2a42,ea234,5484,0082130,5282,088,94148,011
549010,505010,2,44000,00d0208,011
549023,524415,66,24608,86134,5a90,f3243,1016,7a122,4064,0080128,82130,e7231,088,80128,80128,[00^51]44,eb235,011
549089,548993,10,96,5181,84132,2a42,ea234,5484,0082130,5282,088,94148,011
549119,549023,76,96,86134,5a90,f3243,1016,7a122,4064,0080128,82130,e7231,088,80128,80128,[00^51]44,eb235,5181,84132,2a42,ea234,5484,0082130,5282,088,94148,011
549206,543994,2,5212,00077,011
549215,549119,64,96,86134,5a90,f3243,1016,7a122,4064,0080128,82130,e7231,088,80128,80128,[00^51]1
549279,490527,33,58752,[00^31]2,94148,011
549332,533898,20,15434,3957,b9185,8f143,e0224,d1209,3a58,d4212,bd189,83131,5f95,2032,055,c9201,73115,9f159,5585,ec236,ff255,88136,b8184,011
549372,525072,20,24300,5585,66102,3d61,d7215,2a42,87135,3048,d4212,fd253,90144,f2242,1824,1b27,b4180,033,b5181,c5197,e3227,c7199,74116,011
549392,512648,40,36744,b8184,ff255,87135,7e126,d7215,8b139,a5165,2032,ec236,e2226,1b27,1d29,e7231,84132,3a58,8a138,5787,ca202,4771,cb203,3d61,3957,1a26,ff255,fe254,d2210,2537,5a90,2d45,d0208,033,2537,c3195,a9169,6a106,5a90,8e142,022,3f63,f8248,011
549472,497152,20,52320,90144,5e94,f0240,68104,1016,b5181,d1209,68104,d0208,c8200,d3211,5181,5989,3e62,d5213,d1209,88136,0d13,bc188,2840,011
549492,540150,20,9342,65101,3351,7b123,9a154,fc252,0e14,f7247,99153,b4180,5282,f9249,0e14,3250,d0208,2c44,a7167,64100,6197,a9169,5a90,011
549512,486044,20,63468,2c44,99153,4771,b1177,65101,e0224,c7199,1824,a3163,cb203,f7247,d3211,9e158,8e142,80128,d7215,9c156,c9201,f5245,d9217,011
549572,542118,20,7454,d1209,5b91,3a58,c5197,c7199,b4180,4872,b3179,71113,5383,7e126,a8168,a8168,ac172,6e110,95149,f2242,98152,77119,4e78,011
549592,542684,20,6908,5080,65101,d2210,6c108,f6246,0080128,4266,5787,1016,e2226,d7215,6096,79121,bb187,4e78,3e62,3452,1925,c9201,011
549632,543435,20,6197,97151,71113,1117,1622,0f15,89137,b8184,3f63,4367,ad173,0e14,c1193,1a26,c6198,5f95,69105,81129,066,97151,e2226,011
549652,543915,20,5737,76118,8b139,f1241,e8232,1824,b8184,8d141,98152,99153,d2210,1824,5080,d9217,5383,5c92,98152,5686,5787,6a106,e9233,011
549672,544441,20,5231,2436,0f15,5888,6298,1f31,cb203,5181,0f15,d9217,6c108,5888,98152,3e62,93147,2335,4569,2537,d1209,2c44,e7231,011
549732,545795,20,3937,e8232,2133,e4228,b2178,4569,6298,b8184,f6246,5989,db219,d1209,99153,7b123,d4212,2c44,8e142,9b155,011,a8168,cc204,011
549752,485964,20,63788,4266,6096,1117,70112,d8216,cb203,2840,5282,2638,71113,97151,9b155,d8216,9a154,70112,8b139,93147,ac172,1117,b1177,011
549772,486064,20,63708,b7183,e5229,4670,2a42,f1241,0b11,5383,86134,ff255,a9169,73115,f7247,a0160,f3243,a5165,1f31,5b91,3755,c2194,1016,011
549792,546228,20,3564,6f111,bd189,1521,b9185,7c124,87135,4973,84132,c8200,db219,e8232,99153,bf191,b7183,033,84132,94148,a7167,ff255,5282,011
549812,524299,20,25513,6a106,97151,86134,3f63,0a10,e8232,3149,4771,98152,c8200,7b123,7f127,2133,1218,6a106,c7199,94148,87135,088,2c44,011
549832,547092,20,2740,a9169,ed237,eb235,a4164,78120,ff255,f6246,6f111,78120,5181,cd205,5d93,e5229,70112,f8248,93147,d6214,ae174,8e142,c3195,011
549852,524491,20,25361,ac172,4c76,f2242,a3163,6298,e6230,3654,088,077,3351,e9233,b6182,5d93,3957,89137,c4196,2d45,af175,97151,e4228,011
549872,524395,20,25477,cc204,ce206,79121,1824,b4180,89137,b8184,3856,b8184,2032,71113,3351,055,ad173,055,aa170,fd253,3c60,044,2032,011
549892,524877,20,25015,87135,8a138,79121,94148,1925,76118,76118,f4244,3048,b6182,84132,c9201,bc188,2739,94148,2a42,4367,0c12,b2178,011,011
549912,497352,20,52560,f2242,69105,e8232,5787,4569,83131,c2194,7f127,e7231,4b75,69105,b3179,f9249,98152,a6166,4e78,fd253,8d141,044,4872,011
549932,497312,20,52620,c6198,5383,4771,b4180,3048,1925,f8248,f4244,5383,d7215,b4180,86134,d2210,5989,fd253,6197,4670,da218,3351,4e78,011
549952,497372,20,52580,4064,088,2e46,6f111,1c28,1521,d2210,b2178,7b123,3d61,e8232,0c12,b7183,ad173,044,e9233,ed237,1218,1925,00011
549972,549971,75,1,[00^75]1
550048,547208,62,2840,[00^31]160,[00^30]1
550112,526752,62,23360,[00^30]90,80128,[00^30]1
550176,535666,31,14510,[00^30]184,011
550239,502287,31,47952,1f31,[00^28]100,fa250,011
550272,544124,62,6148,[00^31]192,[00^30]1
550336,514176,31,36160,[00^30]42,011
550367,549152,32,1215,[00^31]44,011
550399,550015,32,384,[00^32]1
550432,534605,62,15827,[00^30]3,[00^31]1
550496,486816,62,63680,[00^30]6,[00^31]1
550560,535021,31,15539,[00^30]15,011
550592,550560,30,32,[00^30]1
550624,527061,31,23563,[00^30]19,011
550656,550624,31,32,[00^30]19,011
550687,550623,32,64,80128,[00^30]19,011
550720,544410,31,6310,[00^30]20,011
550751,497919,32,52832,80128,[00^30]22,011
550784,513760,31,37024,[00^30]23,011
550816,513792,31,37024,[00^30]25,011
550848,513792,62,37056,[00^30]25,a0160,[00^30]1
550912,504378,31,46534,[00^30]28,011
550943,487327,32,63616,e0224,[00^30]29,011
550976,498048,31,52928,[00^30]30,011
551007,513951,32,37056,80128,[00^30]32,011
551040,525888,31,25152,[00^30]34,011
551071,487487,32,63584,c0192,[00^30]36,011
551104,514080,31,37024,[00^30]38,011
551136,551104,31,32,[00^30]38,011
551168,551136,31,32,[00^30]38,011
551199,540105,32,11094,e0224,[00^30]2,011
551231,535455,7,15776,3250,f9249,022,2f47,83131,033,066,011
551239,499399,3,51840,84132,3a58,d3211,011
551244,535468,128,15776,83131,044,8d141,9c156,94148,cb203,5686,6e110,3b59,69105,3452,fa250,77119,2537,8d141,68104,ea234,1824,e9233,3149,fa250,75117,e1225,aa170,aa170,80128,b9185,022,044,6c108,4569,9a154,2840,[00^12]56,de222,71113,1218,4f79,7a122,4468,7a122,011,d6214,79121,4569,a5165,1e30,dc220,e9233,ff255,4973,1218,5181,[00^31]128,[00^28]100,fa250,d9217,011
551373,498925,100,52448,[00^30]1,4064,[00^31]132,70112,4367,1622,e5229,[00^31]111,011
551505,544409,32,7096,[00^31]20,011
551537,551473,63,64,ab171,ae174,d3211,2e46,7b123,5686,71113,ba186,76118,c3195,4c76,95149,2537,a6166,78120,1319,1319,a1161,eb235,4367,f6246,ab171,ca202,3250,3654,1b27,2537,d5213,a6166,7a122,cb203,72114,[00^31]1
551600,548910,29,2690,[00^28]130,011
551758,499918,84,51840,1c28,[00^30]130,e7231,088,80128,80128,[00^45]109,f8248,6b107,011
551843,500003,7,51840,84132,3553,a4164,e9233,0083131,011,011
551852,538261,60,13591,94148,4a74,f1241,5e94,c2194,a0160,bd189,4367,db219,75117,dd221,044,e6230,2f47,aa170,3b59,8e142,f3243,6b107,00d5213,80128,b8184,4468,099,5e94,a7167,b3179,[00^12]188,7f127,67103,fa250,9c156,72114,f9249,fc252,cf207,91145,7c124,bc188,ee238,2a42,5080,de222,b0176,3149,4670,2a42,011
551912,542834,31,9078,ff255,ff255,ff255,ff255,ff255,ff255,ff255,ff255,ff255,ff255,ff255,ff255,ff255,ff255,ff255,ff255,ff255,ff255,ff255,ff255,ff255,ff255,ff255,ff255,ff255,ff255,ff255,ff255,ff255,ff255,ff255,011
551944,500104,66,51840,82130,e7231,088,80128,80128,[00^49]7,9e158,022,f9249,077,9a154,82130,e7231,088,0a10,84132,3149,011
552013,552008,4,5,84132,3149,066,76118,011
552018,500178,3,51840,83131,044,3e62,011
552022,500182,41,51840,94148,0c12,ab171,69105,77119,a9169,c7199,0e14,044,4569,8b139,74116,044,76118,b4180,98152,b2178,1420,011,96150,4165,86134,ac172,cd205,d2210,81129,e0224,00b9185,077,68104,a4164,d7215,3048,4165,[00^4]10,cd205,011
552065,500225,3,51840,64100,f8248,3b59,011
552069,500485,20,51584,fe254,95149,2d45,ef239,1c28,0e14,2941,5080,4872,3755,4c76,cd205,0b11,8e142,be190,70112,011,f1241,1218,3e62,011
552097,500257,3,51840,65101,1f31,c8200,011
552101,539990,20,12111,ee238,ee238,ee238,ee238,ee238,ee238,ee238,ee238,ee238,ee238,ee238,ee238,ee238,ee238,ee238,ee238,ee238,ee238,ee238,ee238,011
552133,504965,20,47168,75117,3856,2638,2a42,e9233,93147,ca202,1117,7a122,0e14,4872,1f31,90144,82130,099,1319,7a122,4670,2638,8e142,011
552212,537044,2,15168,002e46,011
552217,500377,64,51840,[00^31]192,[00^30]6,80128,011
552281,517708,13,34573,[00^12]35,011
552294,500454,81,51840,e0224,c0192,e6230,9d157,69105,65101,90144,89137,f1241,5f95,1c28,90144,c5197,2941,099,d3211,1319,1824,88136,003250,011,[00^6]200,033,e8232,fe254,95149,2d45,ef239,1c28,0e14,2941,5080,4872,3755,4c76,cd205,0b11,8e142,be190,70112,011,f1241,1218,3e62,[00^6]172,cd205,d2210,81129,e0224,[00^19]1
552377,502041,31,50336,[00^6]172,cd205,d2210,81129,e0224,[00^19]12,011
552409,502073,31,50336,[00^6]172,cd205,d2210,81129,e0224,[00^19]9,011
552441,552345,31,96,[00^6]172,cd205,d2210,81129,e0224,[00^19]18,011
552473,552409,31,64,[00^6]172,cd205,d2210,81129,e0224,[00^19]9,011
552505,552473,31,32,[00^6]172,cd205,d2210,81129,e0224,[00^19]9,011
552537,552441,31,96,[00^6]172,cd205,d2210,81129,e0224,[00^19]18,011
552569,552377,31,192,[00^6]172,cd205,d2210,81129,e0224,[00^19]12,011
552601,552505,31,96,[00^6]172,cd205,d2210,81129,e0224,[00^19]9,011
552633,552537,31,96,[00^6]172,cd205,d2210,81129,e0224,[00^19]18,011
552665,552601,31,64,[00^6]172,cd205,d2210,81129,e0224,[00^19]9,011
552697,552569,31,128,[00^6]172,cd205,d2210,81129,e0224,[00^19]12,011
552729,552665,31,64,[00^6]172,cd205,d2210,81129,e0224,[00^19]9,011
552761,501785,31,50976,[00^6]172,cd205,d2210,81129,e0224,[00^19]13,011
552793,552633,31,160,[00^6]172,cd205,d2210,81129,e0224,[00^19]18,011
552825,501593,31,51232,[00^6]172,cd205,d2210,81129,e0224,[00^19]7,011
552857,552793,31,64,[00^6]172,cd205,d2210,81129,e0224,[00^19]18,011
552889,552825,31,64,[00^6]172,cd205,d2210,81129,e0224,[00^19]7,011
552921,552889,31,32,[00^6]172,cd205,d2210,81129,e0224,[00^19]7,011
552953,552761,31,192,[00^6]172,cd205,d2210,81129,e0224,[00^19]13,011
552985,552921,31,64,[00^6]172,cd205,d2210,81129,e0224,[00^19]7,011
553017,552953,31,64,[00^6]172,cd205,d2210,81129,e0224,[00^19]13,011
553049,552857,31,192,[00^6]172,cd205,d2210,81129,e0224,[00^19]18,011
553081,552729,31,352,[00^6]172,cd205,d2210,81129,e0224,[00^19]9,011
553113,552985,31,128,[00^6]172,cd205,d2210,81129,e0224,[00^19]7,011
553145,553049,31,96,[00^6]172,cd205,d2210,81129,e0224,[00^19]18,011
553177,553017,31,160,[00^6]172,cd205,d2210,81129,e0224,[00^19]13,011
553209,553145,31,64,[00^6]172,cd205,d2210,81129,e0224,[00^19]18,011
553241,553081,31,160,[00^6]172,cd205,d2210,81129,e0224,[00^19]9,011
553273,553113,31,160,[00^6]172,cd205,d2210,81129,e0224,[00^19]7,011
553305,553177,31,128,[00^6]172,cd205,d2210,81129,e0224,[00^19]13,011
553337,553241,31,96,[00^6]172,cd205,d2210,81129,e0224,[00^19]9,011
553369,553273,31,96,[00^6]172,cd205,d2210,81129,e0224,[00^19]7,011
553401,553209,31,192,[00^6]172,cd205,d2210,81129,e0224,[00^19]18,011
553433,553369,31,64,[00^6]172,cd205,d2210,81129,e0224,[00^19]7,011
553465,553337,31,128,[00^6]172,cd205,d2210,81129,e0224,[00^19]9,011
553497,553401,31,96,[00^6]172,cd205,d2210,81129,e0224,[00^19]18,011
553529,553305,31,224,[00^6]172,cd205,d2210,81129,e0224,[00^19]13,011
553561,553433,31,128,[00^6]172,cd205,d2210,81129,e0224,[00^19]7,011
553593,553465,31,128,[00^6]172,cd205,d2210,81129,e0224,[00^19]9,011
553625,553593,31,32,[00^6]172,cd205,d2210,81129,e0224,[00^19]9,011
553657,553497,31,160,[00^6]172,cd205,d2210,81129,e0224,[00^19]18,011
553689,553657,31,32,[00^6]172,cd205,d2210,81129,e0224,[00^19]18,011
553721,553561,31,160,[00^6]172,cd205,d2210,81129,e0224,[00^19]7,011
553753,553529,31,224,[00^6]172,cd205,d2210,81129,e0224,[00^19]13,011
553785,553689,31,96,[00^6]172,cd205,d2210,81129,e0224,[00^19]18,011
553817,553753,31,64,[00^6]172,cd205,d2210,81129,e0224,[00^19]13,011
553849,553625,31,224,[00^6]172,cd205,d2210,81129,e0224,[00^19]9,011
553881,501561,31,52320,[00^6]172,cd205,d2210,81129,e0224,[00^19]16,011
553913,553817,31,96,[00^6]172,cd205,d2210,81129,e0224,[00^19]13,011
553945,502105,38,51840,80128,1a26,a9169,b9185,c0192,[00^32]1,011
553983,541439,10,12544,f4244,022,f9249,011,f0240,82130,e7231,088,80128,84132,011
553997,553992,4,5,84132,3149,055,c7199,011
554002,512041,224,41961,83131,011,5989,1c28,94148,088,72114,ec236,4468,2638,1016,3452,82130,a5165,0f15,2638,ff255,c3195,2a42,ce206,fc252,ec236,6197,b3179,c9201,80128,b9185,011,c4196,d4212,df223,d6214,bc188,[00^127]1,[00^31]1,[00^28]101,2234,1117,011
554227,548682,160,5545,[00^63]5,[00^62]1,4064,[00^31]65,011
554451,541907,75,12544,1c28,[00^31]192,[00^42]1
554526,551838,4,2688,006d109,f8248,6b107,011
554531,553997,4,534,84132,3149,055,c7199,011
554536,519217,96,35319,83131,011,1c28,4266,94148,1723,6298,1117,86134,9c156,a2162,b5181,68104,f2242,a7167,d4212,ee238,94148,1e30,077,3a58,82130,1e30,e1225,ff255,80128,b8184,4468,099,5e94,a7167,b3179,[00^12]29,011,88136,c4196,b2178,76118,a0160,93147,66102,d0208,5d93,6b107,e0224,6a106,f6246,1a26,73115,bc188,75117,3553,ff255,ff255,ff255,ff255,ff255,ff255,ff255,ff255,ff255,ff255,ff255,ff255,ff255,ff255,ff255,ff255,ff255,ff255,ff255,ff255,ff255,ff255,ff255,ff255,ff255,ff255,ff255,ff255,ff255,ff255,ff255,ff255,011
554632,498728,55,55904,82130,e7231,088,80128,80128,[00^49]2,011
554692,554531,6,161,84132,3149,055,c7199,de222,83131,011
554701,545238,59,9463,94148,f8248,2537,3755,fb251,6c108,5686,a3163,b5181,0092146,d3211,95149,1f31,84132,f5245,f6246,c8200,3553,b4180,f5245,80128,b9185,022,4468,5a90,e4228,011,dc220,[00^28]100,fa250,011
554762,545299,256,9463,[00^31]64,[00^31]2,[00^31]64,[00^30]1,6096,[00^31]228,044,e4228,5a90,af175,[00^12]23,6298,1117,86134,9c156,a2162,b5181,68104,f2242,a7167,d4212,ee238,94148,1e30,077,3a58,82130,1e30,e1225,ff255,[00^12]229,d7215,c2194,a4164,4f79,fd253,df223,6b107,2941,5a90,1521,c1193,4872,1622,7d125,aa170,af175,5c92,f3243,4f79,[00^28]1
555018,545555,64,9463,0000099,c4196,[00^31]2,[00^28]1
555082,555081,1,1,00011
555086,550885,26,4201,[00^25]26,011
555118,545655,121,9463,[00^91]68,4973,4064,4b75,7c124,[00^25]1
555239,555111,19,128,1a26,b0176,4973,8d141,d3211,a3163,5e94,[00^12]1
555278,548910,81,6368,[00^28]130,e7231,088,80128,80128,[00^48]1
555359,520383,6,34976,3250,022,f0240,82130,e7231,088,011
555365,519367,3,35998,1521,84132,2f47,011
555370,555365,5,5,1521,84132,2f47,8d141,88136,011
555376,549191,4,6185,82130,5282,088,94148,011
555407,546126,48,9281,0080128,c0192,[00^45]1
555458,555362,3,96,82130,e7231,088,011
555462,555366,10,96,84132,2f47,8d141,88136,1521,84132,2f47,8d141,88136,1f31,011
555472,493489,78,61983,83131,011,0b11,3654,94148,cc204,e9233,d3211,f3243,92146,c1193,3553,dc220,033,8b139,1420,7c124,a7167,3e62,c4196,96150,f7247,f8248,9d157,93147,80128,84132,1824,3f63,f0240,85133,c0192,[00^46]1
555550,541118,8,14432,0071113,022,f8248,6e110,82130,e7231,088,011
555558,521543,4,34015,044,84132,2f47,8d141,011
555562,555369,8,193,88136,1521,84132,2f47,8d141,88136,1f31,82130,011
555573,544077,20,11496,eb235,4670,6399,4266,c4196,d4212,4973,bc188,9f159,5383,a8168,65101,d5213,cb203,90144,5888,6f111,4064,5282,1521,011
555593,554561,19,1032,80128,b8184,4468,099,5e94,a7167,b3179,[00^12]1
555612,520503,20,35109,4367,86134,70112,d4212,1d29,5181,1824,003b59,2f47,4266,cc204,044,66102,fb251,ad173,d7215,6096,db219,f4244,011
555632,555025,29,607,[00^28]2,011
555664,546128,47,9536,c0192,[00^45]1,011
555711,508415,8,47296,db219,022,f9249,011,d7215,82130,e7231,088,011
555720,555462,11,258,84132,2f47,8d141,88136,1521,84132,2f47,8d141,88136,1f31,83131,011
555734,519382,21,36352,94148,67103,8a138,a4164,bf191,4e78,2133,0c12,f2242,1622,67103,5383,e0224,5484,d5213,b7183,c3195,1c28,c7199,fa250,86134,011
555761,504304,3,51457,80128,00b9185,011
555764,508468,36,47296,011,a4164,5a90,e4228,011,dc220,[00^28]100,fa250,011
555802,508506,240,47296,[00^31]64,[00^31]1,[00^31]32,[00^31]228,044,e4228,5a90,af175,[00^12]229,d7215,c2194,a4164,4f79,fd253,df223,6b107,2941,5a90,1521,c1193,4872,1622,7d125,aa170,af175,5c92,f3243,4f79,[00^12]23,6298,1117,86134,9c156,a2162,b5181,68104,f2242,a7167,d4212,ee238,94148,1e30,077,3a58,82130,1e30,e1225,ff255,[00^31]100,[00^12]1
556042,497032,20,59010,89137,a4164,bc188,5888,94148,6399,83131,4973,2133,9f159,ac172,69105,d0208,c1193,df223,2739,2032,4d77,68104,00011
556062,555635,26,427,[00^25]2,011
556088,555757,6,331,2133,b2178,6298,dd221,80128,00011
556094,513601,30,42493,[00^29]14,011
556126,533950,97,22176,[00^60]192,[00^35]1,011
556223,521535,12,34688,3351,022,f9249,011,2f47,82130,e7231,088,044,84132,2f47,8d141,011
556235,555562,8,673,88136,1521,84132,2f47,8d141,88136,1f31,82130,011
556243,544883,127,11360,7e126,5484,94148,d1209,a3163,ab171,f4244,2f47,9e158,66102,be190,86134,cf207,de222,a8168,c5197,c2194,c7199,4f79,044,1c28,5e94,1420,80128,b9185,011,044,5b91,7d125,74116,82130,[00^31]64,[00^31]160,[00^31]64,011
556374,545124,3,11250,3452,6197,3048,011
556380,544787,3,11593,3856,64100,3048,011
556392,521693,3,34699,64100,3654,3452,011
556398,522140,3,34258,65101,3048,6298,011
556401,545130,3,11271,64100,3755,64100,011
556410,545151,3,11259,6399,3654,65101,011
556413,545013,3,11400,3048,64100,3149,011
556417,521734,3,34683,6298,3957,6298,011
556428,522172,3,34256,64100,3048,3755,011
556434,544978,33,11456,[00^31]64,3553,011
556481,520287,3,36194,3250,6197,6399,011
556489,556472,4,17,3654,6298,64100,6399,011
556512,521808,3,34704,3654,3149,3856,011
556519,505518,3,51001,6298,3250,3048,011
556527,556427,3,100,6399,64100,3048,011
556530,544818,53,11712,c0192,[00^43]1,3351,022,f9249,011,2f47,82130,e7231,088,011
556584,556232,138,352,84132,2f47,8d141,88136,1521,84132,2f47,8d141,88136,1f31,82130,7e126,5484,94148,d1209,a3163,ab171,f4244,2f47,9e158,66102,be190,86134,cf207,de222,a8168,c5197,c2194,c7199,4f79,044,1c28,5e94,1420,80128,b9185,011,044,5b91,7d125,74116,82130,[00^31]64,[00^31]160,[00^31]64,011
556726,544712,3,12014,65101,3452,3654,011
556731,520310,3,36421,3553,3048,3452,011
556736,544666,3,12070,3856,3452,64100,011
556743,505427,3,51316,6298,65101,65101,011
556750,545111,3,11639,6399,65101,3856,011
556756,531711,3,25045,64100,3048,3553,011
556759,522130,4,34629,3351,3452,6197,66102,011
556764,556428,3,336,64100,3048,3755,011
556769,545128,3,11641,65101,3856,64100,011
556772,545032,4,11740,3048,3755,3250,3654,011
556782,531498,4,25284,3452,3755,3957,3957,011
556786,556690,32,96,[00^31]64,011
556818,505413,3,51405,3755,66102,66102,011
556821,522178,3,34643,3048,3755,66102,011
556827,556485,3,342,3048,3452,6399,011
556834,505933,4,50901,6298,3957,3149,3452,011
556838,556823,3,15,66102,3755,3856,011
556848,505941,3,50907,64100,6197,3856,011
556851,520230,3,36621,3250,3957,3654,011
556856,506014,3,50842,3048,3250,3149,011
556864,531536,4,25328,3250,3654,3452,3250,011
556870,556744,3,126,65101,65101,3553,011
556873,556774,3,99,3250,3654,3755,011
556883,555411,50,1472,[00^44]48,022,ee238,82130,e7231,088,011
556939,556934,4,5,84132,2f47,82130,ca202,011
556944,555472,78,1472,83131,011,0b11,3654,94148,cc204,e9233,d3211,f3243,92146,c1193,3553,dc220,033,8b139,1420,7c124,a7167,3e62,c4196,96150,f7247,f8248,9d157,93147,80128,84132,1824,3f63,f0240,85133,c0192,[00^46]1
557024,556576,3,448,022,f9249,011,011
557028,542372,6,14656,82130,e7231,088,80128,84132,2f47,011
557034,556936,9,98,82130,ca202,84132,84132,2f47,82130,ca202,8e142,83131,011
557046,544214,21,12832,94148,87135,3149,d5213,4e78,9d157,022,c2194,86134,76118,7d125,5686,ac172,033,e8232,033,7c124,077,e0224,1e30,98152,011
557074,544241,52,12833,92146,96150,b8184,e4228,1117,1420,cd205,2a42,[00^31]110,[00^12]1
557146,556658,56,488,[00^31]160,[00^24]1
557202,543959,32,13243,011,1c28,3755,93147,7e126,088,[00^26]1
557240,556989,33,251,[00^33]1
557274,557126,32,148,4771,fa250,3f63,033,93147,d9217,f0240,4b75,ea234,2d45,055,4064,6d109,5383,c4196,088,3b59,9e158,d7215,5a90,[00^12]1
557306,556186,37,1120,c0192,[00^35]1,011
557343,555711,8,1632,db219,022,f9249,011,d7215,82130,e7231,088,011
557357,557352,4,5,84132,2f47,7d125,85133,011
557366,555734,22,1632,94148,67103,8a138,a4164,bf191,4e78,2133,0c12,f2242,1622,67103,5383,e0224,5484,d5213,b7183,c3195,1c28,c7199,fa250,86134,87135,011
557393,508465,39,48928,0000b9185,011,a4164,5a90,e4228,011,dc220,[00^28]100,fa250,011
557432,555800,228,1632,85133,bd189,[00^31]64,[00^31]1,[00^31]32,[00^31]228,044,e4228,5a90,af175,[00^12]229,d7215,c2194,a4164,4f79,fd253,df223,6b107,2941,5a90,1521,c1193,4872,1622,7d125,aa170,af175,5c92,f3243,4f79,[00^12]23,6298,1117,86134,9c156,a2162,b5181,68104,f2242,a7167,d4212,ee238,94148,1e30,077,3a58,82130,1e30,e1225,ff255,[00^30]1
557662,493367,57,64295,[00^12]144,5e94,f0240,68104,1016,b5181,d1209,68104,d0208,c8200,d3211,5181,5989,3e62,d5213,d1209,88136,0d13,bc188,2840,[00^25]1
557719,557388,7,331,b1177,a2162,bc188,2e46,c5197,0000011
557726,543518,29,14208,[00^28]4,011
557758,516318,97,41440,[00^60]192,[00^36]1
557855,493471,7,64384,3149,022,ef239,82130,e7231,088,81129,011
557863,557352,11,511,84132,2f47,7d125,85133,75117,84132,2f47,7d125,85133,7f127,83131,011
557874,556945,76,929,011,0b11,3654,94148,cc204,e9233,d3211,f3243,92146,c1193,3553,dc220,033,8b139,1420,7c124,a7167,3e62,c4196,96150,f7247,f8248,9d157,93147,80128,84132,1824,3f63,f0240,85133,c0192,[00^45]1
557950,547038,54,10912,011,0d13,f9249,011,0a10,011,84132,2a42,ea234,5484,0082130,9d157,78120,94148,088,72114,ec236,4468,2638,1016,3452,82130,a5165,0f15,2638,ff255,c3195,2a42,ce206,fc252,ec236,6197,b3179,c9201,80128,b8184,e4228,f2242,4266,4367,2a42,[00^12]1
558024,547112,256,10912,[00^12]174,c3195,ca202,ce206,f9249,4569,7f127,f2242,82130,1d29,9f159,85133,4266,9c156,e3227,d9217,0b11,001420,5989,[00^31]5,[00^31]1,[00^31]160,[00^64]130,e7231,088,80128,80128,[00^49]1,ef239,f9249,011,ec236,80128,84132,2a42,ea234,5484,011
558280,547368,224,10912,0083131,011,5f95,90144,94148,088,72114,ec236,4468,2638,1016,3452,82130,a5165,0f15,2638,ff255,c3195,2a42,ce206,fc252,ec236,6197,b3179,c9201,80128,b9185,011,c4196,d4212,df223,d6214,bc188,[00^127]1,[00^31]1,[00^28]101,1420,011
558506,554227,160,4279,[00^63]5,[00^62]1,4064,[00^31]65,011
558730,547818,256,10912,1c28,[00^31]130,e7231,088,80128,80128,[00^47]1,ef239,f9249,011,ec236,80128,84132,2a42,ea234,5484,0083131,011,5f95,90144,94148,088,72114,ec236,4468,2638,1016,3452,82130,a5165,0f15,2638,ff255,c3195,2a42,ce206,fc252,ec236,6197,b3179,c9201,80128,b9185,011,c4196,d4212,df223,d6214,bc188,[00^127]1,011
558986,548074,62,10912,[00^31]1,[00^28]101,1420,011
559050,558506,160,544,[00^63]5,[00^62]1,4064,[00^31]65,011
559242,540341,3,18901,00d1209,b4180,011
559274,511210,256,48064,1b27,[00^31]130,e7231,088,80128,80128,[00^47]1,ef239,f9249,011,ec236,80128,84132,2a42,ea234,5484,0083131,011,5f95,90144,94148,088,72114,ec236,4468,2638,1016,3452,82130,a5165,0f15,2638,ff255,c3195,2a42,ce206,fc252,ec236,6197,b3179,c9201,80128,b9185,011,c4196,d4212,df223,d6214,bc188,[00^127]1,011
559530,511466,63,48064,[00^31]1,[00^28]101,1420,1622,011
559594,559050,160,544,[00^63]5,[00^62]1,4064,[00^31]65,011
559818,546954,138,12864,1c28,[00^31]130,e7231,088,80128,80128,[00^47]1,0d13,f9249,011,0a10,011,84132,2a42,ea234,5484,0082130,9d157,78120,94148,088,72114,ec236,4468,2638,1016,3452,82130,a5165,0f15,2638,ff255,c3195,2a42,ce206,fc252,ec236,6197,b3179,c9201,80128,b8184,e4228,f2242,4266,4367,2a42,[00^12]1
559976,558024,246,1952,[00^12]174,c3195,ca202,ce206,f9249,4569,7f127,f2242,82130,1d29,9f159,85133,4266,9c156,e3227,d9217,0b11,001420,5989,[00^31]5,[00^31]1,[00^31]160,[00^64]130,e7231,088,80128,80128,[00^49]1
560222,524286,13,35936,002c44,eb235,4d77,84132,2a42,ea234,5484,0082130,5282,088,94148,011
560254,524510,65,35744,e4228,86134,5a90,f3243,1016,7a122,4064,0080128,82130,e7231,088,80128,80128,[00^51]1
560322,560226,9,96,84132,2a42,ea234,5484,0082130,5282,088,94148,011
560351,511967,77,48384,86134,5a90,f3243,1016,7a122,4064,0080128,82130,e7231,088,80128,80128,[00^50]1,ef239,f9249,011,ec236,80128,84132,2a42,ea234,5484,0083131,011,5989,011
560429,554006,220,6423,94148,088,72114,ec236,4468,2638,1016,3452,82130,a5165,0f15,2638,ff255,c3195,2a42,ce206,fc252,ec236,6197,b3179,c9201,80128,b9185,011,c4196,d4212,df223,d6214,bc188,[00^127]1,[00^31]1,[00^28]101,2234,1117,011
560650,559594,160,1056,[00^63]5,[00^62]1,4064,[00^31]65,011
560867,507334,2,53533,008b139,011
560874,496714,116,64160,1c28,[00^31]130,e7231,088,80128,80128,[00^79]1
560992,549392,40,11600,b8184,ff255,87135,7e126,d7215,8b139,a5165,2032,ec236,e2226,1b27,1d29,e7231,84132,3a58,8a138,5787,ca202,4771,cb203,3d61,3957,1a26,ff255,fe254,d2210,2537,5a90,2d45,d0208,033,2537,c3195,a9169,6a106,5a90,8e142,022,3f63,f8248,011
561032,552089,8,8943,bf191,82130,4872,d1209,7d125,9c156,a7167,69105,011
561040,552121,12,8919,3755,2e46,ee238,e6230,ba186,ef239,db219,3048,7e126,6f111,0c12,d9217,011
561053,560989,1,64,00011
561092,555258,20,5834,c5197,80128,de222,5787,3957,fd253,cf207,c0192,bb187,ae174,90144,d3211,6298,f2242,2234,2638,d3211,9c156,1117,3b59,011
561112,525232,20,35880,85133,9e158,8a138,75117,af175,2941,77119,2638,c5197,066,d2210,97151,6197,3a58,f5245,bd189,3957,6f111,f6246,1c28,011
561152,525252,20,35900,d4212,2a42,a3163,70112,fc252,d0208,6c108,68104,3b59,71113,5484,ff255,a7167,99153,a8168,e0224,0a10,c0192,1218,1e30,011
561172,556042,20,5130,89137,a4164,bc188,5888,94148,6399,83131,4973,2133,9f159,ac172,69105,d0208,c1193,df223,2739,2032,4d77,68104,00011
561252,557274,20,3978,4771,fa250,3f63,033,93147,d9217,f0240,4b75,ea234,2d45,055,4064,6d109,5383,c4196,088,3b59,9e158,d7215,5a90,011
561272,557674,20,3598,90144,5e94,f0240,68104,1016,b5181,d1209,68104,d0208,c8200,d3211,5181,5989,3e62,d5213,d1209,88136,0d13,bc188,2840,011
561312,558004,20,3308,bc188,0a10,87135,65101,71113,67103,2133,3755,1016,96150,a9169,033,b7183,a1161,c6198,2436,bb187,1622,8a138,89137,011
561372,518716,3,42656,ff255,0b11,c8200,011
561392,559956,20,1436,c0192,80128,83131,1b27,2335,6a106,8c140,fb251,d6214,de222,0e14,e0224,5c92,4367,3957,4f79,98152,7e126,ce206,85133,011
561412,513128,20,48284,f6246,f8248,b5181,bc188,022,1f31,f6246,7a122,99153,3250,3452,64100,4771,dd221,7e126,78120,aa170,67103,4266,2436,011
561432,513108,20,48324,9d157,ba186,d4212,2032,96150,3e62,5383,77119,5a90,5181,ea234,9a154,ad173,4a74,fa250,3a58,f6246,e5229,d7215,5383,011
561472,560958,32,514,[00^32]1
561536,550240,31,11296,[00^28]100,fa250,84132,011
561568,557787,62,3781,[00^31]192,[00^30]1
561631,561599,32,32,c0192,[00^30]42,011
561664,513344,31,48320,[00^30]45,011
561696,525760,94,35936,[00^31]33,[00^30]4,2032,[00^30]1
561791,497727,32,64064,80128,[00^30]4,011
561824,560683,31,1141,[00^30]5,011
561856,551968,31,9888,[00^30]7,011
561888,513568,31,48320,[00^30]11,011
561920,561888,30,32,[00^30]1
561951,517569,64,44382,[00^31]13,[00^31]13,011
562016,561984,31,32,[00^30]13,011
562048,550560,31,11488,[00^30]15,011
562080,562048,31,32,[00^30]15,011
562112,497856,31,64256,[00^30]17,011
562143,561983,31,160,[00^31]1
562176,513696,31,48480,[00^30]21,011
562208,562176,31,32,[00^30]21,011
562240,550401,31,11839,[00^30]24,011
562272,562240,31,32,[00^30]24,011
562303,550879,32,11424,a0160,[00^30]26,011
562335,562143,31,192,[00^31]1
562367,513823,63,48544,a0160,[00^30]27,[00^31]1
562431,513887,32,48544,6096,[00^30]29,011
562464,550976,31,11488,[00^30]30,011
562496,525538,31,36958,[00^30]31,011
562528,513952,63,48576,[00^30]32,e0224,[00^30]34,011
562592,517690,31,44902,[00^30]35,011
562624,525920,31,36704,[00^30]37,011
562656,562624,30,32,[00^30]1
562687,525951,63,36736,a0160,[00^30]40,[00^31]1
562752,562720,31,32,[00^30]41,011
562784,514400,39,48384,[00^31]54,022,f4244,82130,e7231,088,82130,ab171,011
562824,514440,16,48384,85133,022,044,0e14,ba186,5282,85133,022,6b107,4468,df223,95149,82130,5a90,3c60,94148,011
562860,514476,50,48384,87135,3553,4a74,6b107,a7167,a1161,80128,077,80128,c0192,[00^40]1
562910,562814,9,96,003654,022,f4244,82130,e7231,088,82130,ab171,011
562920,562824,16,96,85133,022,044,0e14,ba186,5282,85133,022,6b107,4468,df223,95149,82130,5a90,3c60,94148,011
562956,562860,51,96,87135,3553,4a74,6b107,a7167,a1161,80128,077,80128,c0192,[00^41]1
563007,554527,3,8480,6d109,f8248,6b107,011
563016,554536,64,8480,83131,011,1c28,4266,94148,1723,6298,1117,86134,9c156,a2162,b5181,68104,f2242,a7167,d4212,ee238,94148,1e30,077,3a58,82130,1e30,e1225,ff255,80128,b8184,4468,099,5e94,a7167,b3179,[00^12]29,011,88136,c4196,b2178,76118,a0160,93147,66102,d0208,5d93,6b107,e0224,6a106,f6246,1a26,73115,bc188,75117,3553,011
563080,561858,29,1222,[00^28]7,011
563111,498727,63,64384,0082130,e7231,088,80128,80128,[00^49]2,3250,f9249,022,2f47,83131,033,066,011
563175,551239,233,11936,84132,3a58,d3211,bc188,a4164,83131,044,8d141,9c156,94148,cb203,5686,6e110,3b59,69105,3452,fa250,77119,2537,8d141,68104,ea234,1824,e9233,3149,fa250,75117,e1225,aa170,aa170,80128,b9185,022,044,6c108,4569,9a154,2840,[00^12]56,de222,71113,1218,4f79,7a122,4468,7a122,011,d6214,79121,4569,a5165,1e30,dc220,e9233,ff255,4973,1218,5181,[00^31]128,[00^28]100,fa250,d9217,099,[00^30]1,4064,[00^31]132,70112,4367,1622,e5229,[00^31]1
563440,551504,33,11936,72114,[00^31]20,011
563473,563409,63,64,96150,5b91,76118,bd189,ec236,6e110,1925,3351,4771,f1241,033,cb203,9e158,a8168,055,90144,8d141,1925,1a26,80128,0a10,9d157,4468,4d77,1925,0f15,bf191,78120,7b123,4973,4e78,72114,[00^31]1
563536,560878,29,2658,[00^28]130,011
563582,546012,2,17570,00c7199,011
563694,551758,80,11936,1c28,[00^30]130,e7231,088,80128,80128,[00^44]1
563774,517182,8,46592,033,92146,f9249,033,8f143,83131,033,055,011
563788,517196,129,46592,83131,1319,f7247,c0192,94148,a6166,5888,74116,2d45,3351,eb235,d2210,ce206,2f47,0b11,df223,f7247,3553,1521,aa170,79121,7f127,d1209,6197,d9217,80128,b9185,033,64100,2537,2f47,7b123,011,[00^31]111,[00^12]69,f1241,a9169,5a90,4d77,3f63,3856,3654,5282,3f63,5c92,83131,67103,3c60,79121,7f127,4d77,4d77,2638,3b59,[00^29]4,3250,3856,011
563917,551537,32,12380,ab171,ae174,d3211,2e46,7b123,5686,71113,ba186,76118,c3195,4c76,95149,2537,a6166,78120,1319,1319,a1161,eb235,4367,f6246,ab171,ca202,3250,3654,1b27,2537,d5213,a6166,7a122,cb203,72114,011
563949,551537,63,12412,ab171,ae174,d3211,2e46,7b123,5686,71113,ba186,76118,c3195,4c76,95149,2537,a6166,78120,1319,1319,a1161,eb235,4367,f6246,ab171,ca202,3250,3654,1b27,2537,d5213,a6166,7a122,cb203,72114,[00^31]1
564012,517420,72,46592,c0192,[00^30]2,74116,[00^12]77,73115,ad173,b7183,2b43,c3195,dd221,3654,89137,66102,ed237,d0208,f0240,b2178,1420,84132,011,a1161,78120,e2226,[00^6]138,011
564085,517493,230,46592,006f111,70112,1a26,95149,70112,7a122,022,90144,ac172,8b139,90144,b3179,71113,9e158,8e142,e5229,b2178,1016,3654,088,83131,00b7183,4569,f1241,a9169,5a90,4d77,3f63,3856,3654,5282,3f63,5c92,83131,67103,3c60,79121,7f127,4d77,4d77,2638,3b59,[00^31]1,[00^31]13,[00^31]13,[00^87]35,dc220,4e78,011
564321,562117,26,2204,[00^25]17,011
564353,562563,28,1790,[00^27]34,011
564384,552252,28,12132,[00^27]6,011
564417,564254,58,163,[00^58]1
564475,564411,31,64,066,2941,3654,89137,b0176,0a10,[00^25]1
564513,517921,96,46592,[00^30]1,c0192,[00^30]2,[00^32]20,011
564629,560112,106,4517,[00^56]130,e7231,088,80128,80128,[00^45]1
564735,562911,6,1824,3654,022,f4244,82130,e7231,088,011
564747,564742,5,5,84132,3553,ec236,c2194,4266,011
564776,508459,8,56317,87135,2335,86134,f2242,6f111,c1193,0000011
564790,564694,41,96,[00^41]1
564835,551843,6,12992,84132,3553,a4164,e9233,0083131,011
564845,551892,20,12953,bc188,7f127,67103,fa250,9c156,72114,f9249,fc252,cf207,91145,7c124,bc188,ee238,2a42,5080,de222,b0176,3149,4670,2a42,011
564872,555022,55,9850,[00^31]2,[00^23]1
564935,564519,25,416,[00^24]1,011
564968,536458,63,28510,[00^12]61,3957,1a26,ff255,fe254,d2210,2537,5a90,2d45,d0208,033,2537,c3195,a9169,6a106,5a90,8e142,022,3f63,f8248,[00^28]100,fa250,89137,011
565032,560906,55,4126,82130,e7231,088,80128,80128,[00^50]1
565087,556927,6,8160,3048,022,ee238,82130,e7231,088,011
565093,556231,4,8862,044,84132,2f47,8d141,011
565099,565094,4,5,84132,2f47,8d141,f2242,011
565104,555472,79,9632,83131,011,0b11,3654,94148,cc204,e9233,d3211,f3243,92146,c1193,3553,dc220,033,8b139,1420,7c124,a7167,3e62,c4196,96150,f7247,f8248,9d157,93147,80128,84132,1824,3f63,f0240,85133,c0192,[00^47]1
565187,520996,7,44191,82130,e7231,088,80128,84132,2f47,8d141,011
565194,565097,9,97,f2242,ce206,84132,2f47,8d141,f2242,d8216,83131,011,011
565236,554455,72,10781,[00^28]192,[00^43]1
565308,564957,3,351,0000011,011
565311,532159,3,33152,3b59,022,f9249,011
565315,532163,4,33152,3755,82130,e7231,088,011
565319,565190,12,129,80128,84132,2f47,8d141,f2242,ce206,84132,2f47,8d141,f2242,d8216,83131,011
565362,557394,3,7968,00b9185,011,011
565370,520531,96,44839,[00^12]229,d7215,c2194,a4164,4f79,fd253,df223,6b107,2941,5a90,1521,c1193,4872,1622,7d125,aa170,af175,5c92,f3243,4f79,[00^12]235,4670,6399,4266,c4196,d4212,4973,bc188,9f159,5383,a8168,65101,d5213,cb203,90144,5888,6f111,4064,5282,1521,[00^31]8,011
565466,565453,12,13,[00^12]1
565484,565477,1,7,00011
565498,565000,31,498,[00^28]100,fa250,89137,011
565530,565501,25,29,[00^25]1
565555,565356,7,199,7a122,3e62,cd205,9e158,1319,90144,00011
565562,563746,29,1816,[00^28]3,011
565594,557786,69,7808,[00^32]192,[00^36]1
565663,565087,6,576,3048,022,ee238,82130,e7231,088,011
565670,565094,88,576,84132,2f47,8d141,f2242,ce206,84132,2f47,8d141,f2242,d8216,83131,011,0b11,3654,94148,cc204,e9233,d3211,f3243,92146,c1193,3553,dc220,033,8b139,1420,7c124,a7167,3e62,c4196,96150,f7247,f8248,9d157,93147,80128,84132,1824,3f63,f0240,85133,c0192,[00^46]1
565758,565310,21,448,011,3b59,022,f9249,011,3755,82130,e7231,088,80128,84132,2f47,8d141,f2242,ce206,84132,2f47,8d141,f2242,d8216,83131,011
565782,565334,22,448,94148,2739,2e46,1521,6d109,f8248,da218,5181,3c60,69105,cb203,4165,cc204,7a122,99153,1824,5d93,5383,f9249,2638,bb187,87135,011
565804,509041,7,56763,077,1a26,fd253,4973,8d141,0000011
565811,565363,51,448,b9185,011,044,a8168,c9201,ed237,67103,[00^12]229,d7215,c2194,a4164,4f79,fd253,df223,6b107,2941,5a90,1521,c1193,4872,1622,7d125,aa170,af175,5c92,f3243,4f79,[00^12]1
565862,535160,51,30702,7d125,4367,aa170,bc188,5181,5c92,3553,6197,4569,044,92146,2739,ce206,e5229,4b75,6096,83131,4266,c0192,ad173,[00^31]1
565914,557707,13,8207,[00^12]177,011
565946,565498,31,448,[00^28]100,fa250,89137,011
565978,509016,32,56962,[00^25]7,1a26,fd253,4973,8d141,0000011
566010,561670,25,4340,[00^24]45,011
566042,565594,68,448,[00^32]192,[00^35]1
566112,545216,3,20896,022,f9249,022,011
566116,565764,3,352,82130,e7231,088,011
566120,565768,11,352,84132,2f47,8d141,f2242,ce206,84132,2f47,8d141,f2242,d8216,83131,011
566133,506613,22,59520,1a26,94148,80128,e3227,82130,91145,e0224,6399,3957,d1209,0a10,ab171,4872,3c60,65101,69105,5d93,004d77,bd189,5c92,69105,011
566155,563205,3,2950,80128,b9185,022,011
566158,533369,62,32789,64100,2c44,c4196,088,1e30,[00^31]96,[00^25]1
566227,506715,31,59512,[00^28]100,fa250,b3179,011
566259,533470,151,32789,[00^31]1,[00^31]32,[00^31]96,[00^12]125,4367,aa170,bc188,5181,5c92,3553,6197,4569,044,92146,2739,ce206,e5229,4b75,6096,83131,4266,c0192,ad173,[00^23]1
566418,533629,256,32789,[00^32]1,[00^31]32,[00^12]127,72114,e0224,d8216,e9233,ab171,f9249,1319,3a58,92146,3250,2b43,8b139,5080,bd189,8e142,0f15,9d157,cf207,cb203,[00^31]128,[00^62]1,[00^32]96,[00^12]125,4367,aa170,bc188,5181,5c92,3553,6197,4569,044,92146,2739,ce206,e5229,4b75,6096,83131,4266,c0192,011
566674,533885,13,32789,ad173,[00^12]1
566707,566578,64,129,[00^31]1,[00^32]1
566771,541939,44,24832,c0192,[00^42]1,011
566815,565759,167,1056,3b59,022,f9249,011,3755,82130,e7231,088,80128,84132,2f47,8d141,f2242,ce206,84132,2f47,8d141,f2242,d8216,83131,033,2d45,9f159,94148,2739,2e46,1521,6d109,f8248,da218,5181,3c60,69105,cb203,4165,cc204,7a122,99153,1824,5d93,5383,f9249,2638,bb187,87135,077,1a26,fd253,4973,8d141,0000b9185,011,044,a8168,c9201,ed237,67103,[00^12]229,d7215,c2194,a4164,4f79,fd253,df223,6b107,2941,5a90,1521,c1193,4872,1622,7d125,aa170,af175,5c92,f3243,4f79,[00^12]125,4367,aa170,bc188,5181,5c92,3553,6197,4569,044,92146,2739,ce206,e5229,4b75,6096,83131,4266,c0192,ad173,[00^31]40,[00^12]1
566982,512888,20,54094,1016,1117,d9217,1f31,5484,1319,3250,d6214,c3195,088,5181,3f63,d7215,7a122,7d125,2c44,4b75,cf207,7d125,cd205,011
567002,565946,164,1056,[00^28]100,fa250,89137,4165,[00^25]7,1a26,fd253,4973,8d141,[00^26]45,9e158,4f79,3e62,1218,1b27,2840,2b43,[00^32]192,[00^35]1
567166,565662,7,1504,003048,022,ee238,82130,e7231,088,011
567173,520487,4,46686,066,84132,2f47,8d141,011
567177,565673,85,1504,f2242,ce206,84132,2f47,8d141,f2242,d8216,83131,011,0b11,3654,94148,cc204,e9233,d3211,f3243,92146,c1193,3553,dc220,033,8b139,1420,7c124,a7167,3e62,c4196,96150,f7247,f8248,9d157,93147,80128,84132,1824,3f63,f0240,85133,c0192,[00^46]1
567264,566112,3,1152,022,f9249,022,011
567268,565090,15,2178,82130,e7231,088,044,84132,2f47,8d141,f2242,ce206,84132,2f47,8d141,f2242,d8216,83131,011
567286,566134,21,1152,94148,80128,e3227,82130,91145,e0224,6399,3957,d1209,0a10,ab171,4872,3c60,65101,69105,5d93,004d77,bd189,5c92,69105,011
567314,566866,2,448,00b9185,011
567316,566157,61,1159,022,64100,2c44,c4196,088,1e30,[00^31]96,[00^23]1
567386,566227,31,1159,[00^28]100,fa250,b3179,011
567418,566259,108,1159,[00^31]1,[00^31]32,[00^31]96,[00^12]1
567526,567525,45,1,[00^45]1
567571,567308,7,263,4771,e2226,84132,055,5d93,088,00011
567578,566419,236,1159,[00^31]1,[00^31]32,[00^12]127,72114,e0224,d8216,e9233,ab171,f9249,1319,3a58,92146,3250,2b43,8b139,5080,bd189,8e142,0f15,9d157,cf207,cb203,[00^31]128,[00^62]1,[00^32]96,[00^12]1
567814,566886,32,928,e5229,d7215,c2194,a4164,4f79,fd253,df223,6b107,2941,5a90,1521,c1193,4872,1622,7d125,aa170,af175,5c92,f3243,4f79,[00^12]1
567846,549512,20,18334,2c44,99153,4771,b1177,65101,e0224,c7199,1824,a3163,cb203,f7247,d3211,9e158,8e142,80128,d7215,9c156,c9201,f5245,d9217,011
567866,508315,99,59551,[00^31]2,[00^32]192,[00^34]1
567965,555357,8,12608,00003250,022,f0240,82130,e7231,088,011
567973,566823,4,1150,80128,84132,2f47,8d141,011
567977,555369,11,12608,88136,1521,84132,2f47,8d141,88136,1f31,82130,5282,088,94148,011
568014,514377,3,53637,80128,0080128,011
568017,538513,46,29504,c0192,[00^44]1,011
568063,566815,12,1248,3b59,022,f9249,011,3755,82130,e7231,088,80128,84132,2f47,8d141,011
568075,555723,9,12352,88136,1521,84132,2f47,8d141,88136,1f31,83131,033,011
568086,566838,80,1248,94148,2739,2e46,1521,6d109,f8248,da218,5181,3c60,69105,cb203,4165,cc204,7a122,99153,1824,5d93,5383,f9249,2638,bb187,87135,077,1a26,fd253,4973,8d141,0000b9185,011,044,a8168,c9201,ed237,67103,[00^12]229,d7215,c2194,a4164,4f79,fd253,df223,6b107,2941,5a90,1521,c1193,4872,1622,7d125,aa170,af175,5c92,f3243,4f79,[00^12]1
568166,565414,50,2752,eb235,4670,6399,4266,c4196,d4212,4973,bc188,9f159,5383,a8168,65101,d5213,cb203,90144,5888,6f111,4064,5282,1521,[00^30]1
568218,563048,13,5170,[00^12]29,011
568250,565498,57,2752,[00^28]100,fa250,89137,4d77,[00^25]1
568307,567059,31,1248,077,1a26,fd253,4973,8d141,[00^26]1
568338,567962,7,376,[00^5]50,022,011
568346,567898,69,448,[00^32]192,[00^36]1
568415,541119,10,27296,71113,022,f8248,6e110,82130,e7231,088,055,84132,2f47,011
568425,567976,9,449,8d141,88136,1521,84132,2f47,8d141,88136,1f31,82130,011
568437,568134,20,303,e5229,d7215,c2194,a4164,4f79,fd253,df223,6b107,2941,5a90,1521,c1193,4872,1622,7d125,aa170,af175,5c92,f3243,4f79,011
568457,555593,64,12864,80128,b8184,4468,099,5e94,a7167,b3179,[00^12]67,86134,70112,d4212,1d29,5181,1824,003b59,2f47,4266,cc204,044,66102,fb251,ad173,d7215,6096,db219,f4244,[00^25]1
568521,542163,7,26358,4771,0d13,e4228,df223,82130,0000011
568529,555313,52,13216,[00^46]50,022,f0240,82130,e7231,088,011
568581,541286,3,27295,1622,84132,2f47,011
568584,567976,12,608,8d141,88136,1521,84132,2f47,8d141,88136,1f31,82130,5282,088,94148,011
568623,568015,48,608,0080128,c0192,[00^44]1,011
568671,556575,8,12096,3351,022,f9249,011,2f47,82130,e7231,088,011
568679,545223,3,23456,022,84132,2f47,011
568685,568680,4,5,84132,2f47,8b139,80128,011
568690,556594,128,12096,82130,7e126,5484,94148,d1209,a3163,ab171,f4244,2f47,9e158,66102,be190,86134,cf207,de222,a8168,c5197,c2194,c7199,4f79,044,1c28,5e94,1420,80128,b9185,011,044,5b91,7d125,74116,82130,[00^31]64,[00^31]160,[00^31]64,011
568822,505956,3,62866,6298,3654,66102,011
568828,544794,3,24034,3957,3856,3553,011
568831,545112,3,23719,65101,3856,3048,011
568847,556527,3,12320,6399,64100,3048,011
568851,544785,3,24066,3957,6399,3856,011
568854,522139,3,46715,3048,65101,3048,011
568860,521692,3,47168,3957,64100,3654,011
568870,544783,3,24087,3755,66102,3957,011
568876,520198,3,48678,66102,3351,3654,011
568882,568786,32,96,[00^31]64,011
568914,522166,3,46748,3654,3553,3553,011
568918,545056,3,23862,3553,3452,3351,011
568921,556763,3,12158,3149,64100,3048,011
568928,545015,3,23913,3149,66102,65101,011
568933,568928,3,5,3149,66102,65101,011
568941,521695,3,47246,3452,3250,3048,011
568944,531493,3,37451,3957,3351,3553,011
568957,540632,3,28325,3856,3856,3654,011
568963,568959,3,4,3654,3654,3250,011
568970,545019,3,23951,3250,3250,3351,011
568974,505943,3,63031,3856,3957,65101,011
568978,556530,45,12448,c0192,[00^43]1,011
569024,568672,3,352,022,f9249,011,011
569028,568068,6,960,82130,e7231,088,80128,84132,2f47,011
569034,568682,8,352,8b139,80128,7f127,84132,2f47,8b139,80128,89137,011
569042,542386,3,26656,83131,033,a5165,011
569046,542390,21,26656,94148,c9201,b7183,5383,d7215,3b59,1723,dd221,b5181,e8232,70112,93147,ff255,044,a9169,e3227,1824,4569,a4164,3a58,f0240,011
569074,542419,38,26655,b9185,011,2436,1218,69105,2840,c4196,[00^31]1
569113,542458,96,26655,[00^31]96,[00^31]160,[00^31]20,011
569229,542574,102,26655,[00^43]86,00022,[00^29]3,0d13,4064,[00^24]1
569331,568306,8,1025,00077,1a26,fd253,4973,8d141,0000011
569339,569209,30,130,85133,90144,cb203,033,d3211,94148,97151,4f79,2b43,0f15,a7167,6197,c5197,e7231,2a42,f4244,8e142,3048,011,3b59,[00^10]1
569370,565050,43,4320,[00^37]48,022,ee238,82130,e7231,088,011
569414,546091,3,23323,84132,2e46,1521,011
569419,569414,4,5,84132,2e46,1521,077,011
569424,565680,79,3744,83131,011,0b11,3654,94148,cc204,e9233,d3211,f3243,92146,c1193,3553,dc220,033,8b139,1420,7c124,a7167,3e62,c4196,96150,f7247,f8248,9d157,93147,80128,84132,1824,3f63,f0240,85133,c0192,[00^46]1,011
569503,568671,8,832,3351,022,f9249,011,2f47,82130,e7231,088,011
569512,569419,3,93,84132,2e46,1521,011
569517,569512,4,5,84132,2e46,1521,6f111,011
569522,568690,128,832,82130,7e126,5484,94148,d1209,a3163,ab171,f4244,2f47,9e158,66102,be190,86134,cf207,de222,a8168,c5197,c2194,c7199,4f79,044,1c28,5e94,1420,80128,b9185,011,044,5b91,7d125,74116,82130,[00^31]64,[00^31]160,[00^31]64,011
569654,506025,3,63629,3553,3250,3452,011
569660,520302,3,49358,6197,3957,64100,011
569673,568968,3,705,3856,6399,3250,011
569687,544769,3,24918,65101,65101,3755,011
569701,556478,4,13223,3250,3149,6298,3250,011
569705,522065,3,47640,3250,66102,66102,011
569708,556871,3,12837,65101,3553,3250,011
569713,505969,33,63744,3654,[00^31]64,011
569748,506012,3,63736,6298,3654,3048,011
569751,569669,3,82,64100,3250,3351,011
569754,556852,4,12902,3957,3654,3755,6298,011
569761,544806,3,24955,6197,6197,3351,011
569764,556869,3,12895,65101,65101,65101,011
569767,505436,3,64331,3149,6197,3351,011
569770,540636,3,29134,3654,3250,3856,011
569779,545134,3,24645,3250,3250,3452,011
569782,522170,3,47612,3856,3048,64100,011
569785,521823,3,47962,6298,64100,65101,011
569791,556863,3,12928,3654,3250,3654,011
569794,556497,3,13297,6197,3856,6298,011
569797,556414,3,13383,64100,3149,3452,011
569802,545131,3,24671,3755,64100,6298,011
569810,522194,98,47616,c0192,[00^43]1,0d13,f9249,011,0a10,011,84132,2a42,ea234,5484,0082130,9d157,78120,94148,088,72114,ec236,4468,2638,1016,3452,82130,a5165,0f15,2638,ff255,c3195,2a42,ce206,fc252,ec236,6197,b3179,c9201,80128,b8184,e4228,f2242,4266,4367,2a42,[00^12]1
569908,561352,20,8556,82130,e9233,cf207,4872,69105,65101,3e62,8d141,9d157,9e158,077,d3211,1521,6b107,1319,7e126,87135,86134,1117,87135,011
569928,522632,256,47296,[00^12]174,c3195,ca202,ce206,f9249,4569,7f127,f2242,82130,1d29,9f159,85133,4266,9c156,e3227,d9217,0b11,001420,5989,[00^31]5,[00^31]1,[00^31]160,[00^64]130,e7231,088,80128,80128,[00^49]1,0d13,f9249,011,0a10,011,84132,2a42,ea234,5484,011
570184,522888,44,47296,0082130,9d157,78120,94148,088,72114,ec236,4468,2638,1016,3452,82130,a5165,0f15,2638,ff255,c3195,2a42,ce206,fc252,ec236,6197,b3179,c9201,80128,b8184,e4228,f2242,4266,4367,2a42,[00^12]1
570228,561372,20,8856,ff255,0b11,c8200,f0240,8a138,ad173,3654,3351,c9201,ee238,bd189,1218,98152,4670,2e46,cb203,1c28,fc252,d3211,d8216,011
570248,569928,256,320,[00^12]174,c3195,ca202,ce206,f9249,4569,7f127,f2242,82130,1d29,9f159,85133,4266,9c156,e3227,d9217,0b11,001420,5989,[00^31]5,[00^31]1,[00^31]160,[00^64]130,e7231,088,80128,80128,[00^49]1,0d13,f9249,011,0a10,011,84132,2a42,ea234,5484,011
570504,570184,44,320,0082130,9d157,78120,94148,088,72114,ec236,4468,2638,1016,3452,82130,a5165,0f15,2638,ff255,c3195,2a42,ce206,fc252,ec236,6197,b3179,c9201,80128,b8184,e4228,f2242,4266,4367,2a42,[00^12]1
570548,561332,20,9216,3755,4165,3b59,5f95,d8216,ed237,ef239,b6182,d1209,1e30,1521,1117,4e78,98152,6096,4872,1521,e1225,4973,0f15,011
570568,558024,256,12544,[00^12]174,c3195,ca202,ce206,f9249,4569,7f127,f2242,82130,1d29,9f159,85133,4266,9c156,e3227,d9217,0b11,001420,5989,[00^31]5,[00^31]1,[00^31]160,[00^64]130,e7231,088,80128,80128,[00^49]1,ef239,f9249,011,ec236,80128,84132,2a42,ea234,5484,011
570824,558280,225,12544,0083131,011,5f95,90144,94148,088,72114,ec236,4468,2638,1016,3452,82130,a5165,0f15,2638,ff255,c3195,2a42,ce206,fc252,ec236,6197,b3179,c9201,80128,b9185,011,c4196,d4212,df223,d6214,bc188,[00^127]1,[00^31]1,[00^28]101,1420,1420,011
571050,560650,160,10400,[00^63]5,[00^62]1,4064,[00^31]65,011
571273,548905,85,22368,6c108,1c28,[00^31]130,e7231,088,80128,80128,[00^47]1
571358,523198,235,48160,011,ef239,f9249,011,ec236,80128,84132,2a42,ea234,5484,0083131,011,5f95,90144,94148,088,72114,ec236,4468,2638,1016,3452,82130,a5165,0f15,2638,ff255,c3195,2a42,ce206,fc252,ec236,6197,b3179,c9201,80128,b9185,011,c4196,d4212,df223,d6214,bc188,[00^127]1,[00^31]1,[00^28]101,1420,1824,011
571594,548682,161,22912,[00^63]5,[00^62]1,4064,[00^31]65,65101,011
571786,571752,2,34,004165,011
571818,548906,87,22912,1c28,[00^31]130,e7231,088,80128,80128,[00^48]44,eb235,011
571906,560322,9,11584,84132,2a42,ea234,5484,0082130,5282,088,94148,011
571935,524511,116,47424,86134,5a90,f3243,1016,7a122,4064,0080128,82130,e7231,088,80128,80128,[00^51]236,f8248,ea234,011,84132,2a42,ea234,5484,0082130,9b155,2840,94148,088,72114,ec236,4468,2638,1016,3452,82130,a5165,0f15,2638,ff255,c3195,2a42,ce206,fc252,ec236,6197,b3179,c9201,80128,b8184,c4196,f2242,4266,4367,2a42,[00^12]1
572051,561452,32,10599,b4180,df223,ff255,5585,1622,db219,af175,2c44,82130,df223,3f63,4a74,db219,bf191,f1241,e9233,3755,9b155,88136,e4228,[00^12]1
572083,524659,204,47424,011,e4228,a6166,6399,ff255,fa250,f1241,4367,0d13,3a58,3654,5888,8b139,2c44,1420,b7183,2234,3149,d8216,b4180,[00^31]5,[00^31]1,[00^31]160,[00^32]130,e7231,088,80128,80128,[00^51]1
572287,560223,12,12064,2c44,eb235,4d77,84132,2a42,ea234,5484,0082130,5282,088,94148,011
572319,571935,64,384,86134,5a90,f3243,1016,7a122,4064,0080128,82130,e7231,088,80128,80128,[00^51]1
572383,524863,4,47520,2e46,ed237,82130,022,011
572388,572290,9,98,84132,2a42,ea234,5484,0082130,5282,088,94148,011
572417,524897,94,47520,86134,5484,95149,3f63,f6246,d0208,0080128,82130,e7231,088,80128,80128,[00^80]2,011
572512,525012,20,47500,4569,a3163,1824,2739,3755,4973,d6214,eb235,00f5245,f6246,ca202,3b59,c7199,cd205,3d61,e2226,6d109,64100,2a42,011
572532,572512,20,20,4569,a3163,1824,2739,3755,4973,d6214,eb235,00f5245,f6246,ca202,3b59,c7199,cd205,3d61,e2226,6d109,64100,2a42,011
572572,560992,20,11580,b8184,ff255,87135,7e126,d7215,8b139,a5165,2032,ec236,e2226,1b27,1d29,e7231,84132,3a58,8a138,5787,ca202,4771,cb203,011
572592,525112,20,47480,e9233,3654,85133,f3243,bb187,a0160,3048,1622,f0240,2b43,d1209,82130,8b139,ad173,d6214,1925,5989,88136,d9217,5080,011
572632,564980,20,7652,3d61,3957,1a26,ff255,fe254,d2210,2537,5a90,2d45,d0208,033,2537,c3195,a9169,6a106,5a90,8e142,022,3f63,f8248,011
572692,565478,20,7214,9e158,5888,6e110,1a26,c1193,bb187,00a6166,7f127,c2194,5e94,1d29,bd189,3553,a2162,f5245,b8184,eb235,2e46,ab171,011
572732,565926,20,6806,b1177,cb203,5585,b3179,3b59,fa250,f2242,0d13,5585,b2178,0d13,f3243,077,4165,fa250,b5181,e2226,8d141,6a106,fd253,011
572752,566687,20,6065,7f127,a2162,a0160,db219,85133,e3227,de222,e0224,5c92,6a106,da218,4973,5383,91145,f8248,da218,f9249,95149,ac172,df223,011
572772,566982,20,5790,1016,1117,d9217,1f31,5484,1319,3250,d6214,c3195,088,5181,3f63,d7215,7a122,7d125,2c44,4b75,cf207,7d125,cd205,011
572812,567846,20,4966,2c44,99153,4771,b1177,65101,e0224,c7199,1824,a3163,cb203,f7247,d3211,9e158,8e142,80128,d7215,9c156,c9201,f5245,d9217,011
572852,568230,20,4622,1d29,d8216,bf191,4b75,97151,d1209,b8184,e0224,3452,af175,cc204,a6166,6e110,d3211,8d141,4064,fb251,2f47,5181,85133,011
572872,561152,20,11720,d4212,2a42,a3163,70112,fc252,d0208,6c108,68104,3b59,71113,5484,ff255,a7167,99153,a8168,e0224,0a10,c0192,1218,1e30,011
572892,561112,20,11780,85133,9e158,8a138,75117,af175,2941,77119,2638,c5197,066,d2210,97151,6197,3a58,f5245,bd189,3957,6f111,f6246,1c28,011
572932,569339,20,3593,85133,90144,cb203,033,d3211,94148,97151,4f79,2b43,0f15,a7167,6197,c5197,e7231,2a42,f4244,8e142,3048,011,3b59,011
572972,572952,20,20,d4212,2840,95149,2b43,3d61,78120,077,2b43,3e62,a1161,1622,4064,5585,4165,c5197,ad173,68104,d5213,e6230,6e110,011
572992,561352,40,11640,82130,e9233,cf207,4872,69105,65101,3e62,8d141,9d157,9e158,077,d3211,1521,6b107,1319,7e126,87135,86134,1117,87135,ff255,0b11,c8200,f0240,8a138,ad173,3654,3351,c9201,ee238,bd189,1218,98152,4670,2e46,cb203,1c28,fc252,d3211,d8216,011
573032,570548,20,2484,3755,4165,3b59,5f95,d8216,ed237,ef239,b6182,d1209,1e30,1521,1117,4e78,98152,6096,4872,1521,e1225,4973,0f15,011
573052,560331,20,12721,bd189,4266,7b123,3351,2638,4569,8a138,2537,7d125,4b75,5585,0b11,5e94,d2210,e9233,94148,3e62,7b123,64100,7d125,011
573072,560235,20,12837,3b59,86134,cc204,4468,2941,ad173,1a26,1521,72114,69105,77119,81129,5a90,d1209,a5165,033,5d93,088,fb251,e4228,011
573092,525472,20,47620,1622,1d29,bc188,3f63,77119,0d13,c9201,72114,88136,ee238,d3211,c8200,64100,da218,ba186,6197,8a138,2032,9a154,2436,011
573112,572051,20,1061,b4180,df223,ff255,5585,1622,db219,af175,2c44,82130,df223,3f63,4a74,db219,bf191,f1241,e9233,3755,9b155,88136,e4228,011
573132,525452,20,47680,b2178,68104,e0224,6d109,d9217,82130,6e110,7c124,4771,c4196,b6182,bb187,c9201,f1241,6d109,f2242,d3211,bd189,c9201,ae174,011
573152,525512,56,47640,011,e4228,a6166,6399,ff255,fa250,f1241,4367,0d13,3a58,3654,5888,8b139,2c44,1420,b7183,2234,3149,d8216,b4180,[00^36]1
573208,567082,9,6126,[00^8]45,011
573248,561536,31,11712,[00^28]100,fa250,84132,011
573280,568347,62,4933,[00^31]192,[00^30]1
573343,525919,32,47424,[00^31]37,011
573376,562656,31,10720,[00^30]39,011
573408,550400,94,23008,[00^31]24,[00^30]3,[00^31]1
573502,513470,64,60032,033,6096,[00^30]3,c0192,[00^30]1
573568,554990,31,18578,[00^30]9,011
573600,535730,31,37870,[00^30]10,011
573632,561888,31,11744,[00^30]11,011
573664,556093,31,17571,[00^30]14,011
573696,562080,31,11616,[00^30]15,011
573728,573696,31,32,[00^30]15,011
573759,550687,32,23072,80128,[00^30]19,011
573791,562143,32,11648,[00^31]19,011
573824,562208,31,11616,[00^30]21,011
573855,561473,32,12382,[00^31]22,011
573888,550848,31,23040,[00^30]25,011
573919,513791,63,60128,[00^31]25,a0160,[00^30]1
573984,513856,63,60128,[00^30]27,6096,[00^30]29,011
574048,562464,31,11584,[00^30]30,011
574079,525855,32,48224,c0192,[00^30]32,011
574112,564282,31,9830,[00^30]35,011
574143,564281,32,9862,[00^31]35,011
574176,574144,31,32,[00^30]35,011
574208,562880,39,11328,[00^31]54,022,f4244,82130,e7231,088,82130,ab171,011
574248,562920,16,11328,85133,022,044,0e14,ba186,5282,85133,022,6b107,4468,df223,95149,82130,5a90,3c60,94148,011
574284,562860,59,11424,87135,3553,4a74,6b107,a7167,a1161,80128,077,80128,c0192,[00^41]54,022,f4244,82130,e7231,088,82130,ab171,011
574344,574248,16,96,85133,022,044,0e14,ba186,5282,85133,022,6b107,4468,df223,95149,82130,5a90,3c60,94148,011
574380,574284,50,96,87135,3553,4a74,6b107,a7167,a1161,80128,077,80128,c0192,[00^40]1
574430,563166,8,11264,022,3250,f9249,022,2f47,83131,033,066,011
574438,517190,3,57248,3a58,84132,3a58,011
574444,563180,128,11264,83131,044,8d141,9c156,94148,cb203,5686,6e110,3b59,69105,3452,fa250,77119,2537,8d141,68104,ea234,1824,e9233,3149,fa250,75117,e1225,aa170,aa170,80128,b9185,022,044,6c108,4569,9a154,2840,[00^12]56,de222,71113,1218,4f79,7a122,4468,7a122,011,d6214,79121,4569,a5165,1e30,dc220,e9233,ff255,4973,1218,5181,[00^31]128,[00^28]100,fa250,d9217,011
574573,551373,100,23200,[00^30]1,4064,[00^31]132,70112,4367,1622,e5229,[00^31]111,011
574705,569177,32,5528,[00^31]20,011
574737,574673,63,64,a3163,bf191,f6246,5181,9e158,71113,6b107,0b11,4771,9a154,4872,a3163,e1225,eb235,f7247,74116,4468,9f159,86134,fa250,7b123,a7167,bf191,1319,6298,93147,0d13,fa250,ec236,e9233,f1241,f6246,[00^31]1
574800,572203,29,2597,[00^28]130,011
574958,563694,88,11264,1c28,[00^30]130,e7231,088,80128,80128,[00^44]3,92146,f9249,033,8f143,83131,033,055,011
575047,574439,6,608,84132,3a58,d8216,8e142,1117,83131,011
575053,563789,63,11264,1319,f7247,c0192,94148,a6166,5888,74116,2d45,3351,eb235,d2210,ce206,2f47,0b11,df223,f7247,3553,1521,aa170,79121,7f127,d1209,6197,d9217,80128,b9185,033,64100,2537,2f47,7b123,011,[00^31]1
575117,563853,64,11264,[00^12]69,f1241,a9169,5a90,4d77,3f63,3856,3654,5282,3f63,5c92,83131,67103,3c60,79121,7f127,4d77,4d77,2638,3b59,[00^29]4,3250,3856,011
575181,563473,32,11708,96150,5b91,76118,bd189,ec236,6e110,1925,3351,4771,f1241,033,cb203,9e158,a8168,055,90144,8d141,1925,1a26,80128,0a10,9d157,4468,4d77,1925,0f15,bf191,78120,7b123,4973,4e78,72114,011
575213,563473,63,11740,96150,5b91,76118,bd189,ec236,6e110,1925,3351,4771,f1241,033,cb203,9e158,a8168,055,90144,8d141,1925,1a26,80128,0a10,9d157,4468,4d77,1925,0f15,bf191,78120,7b123,4973,4e78,72114,[00^31]1
575276,564012,71,11264,c0192,[00^30]2,74116,[00^12]77,73115,ad173,b7183,2b43,c3195,dd221,3654,89137,66102,ed237,d0208,f0240,b2178,1420,84132,011,a1161,78120,e2226,[00^6]1
575349,575115,2,234,006e110,011
575371,564107,205,11264,00b7183,4569,f1241,a9169,5a90,4d77,3f63,3856,3654,5282,3f63,5c92,83131,67103,3c60,79121,7f127,4d77,4d77,2638,3b59,[00^31]1,[00^31]13,[00^31]13,[00^87]1
575585,575551,25,34,[00^25]1
575617,575549,27,68,[00^27]1
575648,573795,28,1853,[00^27]19,011
575681,575518,58,163,[00^58]1
575739,575675,31,64,1319,2e46,6a106,8e142,b9185,011,[00^25]1
575777,564513,96,11264,[00^30]1,c0192,[00^30]2,[00^32]20,011
575873,512728,20,63145,6298,3250,e7231,8d141,5484,c4196,84132,5c92,97151,7f127,c9201,e1225,1d29,7e126,6197,c5197,3149,6d109,1218,d1209,011
575893,570704,106,5189,[00^56]130,e7231,088,80128,80128,[00^45]1
576019,513693,4,62326,001420,6096,00011
576027,574539,2,1488,0080128,011
576033,576027,1,6,00011
576045,566219,2,9826,003553,011
576052,550173,2,25879,0081129,011
576060,576053,3,7,81129,1420,6096,011
576067,576060,3,7,81129,1420,6096,011
576074,576067,3,7,81129,1420,6096,011
576081,576074,3,7,81129,1420,6096,011
576088,576052,4,36,0081129,1420,6096,011
576103,576026,3,77,6096,0080128,011
576107,576094,5,13,6096,84132,5686,5b91,6399,011
576116,576103,9,13,6096,0080128,a1161,6096,84132,5686,5b91,6399,011
576129,576116,9,13,6096,0080128,a1161,6096,84132,5686,5b91,6399,011
576142,576129,9,13,6096,0080128,a1161,6096,84132,5686,5b91,6399,011
576155,576142,8,13,6096,0080128,a1161,6096,84132,5686,5b91,011
576164,576155,4,9,6096,0080128,a1161,011
576178,576164,3,14,6096,0080128,011
576186,538563,4,37623,5080,82130,e7231,088,011
576192,573185,32,3007,[00^31]45,011
576226,576003,5,223,84132,3149,099,cb203,b9185,011
576261,576178,3,83,6096,0080128,011
576264,572425,54,3839,82130,e7231,088,80128,80128,[00^49]1
576319,542367,3,33952,5b91,022,f9249,011
576323,542371,6,33952,5787,82130,e7231,088,80128,84132,011
576329,576227,4,102,3149,099,cb203,b9185,011
576333,576003,7,330,84132,3149,099,cb203,b9185,83131,022,011
576343,563060,20,13283,1d29,011,88136,c4196,b2178,76118,a0160,93147,66102,d0208,5d93,6b107,e0224,6a106,f6246,1a26,73115,bc188,75117,3553,011
576369,568113,3,8256,0000b9185,011
576378,569113,63,7265,[00^31]96,[00^31]1
576442,534187,44,42255,[00^30]1,2032,[00^12]1
576486,575820,32,666,[00^19]2,[00^12]1
576518,563021,20,13497,1723,6298,1117,86134,9c156,a2162,b5181,68104,f2242,a7167,d4212,ee238,94148,1e30,077,3a58,82130,1e30,e1225,ff255,011
576538,552101,20,24437,ee238,ee238,ee238,ee238,ee238,ee238,ee238,ee238,ee238,ee238,ee238,ee238,ee238,ee238,ee238,ee238,ee238,ee238,ee238,ee238,011
576558,539998,42,36560,ee238,ee238,ee238,ee238,ee238,ee238,ee238,ee238,ee238,ee238,ee238,ee238,[00^30]1
576600,575838,34,762,00022,[00^32]1
576634,572447,64,4187,[00^63]2,011
576698,554826,63,21872,[00^31]64,[00^30]1,011
576762,576748,12,14,[00^12]1
576794,576378,94,416,[00^31]96,[00^31]192,[00^30]1
576888,576696,3,192,00022,00011
576892,576875,14,17,[00^14]1
576907,554617,15,22290,ff255,ff255,ff255,ff255,ff255,ff255,ff255,ff255,ff255,ff255,ff255,ff255,ff255,ff255,ff255,011
576924,576892,30,32,[00^14]127,ff255,ff255,ff255,ff255,ff255,ff255,ff255,ff255,ff255,ff255,ff255,ff255,ff255,ff255,ff255,011
576954,571625,95,5329,[00^32]5,[00^62]1
577049,569144,64,7905,6096,[00^31]160,[00^31]1
577114,576890,16,224,00011,[00^14]1
577130,520740,13,56390,ff255,ff255,ff255,ff255,ff255,ff255,ff255,ff255,ff255,ff255,ff255,ff255,fc252,011
577146,568346,69,8800,[00^32]192,[00^36]1
577215,565183,7,12032,5181,022,f8248,4e78,82130,e7231,088,011
577223,554692,5,22531,84132,3149,055,c7199,de222,011
577228,554531,7,22697,84132,3149,055,c7199,de222,83131,011,011
577264,577203,12,61,[00^12]1
577276,512748,20,64528,78120,6c108,77119,2c44,1b27,2335,2c44,92146,7d125,2436,4c76,e9233,6b107,bf191,3654,b9185,88136,4771,c5197,c1193,011
577297,577003,46,294,[00^46]1
577346,556580,5,20766,82130,e7231,088,0b11,84132,011
577351,577224,10,127,3149,055,c7199,de222,84132,3149,055,c7199,de222,83131,011
577392,574635,2,2757,0084132,011
577399,576279,40,1120,[00^39]3,011
577453,576342,21,1111,94148,1d29,011,88136,c4196,b2178,76118,a0160,93147,66102,d0208,5d93,6b107,e0224,6a106,f6246,1a26,73115,bc188,75117,3553,011
577474,575077,3,2397,80128,b9185,033,011
577477,576373,256,1104,2436,d3211,1117,5a90,8a138,[00^31]96,[00^31]192,[00^30]1,2032,[00^31]2,[00^12]23,6298,1117,86134,9c156,a2162,b5181,68104,f2242,a7167,d4212,ee238,94148,1e30,077,3a58,82130,1e30,e1225,ff255,ee238,ee238,ee238,ee238,ee238,ee238,ee238,ee238,ee238,ee238,ee238,ee238,ee238,ee238,ee238,ee238,ee238,ee238,ee238,ee238,ee238,ee238,ee238,ee238,ee238,ee238,ee238,ee238,ee238,ee238,ee238,ee238,[00^31]2,[00^27]1
577733,576629,2,1104,0000011
577738,576634,256,1104,[00^63]2,[00^31]64,[00^30]1,2032,[00^12]226,c6198,7a122,9b155,1521,e9233,e7231,ff255,8a138,9c156,b0176,df223,b8184,fe254,e5229,6096,99153,2335,e5229,db219,[00^31]96,[00^31]192,[00^31]2,011
577994,576890,1,1104,00011
577995,576923,31,1072,022,[00^14]127,ff255,ff255,ff255,ff255,ff255,ff255,ff255,ff255,ff255,ff255,ff255,ff255,ff255,ff255,ff255,011
578027,576891,31,1136,011,[00^14]127,ff255,ff255,ff255,ff255,ff255,ff255,ff255,ff255,ff255,ff255,ff255,ff255,ff255,ff255,ff255,011
578058,576954,160,1104,[00^32]5,[00^62]96,[00^31]160,[00^31]1,011
578219,577115,24,1104,011,[00^14]255,ff255,ff255,ff255,ff255,ff255,ff255,ff255,ff255,011
578250,572199,85,6051,[00^32]130,e7231,088,80128,80128,[00^48]1
578339,577444,5,895,84132,3149,033,f0240,b4180,011
578368,568457,3,9911,80128,b8184,4468,011
578375,573970,13,4405,[00^12]26,011
578404,578386,1,18,00011
578407,578186,32,221,[00^31]1,011
578439,560359,56,18080,82130,e7231,088,80128,80128,[00^50]1,011
578495,566815,167,11680,3b59,022,f9249,011,3755,82130,e7231,088,80128,84132,2f47,8d141,f2242,ce206,84132,2f47,8d141,f2242,d8216,83131,033,2d45,9f159,94148,2739,2e46,1521,6d109,f8248,da218,5181,3c60,69105,cb203,4165,cc204,7a122,99153,1824,5d93,5383,f9249,2638,bb187,87135,077,1a26,fd253,4973,8d141,0000b9185,011,044,a8168,c9201,ed237,67103,[00^12]229,d7215,c2194,a4164,4f79,fd253,df223,6b107,2941,5a90,1521,c1193,4872,1622,7d125,aa170,af175,5c92,f3243,4f79,[00^12]125,4367,aa170,bc188,5181,5c92,3553,6197,4569,044,92146,2739,ce206,e5229,4b75,6096,83131,4266,c0192,ad173,[00^31]40,[00^12]1
578682,567002,89,11680,[00^28]100,fa250,89137,4165,[00^25]7,1a26,fd253,4973,8d141,[00^26]45,011
578778,556154,77,22624,[00^32]192,[00^35]1,3351,022,f9249,011,2f47,82130,e7231,088,011
578855,568679,139,10176,022,84132,2f47,8b139,80128,7f127,84132,2f47,8b139,80128,89137,82130,7e126,5484,94148,d1209,a3163,ab171,f4244,2f47,9e158,66102,be190,86134,cf207,de222,a8168,c5197,c2194,c7199,4f79,044,1c28,5e94,1420,80128,b9185,011,044,5b91,7d125,74116,82130,[00^31]64,[00^31]160,[00^31]64,011
578995,545016,3,33979,66102,65101,3250,011
579001,569765,3,9236,65101,65101,3149,011
579006,521684,3,57322,3351,3755,3755,011
579010,556377,3,22633,3957,6399,3553,011
579019,544709,3,34310,3452,66102,3250,011
579022,520289,3,58733,6399,3957,3149,011
579025,569782,3,9243,3856,3048,64100,011
579033,568835,3,10198,3048,3755,3048,011
579038,521737,3,57301,3048,3048,3856,011
579043,569668,3,9375,65101,64100,3250,011
579046,556829,3,22217,6399,66102,6298,011
579058,578962,32,96,[00^31]64,011
579090,556413,3,22677,3048,64100,3149,011
579096,569807,3,9289,3149,3856,6298,011
579107,556733,4,22374,3452,6197,6197,3856,011
579111,522154,3,56957,3856,6399,3452,011
579115,568917,3,10198,65101,3553,3452,011
579123,520235,3,58888,3250,3654,64100,011
579132,556781,3,22351,6399,3452,3755,011
579136,522186,3,56950,3755,3553,3957,011
579139,520335,3,58804,65101,3957,3452,011
579154,545170,53,33984,c0192,[00^43]2,74116,022,f9249,022,70112,82130,e7231,088,011
579208,569032,12,10176,84132,2f47,8b139,80128,7f127,84132,2f47,8b139,80128,89137,83131,033,011
579222,554701,60,24521,94148,f8248,2537,3755,fb251,6c108,5686,a3163,b5181,0092146,d3211,95149,1f31,84132,f5245,f6246,c8200,3553,b4180,f5245,80128,b9185,022,4468,5a90,e4228,011,dc220,[00^28]100,fa250,85133,011
579283,554762,176,24521,[00^31]64,[00^31]2,[00^31]64,[00^30]1,6096,[00^31]228,044,e4228,5a90,af175,[00^12]1
579459,534840,32,44619,a2162,1925,4367,92146,5888,ca202,9d157,a2162,9e158,9c156,c4196,ce206,5585,96150,92146,4771,4569,e1225,2b43,93147,[00^12]1
579491,554970,113,24521,e5229,d7215,c2194,a4164,4f79,fd253,df223,6b107,2941,5a90,1521,c1193,4872,1622,7d125,aa170,af175,5c92,f3243,4f79,[00^30]9,c4196,[00^31]2,[00^29]1
579607,578744,27,863,[00^26]45,011
579639,555118,121,24521,[00^91]68,4973,4064,4b75,7c124,[00^25]1
579760,579632,19,128,002d45,2d45,c9201,2234,5f95,6f111,[00^12]1
579799,565236,72,14563,[00^28]192,[00^43]1
579871,568415,7,11456,71113,022,f8248,6e110,82130,e7231,088,011
579878,578855,12,1023,022,84132,2f47,8b139,80128,7f127,84132,2f47,8b139,80128,89137,82130,011
579892,563020,40,16872,94148,1723,6298,1117,86134,9c156,a2162,b5181,68104,f2242,a7167,d4212,ee238,94148,1e30,077,3a58,82130,1e30,e1225,ff255,80128,b8184,4468,099,5e94,a7167,b3179,[00^12]1
579932,533190,48,46742,80128,e3227,82130,91145,e0224,6399,3957,d1209,0a10,ab171,4872,3c60,65101,69105,5d93,004d77,bd189,5c92,69105,[00^28]1
579980,538509,49,41471,2d45,0d13,f1241,5585,c0192,[00^44]1
580029,577213,9,2816,00005181,022,f8248,4e78,82130,e7231,088,011
580044,580039,4,5,84132,2e46,1420,cb203,011
580051,573629,2,6422,000a10,011
580080,527897,13,52183,[00^12]213,011
580093,580091,1,2,00011
580112,557904,100,22208,c0192,[00^45]1,0d13,f9249,011,0a10,011,84132,2a42,ea234,5484,0082130,9d157,78120,94148,088,72114,ec236,4468,2638,1016,3452,82130,a5165,0f15,2638,ff255,c3195,2a42,ce206,fc252,ec236,6197,b3179,c9201,80128,b8184,e4228,f2242,4266,4367,2a42,[00^12]1
580212,573072,20,7140,3b59,86134,cc204,4468,2941,ad173,1a26,1521,72114,69105,77119,81129,5a90,d1209,a5165,033,5d93,088,fb251,e4228,011
580232,547112,256,33120,[00^12]174,c3195,ca202,ce206,f9249,4569,7f127,f2242,82130,1d29,9f159,85133,4266,9c156,e3227,d9217,0b11,001420,5989,[00^31]5,[00^31]1,[00^31]160,[00^64]130,e7231,088,80128,80128,[00^49]1,ef239,f9249,011,ec236,80128,84132,2a42,ea234,5484,011
580488,547368,225,33120,0083131,011,5f95,90144,94148,088,72114,ec236,4468,2638,1016,3452,82130,a5165,0f15,2638,ff255,c3195,2a42,ce206,fc252,ec236,6197,b3179,c9201,80128,b9185,011,c4196,d4212,df223,d6214,bc188,[00^127]1,[00^31]1,[00^28]101,1420,1521,011
580714,571594,160,9120,[00^63]5,[00^62]1,4064,[00^31]65,011
580938,559274,85,21664,1b27,[00^31]130,e7231,088,80128,80128,[00^47]1,011
581023,580159,53,864,0d13,f9249,011,0a10,011,84132,2a42,ea234,5484,0082130,9d157,78120,94148,088,72114,ec236,4468,2638,1016,3452,82130,a5165,0f15,2638,ff255,c3195,2a42,ce206,fc252,ec236,6197,b3179,c9201,80128,b8184,e4228,f2242,4266,4367,2a42,[00^12]1
581076,573052,20,8024,bd189,4266,7b123,3351,2638,4569,8a138,2537,7d125,4b75,5585,0b11,5e94,d2210,e9233,94148,3e62,7b123,64100,7d125,011
581096,580232,256,864,[00^12]174,c3195,ca202,ce206,f9249,4569,7f127,f2242,82130,1d29,9f159,85133,4266,9c156,e3227,d9217,0b11,001420,5989,[00^31]5,[00^31]1,[00^31]160,[00^64]130,e7231,088,80128,80128,[00^49]1,ef239,f9249,011,ec236,80128,84132,2a42,ea234,5484,011
581352,580488,225,864,0083131,011,5f95,90144,94148,088,72114,ec236,4468,2638,1016,3452,82130,a5165,0f15,2638,ff255,c3195,2a42,ce206,fc252,ec236,6197,b3179,c9201,80128,b9185,011,c4196,d4212,df223,d6214,bc188,[00^127]1,[00^31]1,[00^28]101,1420,1521,011
581578,580714,160,864,[00^63]5,[00^62]1,4064,[00^31]65,011
581802,559274,97,22528,1b27,[00^31]130,e7231,088,80128,80128,[00^47]1,ef239,f9249,011,ec236,80128,84132,2a42,ea234,5484,0083131,011,011
581901,560429,220,21472,94148,088,72114,ec236,4468,2638,1016,3452,82130,a5165,0f15,2638,ff255,c3195,2a42,ce206,fc252,ec236,6197,b3179,c9201,80128,b9185,011,c4196,d4212,df223,d6214,bc188,[00^127]1,[00^31]1,[00^28]101,2234,1117,011
582122,581578,160,544,[00^63]5,[00^62]1,4064,[00^31]65,011
582324,582117,2,207,0065101,011
582328,575575,2,6753,002133,011
582346,581802,84,544,1b27,[00^31]130,e7231,088,80128,80128,[00^47]1
582430,524382,13,58048,002c44,eb235,4f79,84132,2a42,ea234,5484,0082130,5282,088,94148,011
582463,524319,76,58144,86134,5a90,f3243,1016,7a122,4064,0080128,82130,e7231,088,80128,80128,[00^51]44,eb235,4f79,84132,2a42,ea234,5484,0082130,5282,088,94148,011
582559,582463,76,96,86134,5a90,f3243,1016,7a122,4064,0080128,82130,e7231,088,80128,80128,[00^51]44,eb235,4f79,84132,2a42,ea234,5484,0082130,5282,088,94148,011
582655,549215,95,33440,86134,5a90,f3243,1016,7a122,4064,0080128,82130,e7231,088,80128,80128,[00^82]1
582752,572512,40,10240,4569,a3163,1824,2739,3755,4973,d6214,eb235,00f5245,f6246,ca202,3b59,c7199,cd205,3d61,e2226,6d109,64100,2a42,4569,a3163,1824,2739,3755,4973,d6214,eb235,00f5245,f6246,ca202,3b59,c7199,cd205,3d61,e2226,6d109,64100,2a42,011
582792,572572,40,10220,b8184,ff255,87135,7e126,d7215,8b139,a5165,2032,ec236,e2226,1b27,1d29,e7231,84132,3a58,8a138,5787,ca202,4771,cb203,e9233,3654,85133,f3243,bb187,a0160,3048,1622,f0240,2b43,d1209,82130,8b139,ad173,d6214,1925,5989,88136,d9217,5080,011
582852,576235,20,6617,022,ec236,8a138,f7247,80128,b1177,a5165,a1161,5989,a8168,b3179,7b123,e8232,a4164,3c60,bb187,3452,e3227,6e110,7a122,011
582872,549752,20,33120,4266,6096,1117,70112,d8216,cb203,2840,5282,2638,71113,97151,9b155,d8216,9a154,70112,8b139,93147,ac172,1117,b1177,011
582892,577276,20,5616,78120,6c108,77119,2c44,1b27,2335,2c44,92146,7d125,2436,4c76,e9233,6b107,bf191,3654,b9185,88136,4771,c5197,c1193,011
582932,561072,20,21860,94148,e9233,db219,ee238,7f127,3b59,fd253,d8216,87135,fe254,dc220,82130,2739,b4180,b0176,c2194,cb203,69105,bf191,9e158,011
582955,582780,1,175,00011
582972,578662,20,4310,c7199,5f95,2e46,af175,9f159,0c12,c1193,bc188,c5197,ab171,6298,8a138,1218,f2242,0b11,a3163,5b91,f8248,2436,1824,011
583012,579779,20,3233,fb251,0e14,fc252,b0176,2b43,94148,81129,1f31,c3195,2e46,6d109,6f111,cb203,3957,82130,c6198,1f31,95149,a8168,2941,011
583032,549452,20,33580,2d45,3149,8c140,1824,6f111,3250,1f31,f6246,e9233,e6230,0f15,c3195,ec236,87135,98152,76118,2c44,5c92,d7215,6d109,011
583072,580212,20,2860,3b59,86134,cc204,4468,2941,ad173,1a26,1521,72114,69105,77119,81129,5a90,d1209,a5165,033,5d93,088,fb251,e4228,011
583092,571915,20,11177,2335,011,4e78,e5229,e9233,2941,73115,5181,a8168,ba186,1622,81129,66102,5383,b1177,1a26,5181,cc204,87135,8a138,011
583112,581076,20,2036,bd189,4266,7b123,3351,2638,4569,8a138,2537,7d125,4b75,5585,0b11,5e94,d2210,e9233,94148,3e62,7b123,64100,7d125,011
583132,572299,20,10833,81129,a2162,92146,8d141,a9169,3452,3351,dc220,ae174,3b59,077,5989,98152,5686,fd253,8b139,1824,4064,3957,97151,011
583152,572397,20,10755,1a26,d8216,e2226,b7183,f3243,c8200,a9169,f5245,be190,a8168,78120,1d29,2941,3f63,011,5686,1117,2537,c3195,c3195,011
583172,549912,92,33260,f2242,69105,e8232,5787,4569,83131,c2194,7f127,e7231,4b75,69105,b3179,f9249,98152,a6166,4e78,fd253,8d141,044,4872,c6198,5383,4771,b4180,3048,1925,f8248,f4244,5383,d7215,b4180,86134,d2210,5989,fd253,6197,4670,da218,3351,4e78,4064,088,2e46,6f111,1c28,1521,d2210,b2178,7b123,3d61,e8232,0c12,b7183,ad173,044,e9233,ed237,1218,1925,[00^33]1
583296,573248,31,10048,[00^28]100,fa250,84132,011
583328,578779,62,4549,[00^31]192,[00^30]1
583392,583360,30,32,[00^30]1
583423,574304,32,9119,[00^31]54,011
583456,567450,62,16006,[00^31]32,[00^30]1
583519,543515,32,40004,[00^31]4,011
583552,583520,31,32,[00^30]4,011
583583,529496,32,54087,c0192,[00^30]8,011
583616,573600,31,10016,[00^30]10,011
583648,561888,62,21760,[00^30]11,a0160,[00^30]1
583711,573663,32,10048,2032,[00^30]14,011
583744,562080,94,21664,[00^30]15,a0160,[00^30]17,[00^31]1
583840,573856,31,9984,[00^30]22,011
583872,550784,31,33088,[00^30]23,011
583904,562400,62,21504,[00^30]28,6096,[00^30]1
583968,574048,31,9920,[00^30]30,011
583999,583807,31,192,[00^31]1
584032,562496,31,21536,[00^30]31,011
584064,562560,62,21504,[00^30]34,2032,[00^30]1
584128,574176,31,9952,[00^30]35,011
584159,551103,32,33056,e0224,[00^30]38,011
584192,573376,31,10816,[00^30]39,011
584224,584192,31,32,[00^30]39,011
584256,562720,62,21536,[00^30]41,2032,[00^30]1
584320,582593,31,1727,[00^30]44,011
584352,572353,31,11999,[00^30]46,011
584384,569377,31,15007,[00^30]48,011
584416,557825,31,26591,[00^30]49,011
584448,568545,31,15903,[00^30]50,011
584480,584448,31,32,[00^30]50,011
584512,574304,39,10208,[00^31]54,022,f4244,82130,e7231,088,82130,ab171,011
584552,574344,16,10208,85133,022,044,0e14,ba186,5282,85133,022,6b107,4468,df223,95149,82130,5a90,3c60,94148,011
584588,574284,59,10304,87135,3553,4a74,6b107,a7167,a1161,80128,077,80128,c0192,[00^41]54,022,f4244,82130,e7231,088,82130,ab171,011
584648,584552,16,96,85133,022,044,0e14,ba186,5282,85133,022,6b107,4468,df223,95149,82130,5a90,3c60,94148,011
584684,584588,50,96,87135,3553,4a74,6b107,a7167,a1161,80128,077,80128,c0192,[00^40]1
584734,577438,5,7296,033,4f79,f9249,033,4c76,011
584745,577449,256,7296,83131,022,71113,3250,94148,1d29,011,88136,c4196,b2178,76118,a0160,93147,66102,d0208,5d93,6b107,e0224,6a106,f6246,1a26,73115,bc188,75117,3553,80128,b9185,033,2436,d3211,1117,5a90,8a138,[00^31]96,[00^31]192,[00^30]1,2032,[00^31]2,[00^12]23,6298,1117,86134,9c156,a2162,b5181,68104,f2242,a7167,d4212,ee238,94148,1e30,077,3a58,82130,1e30,e1225,ff255,ee238,ee238,ee238,ee238,ee238,ee238,ee238,ee238,ee238,ee238,ee238,ee238,ee238,ee238,ee238,ee238,ee238,ee238,ee238,ee238,ee238,ee238,ee238,ee238,ee238,ee238,ee238,ee238,ee238,ee238,ee238,ee238,[00^31]1
585001,577705,29,7296,022,[00^28]1
585034,577738,256,7296,[00^63]2,[00^31]64,[00^30]1,2032,[00^12]226,c6198,7a122,9b155,1521,e9233,e7231,ff255,8a138,9c156,b0176,df223,b8184,fe254,e5229,6096,99153,2335,e5229,db219,[00^31]96,[00^31]192,[00^31]2,011
585290,577994,249,7296,00022,[00^14]127,ff255,ff255,ff255,ff255,ff255,ff255,ff255,ff255,ff255,ff255,ff255,ff255,ff255,ff255,ff255,011,011,[00^14]127,ff255,ff255,ff255,ff255,ff255,ff255,ff255,ff255,ff255,ff255,ff255,ff255,ff255,ff255,ff255,[00^32]5,[00^62]96,[00^31]160,[00^31]1,011,011,[00^14]255,ff255,ff255,ff255,ff255,ff255,ff255,ff255,ff255,011
585539,564830,2,20709,00cd205,011
585546,581256,84,4290,[00^32]130,e7231,088,80128,80128,[00^47]1
585630,574430,8,11200,022,3250,f9249,022,2f47,83131,033,066,011
585639,574439,133,11200,84132,3a58,d8216,8e142,1117,83131,044,8d141,9c156,94148,cb203,5686,6e110,3b59,69105,3452,fa250,77119,2537,8d141,68104,ea234,1824,e9233,3149,fa250,75117,e1225,aa170,aa170,80128,b9185,022,044,6c108,4569,9a154,2840,[00^12]56,de222,71113,1218,4f79,7a122,4468,7a122,011,d6214,79121,4569,a5165,1e30,dc220,e9233,ff255,4973,1218,5181,[00^31]128,[00^28]100,fa250,d9217,011
585773,574573,99,11200,[00^30]1,4064,[00^31]132,70112,4367,1622,e5229,[00^31]1
585905,575841,32,10064,[00^31]20,011
585937,585873,63,64,8a138,5686,3048,83131,91145,da218,8c140,d6214,c3195,6b107,c5197,7a122,5787,c0192,85133,89137,db219,8e142,1925,d6214,83131,d0208,e9233,9e158,1824,033,5585,2e46,ea234,1d29,2335,9c156,[00^31]1
586000,585550,29,450,[00^28]130,011
586158,551758,81,34400,1c28,[00^30]130,e7231,088,80128,80128,[00^45]1
586239,564831,3,21408,cd205,f8248,cb203,011
586243,564835,7,21408,84132,3553,a4164,e9233,0083131,033,011
586252,564844,59,21408,94148,bc188,7f127,67103,fa250,9c156,72114,f9249,fc252,cf207,91145,7c124,bc188,ee238,2a42,5080,de222,b0176,3149,4670,2a42,80128,b8184,a4164,5f95,4b75,9b155,de222,[00^31]1
586311,585774,30,537,[00^29]1,011
586343,586316,25,27,[00^24]1,011
586376,564968,63,21408,[00^12]61,3957,1a26,ff255,fe254,d2210,2537,5a90,2d45,d0208,033,2537,c3195,a9169,6a106,5a90,8e142,022,3f63,f8248,[00^28]100,fa250,89137,011
586440,581288,55,5152,82130,e7231,088,80128,80128,[00^49]1,011
586500,586243,6,257,84132,3553,a4164,e9233,0083131,011
586509,542006,22,44503,94148,033,2b43,2436,1d29,e8232,6a106,86134,6096,f1241,ae174,066,91145,a4164,76118,0b11,4266,6e110,a2162,4670,d7215,87135,011
586531,564777,7,21754,2335,86134,f2242,6f111,c1193,0000011
586538,542035,83,44503,b9185,011,2436,75117,ce206,af175,e6230,[00^31]32,[00^31]160,[00^12]1
586641,584133,26,2508,[00^25]35,011
586667,586532,6,135,86134,f2242,6f111,c1193,0000011
586673,586672,29,1,[00^29]1
586704,567385,31,19319,5e94,[00^28]100,fa250,011
586737,542234,96,44503,[00^31]43,e5229,d7215,c2194,a4164,4f79,fd253,df223,6b107,2941,5a90,1521,c1193,4872,1622,7d125,aa170,af175,5c92,f3243,4f79,00011,f4244,1723,6298,1117,86134,9c156,a2162,b5181,68104,f2242,a7167,d4212,ee238,94148,1e30,077,3a58,82130,1e30,e1225,ff255,[00^21]1
586833,586440,45,393,82130,e7231,088,80128,80128,[00^40]1
586878,557022,12,29856,011,1b27,022,f9249,011,1723,82130,e7231,088,80128,84132,2f47,011
586892,521900,3,64992,8b139,84132,2f47,011
586902,557046,22,29856,94148,87135,3149,d5213,4e78,9d157,022,c2194,86134,76118,7d125,5686,ac172,033,e8232,033,7c124,077,e0224,1e30,98152,88136,011
586932,557076,37,29856,b8184,e4228,1117,1420,cd205,2a42,[00^31]1
586970,586957,12,13,[00^12]1
587002,585450,56,1552,[00^31]160,[00^24]1
587066,587034,25,32,[00^24]2,011
587098,585905,32,1193,[00^31]20,011
587130,586982,32,148,ed237,82130,6c108,e2226,c8200,a1161,6e110,d8216,3e62,5080,4b75,d9217,4d77,9f159,6f111,4266,6298,69105,1824,5080,[00^12]1
587162,578810,37,8352,c0192,[00^35]1,011
587199,586879,8,320,1b27,022,f9249,011,1723,82130,e7231,088,011
587208,586888,12,320,84132,2f47,91145,2e46,8b139,84132,2f47,91145,2e46,95149,83131,077,011
587222,557046,23,30176,94148,87135,3149,d5213,4e78,9d157,022,c2194,86134,76118,7d125,5686,ac172,033,e8232,033,7c124,077,e0224,1e30,98152,88136,011,011
587251,557075,51,30176,96150,b8184,e4228,1117,1420,cd205,2a42,[00^31]110,[00^12]1
587321,538738,57,48583,ed237,[00^31]160,[00^24]1
587385,587173,26,212,[00^25]1,011
587417,575840,33,11577,[00^32]20,011
587450,587302,32,148,fe254,71113,6096,6f111,f0240,d7215,eb235,bb187,ea234,ed237,3250,0a10,5484,2234,90144,93147,9d157,077,033,ed237,[00^12]1
587482,587162,37,320,c0192,[00^35]1,011
587519,578495,11,9024,3b59,022,f9249,011,3755,82130,e7231,088,80128,84132,2f47,011
587530,587210,9,320,91145,2e46,8b139,84132,2f47,91145,2e46,95149,83131,011
587541,587517,1,24,00011
587542,578518,144,9024,94148,2739,2e46,1521,6d109,f8248,da218,5181,3c60,69105,cb203,4165,cc204,7a122,99153,1824,5d93,5383,f9249,2638,bb187,87135,077,1a26,fd253,4973,8d141,0000b9185,011,044,a8168,c9201,ed237,67103,[00^12]229,d7215,c2194,a4164,4f79,fd253,df223,6b107,2941,5a90,1521,c1193,4872,1622,7d125,aa170,af175,5c92,f3243,4f79,[00^12]125,4367,aa170,bc188,5181,5c92,3553,6197,4569,044,92146,2739,ce206,e5229,4b75,6096,83131,4266,c0192,ad173,[00^31]40,[00^12]1
587706,586705,31,1001,[00^28]100,fa250,89137,011
587738,578714,133,9024,[00^25]7,1a26,fd253,4973,8d141,[00^26]45,a0160,a9169,d1209,f1241,76118,4c76,5e94,[00^32]192,[00^35]1,011
587871,587519,21,352,3b59,022,f9249,011,3755,82130,e7231,088,80128,84132,2f47,91145,2e46,8b139,84132,2f47,91145,2e46,95149,83131,033,011
587894,587542,22,352,94148,2739,2e46,1521,6d109,f8248,da218,5181,3c60,69105,cb203,4165,cc204,7a122,99153,1824,5d93,5383,f9249,2638,bb187,87135,011
587921,587569,53,352,0000b9185,011,044,a8168,c9201,ed237,67103,[00^12]229,d7215,c2194,a4164,4f79,fd253,df223,6b107,2941,5a90,1521,c1193,4872,1622,7d125,aa170,af175,5c92,f3243,4f79,[00^12]1
587974,555978,51,31996,1723,6298,1117,86134,9c156,a2162,b5181,68104,f2242,a7167,d4212,ee238,94148,1e30,077,3a58,82130,1e30,e1225,ff255,[00^31]1
588026,545783,60,42243,[00^12]232,2133,e4228,b2178,4569,6298,b8184,f6246,5989,db219,d1209,99153,7b123,d4212,2c44,8e142,9b155,011,a8168,cc204,[00^28]1
588086,587734,29,352,64100,fa250,89137,5989,[00^25]1
588115,587916,7,199,4165,5e94,b3179,d7215,de222,0000011
588122,587842,29,280,[00^28]1,011
588154,587802,68,352,[00^32]192,[00^35]1
588224,576320,3,11904,022,f9249,033,011
588228,544868,6,43360,82130,e7231,088,088,84132,2f47,011
588234,587882,9,352,91145,2e46,8b139,84132,2f47,91145,2e46,95149,83131,011
588267,584770,3,3497,80128,b9185,033,011
588271,542967,67,45304,ac172,96150,5080,d8216,[00^31]32,[00^31]1
588339,567674,62,20665,[00^31]128,[00^30]1
588402,534795,32,53607,6096,[00^30]2,011
588435,588403,31,32,[00^30]2,011
588467,588339,31,128,[00^31]1
588503,573536,31,14967,[00^30]6,011
588535,545861,27,42674,[00^26]146,011
588567,582129,57,6438,[00^56]5,011
588631,579251,31,9380,[00^28]100,fa250,85133,011
588663,586281,59,2382,[00^59]1
588727,588503,58,224,[00^30]6,8f143,[00^26]1
588785,588784,22,1,[00^22]1
588807,554616,16,34191,ff255,ff255,ff255,ff255,ff255,ff255,ff255,ff255,ff255,ff255,ff255,ff255,ff255,ff255,ff255,ff255,011
588823,588791,48,32,[00^16]255,ff255,ff255,ff255,ff255,ff255,ff255,ff255,ff255,ff255,ff255,ff255,ff255,ff255,ff255,ff255,[00^16]1
588871,579687,72,9184,[00^43]68,4973,4064,4b75,7c124,[00^24]1
588943,588623,20,320,055,4670,077,fc252,96150,a5165,f9249,3452,[00^12]1
588983,588855,59,128,[00^59]1
589047,587962,63,1085,[00^12]23,6298,1117,86134,9c156,a2162,b5181,68104,f2242,a7167,d4212,ee238,94148,1e30,077,3a58,82130,1e30,e1225,ff255,[00^31]1
589110,578322,14,10788,[00^13]108,011
589124,588964,47,160,3250,5d93,011,2133,be190,c2194,68104,af175,0c12,4468,c3195,0e14,4266,8a138,ce206,5d93,68104,5585,1c28,[00^28]1
589171,566771,44,22400,c0192,[00^42]1,011
589215,578847,8,10368,3351,022,f9249,011,2f47,82130,e7231,088,011
589224,588232,10,992,84132,2f47,91145,2e46,8b139,84132,2f47,91145,2e46,95149,011
589234,578866,128,10368,82130,7e126,5484,94148,d1209,a3163,ab171,f4244,2f47,9e158,66102,be190,86134,cf207,de222,a8168,c5197,c2194,c7199,4f79,044,1c28,5e94,1420,80128,b9185,011,044,5b91,7d125,74116,82130,[00^31]64,[00^31]160,[00^31]64,011
589362,545159,3,44203,3755,3351,3048,011
589368,544718,3,44650,3351,6399,3957,011
589371,569788,3,19583,3553,6399,6197,011
589374,569680,5,19694,3856,3553,3957,6399,66102,011
589380,568840,3,20540,66102,3755,3149,011
589387,556875,3,32512,3755,3452,64100,011
589394,589384,3,10,66102,64100,3452,011
589399,556370,3,33029,3856,3048,3149,011
589402,544774,3,44628,3149,3452,3654,011
589406,568942,3,20464,3250,3048,3957,011
589410,545068,4,44342,6197,3351,64100,3351,011
589416,545053,3,44363,6298,3149,6298,011
589426,569714,33,19712,[00^31]64,64100,011
589459,556839,3,32620,3755,3856,3250,011
589462,589416,3,46,6298,3149,6298,011
589469,528803,3,60666,3856,3553,3250,011
589472,569689,3,19783,3755,3755,3553,011
589477,531707,3,57770,3351,6399,3856,011
589482,545058,4,44424,3351,3755,3149,3755,011
589488,544790,3,44698,3654,3048,65101,011
589491,544768,3,44723,3452,65101,65101,011
589512,579109,4,10403,6197,3856,3856,6399,011
589516,556730,4,32786,3654,3553,3048,3452,011
589523,543503,44,46020,[00^43]4,011
589567,566111,3,23456,94148,022,f9249,011
589571,566115,4,23456,90144,82130,e7231,088,011
589575,544871,4,44704,088,84132,2f47,8d141,011
589579,578507,8,11072,f2242,ce206,84132,2f47,8d141,f2242,d8216,83131,011
589590,566134,23,23456,94148,80128,e3227,82130,91145,e0224,6399,3957,d1209,0a10,ab171,4872,3c60,65101,69105,5d93,004d77,bd189,5c92,69105,80128,b9185,011
589619,584842,55,4777,[00^30]1,2032,[00^23]1
589683,567386,31,22297,[00^28]100,fa250,b3179,011
589715,579447,32,10268,[00^12]162,1925,4367,92146,5888,ca202,9d157,a2162,9e158,9c156,c4196,ce206,5585,96150,92146,4771,4569,e1225,2b43,93147,011
589747,554600,32,35147,ff255,ff255,ff255,ff255,ff255,ff255,ff255,ff255,ff255,ff255,ff255,ff255,ff255,ff255,ff255,ff255,ff255,ff255,ff255,ff255,ff255,ff255,ff255,ff255,ff255,ff255,ff255,ff255,ff255,ff255,ff255,ff255,011
589779,589683,31,96,[00^28]100,fa250,b3179,011
589811,562399,32,27412,[00^31]28,011
589907,567418,108,22489,[00^31]1,[00^31]32,[00^31]96,[00^12]1
590015,534840,48,55175,a2162,1925,4367,92146,5888,ca202,9d157,a2162,9e158,9c156,c4196,ce206,5585,96150,92146,4771,4569,e1225,2b43,93147,[00^28]1
590067,579315,108,10752,[00^31]2,[00^31]64,[00^30]1,6096,[00^12]1
590195,567674,140,22521,[00^31]128,[00^62]1,[00^32]96,[00^12]1
590335,590015,32,320,a2162,1925,4367,92146,5888,ca202,9d157,a2162,9e158,9c156,c4196,ce206,5585,96150,92146,4771,4569,e1225,2b43,93147,[00^12]1
590387,582674,76,7713,[00^76]1
590463,590367,51,96,4a74,1a26,4872,5c92,5d93,d5213,4872,c7199,c5197,7e126,7f127,3250,94148,4266,a7167,8d141,f5245,e5229,a2162,4670,[00^31]1
590514,566546,141,23968,80128,[00^62]1,[00^32]96,[00^12]125,4367,aa170,bc188,5181,5c92,3553,6197,4569,044,92146,2739,ce206,e5229,4b75,6096,83131,4266,c0192,ad173,[00^12]1
590675,567866,101,22809,[00^31]2,[00^32]192,[00^36]1
590776,568568,13,22208,[00^7]50,022,f0240,82130,e7231,088,011
590790,589576,10,1214,84132,2f47,8d141,f2242,ce206,84132,2f47,8d141,f2242,d8216,011
590800,582631,4,8169,82130,5282,088,94148,011
590830,568014,49,22816,80128,0080128,c0192,[00^44]1,011
590879,587199,8,3680,1b27,022,f9249,011,1723,82130,e7231,088,011
590888,590795,3,93,84132,2f47,8d141,011
590893,590888,4,5,84132,2f47,8d141,4973,011
590898,586898,3,4000,83131,077,6a106,011
590902,587222,23,3680,94148,87135,3149,d5213,4e78,9d157,022,c2194,86134,76118,7d125,5686,ac172,033,e8232,033,7c124,077,e0224,1e30,98152,88136,011,011
590932,586932,50,4000,b8184,e4228,1117,1420,cd205,2a42,[00^31]111,[00^12]1
591002,587322,57,3680,[00^31]160,[00^24]1,011
591064,590852,27,212,[00^26]1,011
591097,587417,33,3680,[00^32]20,011
591130,590982,32,148,5888,c4196,5a90,80128,ce206,70112,cb203,1420,82130,4e78,ad173,2c44,3957,5b91,ed237,72114,077,b5181,8f143,5282,[00^12]1
591162,568378,44,22784,c0192,[00^36]113,022,f8248,6e110,82130,e7231,088,011
591207,590888,10,319,84132,2f47,8d141,4973,86134,84132,2f47,8d141,4973,90144,011
591241,578368,71,12873,80128,b8184,4468,a2162,2c44,b4180,65101,[00^12]26,7b123,4670,c6198,6096,6096,3e62,bb187,5f95,be190,3a58,e5229,1e30,80128,ad173,2133,df223,00bd189,d1209,[00^31]1,011
591313,555505,53,35808,[00^46]113,022,f8248,6e110,82130,e7231,088,011
591367,591207,11,160,84132,2f47,8d141,4973,86134,84132,2f47,8d141,4973,90144,82130,011
591380,579892,40,11488,94148,1723,6298,1117,86134,9c156,a2162,b5181,68104,f2242,a7167,d4212,ee238,94148,1e30,077,3a58,82130,1e30,e1225,ff255,80128,b8184,4468,099,5e94,a7167,b3179,[00^12]1
591420,557367,20,34053,67103,8a138,a4164,bf191,4e78,2133,0c12,f2242,1622,67103,5383,e0224,5484,d5213,b7183,c3195,1c28,c7199,fa250,86134,011
591440,588595,29,2845,[00^28]5,011
591473,585585,46,5888,[00^45]2,011
591519,588223,3,3296,b4180,022,f9249,011
591523,588227,4,3296,b0176,82130,e7231,088,011
591528,579208,11,12320,84132,2f47,8b139,80128,7f127,84132,2f47,8b139,80128,89137,83131,011
591542,579222,24,12320,94148,f8248,2537,3755,fb251,6c108,5686,a3163,b5181,0092146,d3211,95149,1f31,84132,f5245,f6246,c8200,3553,b4180,f5245,80128,b9185,022,011
591567,579247,35,12320,5a90,e4228,011,dc220,[00^28]100,fa250,85133,011
591603,579283,127,12320,[00^31]64,[00^31]2,[00^31]64,[00^30]1,011
591730,532601,33,59129,a0160,[00^30]1,2436,011
591763,543835,80,47928,b8184,5888,1824,3f63,[00^31]32,[00^31]128,[00^12]1
591843,591647,48,196,[00^19]2,[00^28]1
591895,589542,25,2353,[00^24]4,011
591927,543999,32,47928,[00^31]66,011
591959,568166,21,23793,eb235,4670,6399,4266,c4196,d4212,4973,bc188,9f159,5383,a8168,65101,d5213,cb203,90144,5888,6f111,4064,5282,1521,00011
591980,544052,25,47928,099,c4196,7d125,4367,aa170,bc188,5181,5c92,3553,6197,4569,044,92146,2739,ce206,e5229,4b75,6096,83131,4266,c0192,ad173,00099,c4196,011
592005,532885,81,59120,e5229,d7215,c2194,a4164,4f79,fd253,df223,6b107,2941,5a90,1521,c1193,4872,1622,7d125,aa170,af175,5c92,f3243,4f79,[00^61]1
592086,588886,57,3200,[00^28]68,4973,4064,4b75,7c124,[00^24]1
592143,591919,20,224,044,099,f9249,f2242,2c44,a8168,5b91,3452,[00^12]1
592183,590711,72,1472,[00^28]192,[00^43]1
592255,569407,6,22848,3048,022,ee238,82130,e7231,088,011
592261,556583,3,35678,0b11,84132,2f47,011
592264,591530,9,734,8b139,80128,7f127,84132,2f47,8b139,80128,89137,83131,011
592273,569425,86,22848,011,0b11,3654,94148,cc204,e9233,d3211,f3243,92146,c1193,3553,dc220,033,8b139,1420,7c124,a7167,3e62,c4196,96150,f7247,f8248,9d157,93147,80128,84132,1824,3f63,f0240,85133,c0192,[00^46]1,3351,022,f9249,011,2f47,82130,e7231,088,011
592359,587207,3,5152,0d13,84132,2f47,011
592362,578858,136,13504,8b139,80128,7f127,84132,2f47,8b139,80128,89137,82130,7e126,5484,94148,d1209,a3163,ab171,f4244,2f47,9e158,66102,be190,86134,cf207,de222,a8168,c5197,c2194,c7199,4f79,044,1c28,5e94,1420,80128,b9185,011,044,5b91,7d125,74116,82130,[00^31]64,[00^31]160,[00^31]64,011
592500,556836,3,35664,3149,3452,66102,011
592512,544811,3,47701,3250,3452,3452,011
592516,556383,3,36133,3149,65101,6298,011
592519,544778,4,47741,65101,3351,3149,3553,011
592523,579115,4,13408,65101,3553,3452,66102,011
592531,579133,4,13398,3452,3755,3654,3755,011
592536,545167,3,47369,3048,6399,3048,011
592544,545145,3,47399,3149,3351,66102,011
592548,579111,3,13437,3856,6399,3452,011
592561,569713,33,22848,3654,[00^31]64,011
592598,556830,3,35768,66102,6298,6298,011
592603,579008,3,13595,3755,3351,3957,011
592606,540642,3,51964,3452,3856,3856,011
592610,569708,3,22902,65101,3553,3250,011
592613,589412,3,3201,64100,3351,3755,011
592619,568849,3,23770,3048,65101,3957,011
592622,556759,3,35863,3351,3452,6197,011
592642,568865,3,23777,66102,3957,3351,011
592647,592522,3,125,3553,65101,3553,011
592651,589392,3,3259,3149,64100,66102,011
592654,556378,4,36276,6399,3553,3856,64100,011
592658,579154,45,13504,c0192,[00^43]2,011
592703,591519,8,1184,b4180,022,f9249,022,b0176,82130,e7231,088,011
592711,589575,3,3136,088,84132,2f47,011
592714,592264,9,450,8b139,80128,7f127,84132,2f47,8b139,80128,89137,83131,011
592726,557366,21,35360,94148,67103,8a138,a4164,bf191,4e78,2133,0c12,f2242,1622,67103,5383,e0224,5484,d5213,b7183,c3195,1c28,c7199,fa250,86134,011
592747,591563,256,1184,80128,b9185,022,84132,5a90,e4228,011,dc220,[00^28]100,fa250,85133,ed237,[00^31]64,[00^31]2,[00^31]64,[00^30]1,a0160,[00^30]1,2436,b8184,5888,1824,3f63,[00^31]32,[00^20]1
593003,591819,72,1184,[00^11]128,[00^31]2,[00^28]1
593079,583590,25,9489,[00^24]8,011
593111,591927,32,1184,[00^31]66,011
593143,590335,22,2808,a2162,1925,4367,92146,5888,ca202,9d157,a2162,9e158,9c156,c4196,ce206,5585,96150,92146,4771,4569,e1225,2b43,93147,0000011
593166,589059,21,4107,1723,6298,1117,86134,9c156,a2162,b5181,68104,f2242,a7167,d4212,ee238,94148,1e30,077,3a58,82130,1e30,e1225,ff255,00011
593189,592005,138,1184,e5229,d7215,c2194,a4164,4f79,fd253,df223,6b107,2941,5a90,1521,c1193,4872,1622,7d125,aa170,af175,5c92,f3243,4f79,[00^89]68,4973,4064,4b75,7c124,[00^24]1
593327,593103,20,224,088,8d141,2a42,8a138,1420,d6214,a6166,fe254,[00^12]1
593367,592183,72,1184,[00^28]192,[00^43]1
593439,565183,10,28256,5181,022,f8248,4e78,82130,e7231,088,80128,84132,2f47,011
593449,592264,10,1185,8b139,80128,7f127,84132,2f47,8b139,80128,89137,83131,011,011
593459,565203,107,28256,0a10,3b59,94148,9d157,ba186,3149,e4228,92146,b7183,e9233,8b139,81129,95149,e2226,5484,ee238,1319,b6182,b0176,2739,e4228,a5165,9d157,80128,a4164,a7167,f6246,87135,92146,76118,6f111,74116,65101,[00^28]192,[00^45]1
593566,568414,11,25152,0071113,022,f8248,6e110,82130,e7231,088,055,84132,2f47,011
593577,579881,51,13696,8b139,80128,7f127,84132,2f47,8b139,80128,89137,82130,eb235,86134,94148,1723,6298,1117,86134,9c156,a2162,b5181,68104,f2242,a7167,d4212,ee238,94148,1e30,077,3a58,82130,1e30,e1225,ff255,80128,b8184,4468,099,5e94,a7167,b3179,[00^12]1
593648,576194,30,17454,[00^29]45,011
593680,580112,100,13568,c0192,[00^45]1,0d13,f9249,011,0a10,011,84132,2a42,ea234,5484,0082130,9d157,78120,94148,088,72114,ec236,4468,2638,1016,3452,82130,a5165,0f15,2638,ff255,c3195,2a42,ce206,fc252,ec236,6197,b3179,c9201,80128,b8184,e4228,f2242,4266,4367,2a42,[00^12]1
593780,583092,20,10688,2335,011,4e78,e5229,e9233,2941,73115,5181,a8168,ba186,1622,81129,66102,5383,b1177,1a26,5181,cc204,87135,8a138,011
593800,546248,256,47552,[00^12]174,c3195,ca202,ce206,f9249,4569,7f127,f2242,82130,1d29,9f159,85133,4266,9c156,e3227,d9217,0b11,001420,5989,[00^31]5,[00^31]1,[00^31]160,[00^64]130,e7231,088,80128,80128,[00^49]1,ef239,f9249,011,ec236,80128,84132,2a42,ea234,5484,011
594056,546504,225,47552,0083131,011,5f95,90144,94148,088,72114,ec236,4468,2638,1016,3452,82130,a5165,0f15,2638,ff255,c3195,2a42,ce206,fc252,ec236,6197,b3179,c9201,80128,b9185,011,c4196,d4212,df223,d6214,bc188,[00^127]1,[00^31]1,[00^28]101,1420,1723,011
594282,582122,160,12160,[00^63]5,[00^62]1,4064,[00^31]65,011
594506,580938,138,13568,1b27,[00^31]130,e7231,088,80128,80128,[00^47]1,0d13,f9249,011,0a10,011,84132,2a42,ea234,5484,0082130,9d157,78120,94148,088,72114,ec236,4468,2638,1016,3452,82130,a5165,0f15,2638,ff255,c3195,2a42,ce206,fc252,ec236,6197,b3179,c9201,80128,b8184,e4228,f2242,4266,4367,2a42,[00^12]1
594644,583132,20,11512,81129,a2162,92146,8d141,a9169,3452,3351,dc220,ae174,3b59,077,5989,98152,5686,fd253,8b139,1824,4064,3957,97151,011
594664,570568,256,24096,[00^12]174,c3195,ca202,ce206,f9249,4569,7f127,f2242,82130,1d29,9f159,85133,4266,9c156,e3227,d9217,0b11,001420,5989,[00^31]5,[00^31]1,[00^31]160,[00^64]130,e7231,088,80128,80128,[00^49]1,ef239,f9249,011,ec236,80128,84132,2a42,ea234,5484,011
594920,570824,225,24096,0083131,011,5f95,90144,94148,088,72114,ec236,4468,2638,1016,3452,82130,a5165,0f15,2638,ff255,c3195,2a42,ce206,fc252,ec236,6197,b3179,c9201,80128,b9185,011,c4196,d4212,df223,d6214,bc188,[00^127]1,[00^31]1,[00^28]101,1420,1420,011
595146,594282,160,864,[00^63]5,[00^62]1,4064,[00^31]65,011
595370,559274,256,36096,1b27,[00^31]130,e7231,088,80128,80128,[00^47]1,ef239,f9249,011,ec236,80128,84132,2a42,ea234,5484,0083131,011,5f95,90144,94148,088,72114,ec236,4468,2638,1016,3452,82130,a5165,0f15,2638,ff255,c3195,2a42,ce206,fc252,ec236,6197,b3179,c9201,80128,b9185,011,c4196,d4212,df223,d6214,bc188,[00^127]1,011
595626,559530,63,36096,[00^31]1,[00^28]101,1420,1622,011
595690,595146,160,544,[00^63]5,[00^62]1,4064,[00^31]65,011
595914,582346,85,13568,1b27,[00^31]130,e7231,088,80128,80128,[00^48]1
595999,571999,52,24000,ec236,f8248,ea234,011,84132,2a42,ea234,5484,0082130,9b155,2840,94148,088,72114,ec236,4468,2638,1016,3452,82130,a5165,0f15,2638,ff255,c3195,2a42,ce206,fc252,ec236,6197,b3179,c9201,80128,b8184,c4196,f2242,4266,4367,2a42,[00^12]1
596051,583152,20,12899,1a26,d8216,e2226,b7183,f3243,c8200,a9169,f5245,be190,a8168,78120,1d29,2941,3f63,011,5686,1117,2537,c3195,c3195,011
596071,572071,218,24000,[00^12]1,e4228,a6166,6399,ff255,fa250,f1241,4367,0d13,3a58,3654,5888,8b139,2c44,1420,b7183,2234,3149,d8216,b4180,[00^31]5,[00^31]1,[00^31]160,[00^32]130,e7231,088,80128,80128,[00^51]44,eb235,011
596289,582625,10,13664,4f79,84132,2a42,ea234,5484,0082130,5282,088,94148,011
596319,560255,76,36064,86134,5a90,f3243,1016,7a122,4064,0080128,82130,e7231,088,80128,80128,[00^51]44,eb235,4e78,84132,2a42,ea234,5484,0082130,5282,088,94148,011
596397,588024,2,8373,002840,011
596404,596133,2,271,00055,011
596415,572319,68,24096,86134,5a90,f3243,1016,7a122,4064,0080128,82130,e7231,088,80128,80128,[00^51]46,ed237,82130,022,011
596484,596386,9,98,84132,2a42,ea234,5484,0082130,5282,088,94148,011
596513,572417,94,24096,86134,5484,95149,3f63,f6246,d0208,0080128,82130,e7231,088,80128,80128,[00^80]2,011
596608,572512,80,24096,4569,a3163,1824,2739,3755,4973,d6214,eb235,00f5245,f6246,ca202,3b59,c7199,cd205,3d61,e2226,6d109,64100,2a42,4569,a3163,1824,2739,3755,4973,d6214,eb235,00f5245,f6246,ca202,3b59,c7199,cd205,3d61,e2226,6d109,64100,2a42,4f79,f7247,3048,80128,1723,c6198,c7199,cc204,fc252,e4228,0c12,2e46,088,ef239,ce206,91145,2537,9d157,6399,9f159,b8184,ff255,87135,7e126,d7215,8b139,a5165,2032,ec236,e2226,1b27,1d29,e7231,84132,3a58,8a138,5787,ca202,4771,cb203,011
596688,586388,20,10300,3d61,3957,1a26,ff255,fe254,d2210,2537,5a90,2d45,d0208,033,2537,c3195,a9169,6a106,5a90,8e142,022,3f63,f8248,011
596708,586621,20,10087,fc252,db219,2133,2e46,7e126,75117,88136,d2210,dd221,2c44,c4196,4c76,3048,f6246,c7199,9f159,b5181,077,db219,4b75,011
596728,587130,20,9598,ed237,82130,6c108,e2226,c8200,a1161,6e110,d8216,3e62,5080,4b75,d9217,4d77,9f159,6f111,4266,6298,69105,1824,5080,011
596748,587450,20,9298,fe254,71113,6096,6f111,f0240,d7215,eb235,bb187,ea234,ed237,3250,0a10,5484,2234,90144,93147,9d157,077,033,ed237,011
596768,587686,20,9082,97151,bd189,84132,5f95,077,c2194,f1241,5585,72114,90144,c0192,fa250,d6214,3452,3452,5585,1016,d0208,a6166,77119,011
596788,588038,20,8750,e8232,2133,e4228,b2178,4569,6298,b8184,f6246,5989,db219,d1209,99153,7b123,d4212,2c44,8e142,9b155,011,a8168,cc204,011
596808,589123,20,7685,6c108,3250,5d93,011,2133,be190,c2194,68104,af175,0c12,4468,c3195,0e14,4266,8a138,ce206,5d93,68104,5585,1c28,011
596848,590655,20,6193,eb235,3048,f3243,f6246,c9201,e5229,5080,1218,83131,ae174,d5213,97151,4569,ba186,1925,ba186,6a106,b8184,5686,cb203,011
596868,572892,20,23976,85133,9e158,8a138,75117,af175,2941,77119,2638,c5197,066,d2210,97151,6197,3a58,f5245,bd189,3957,6f111,f6246,1c28,011
596888,591130,20,5758,5888,c4196,5a90,80128,ce206,70112,cb203,1420,82130,4e78,ad173,2c44,3957,5b91,ed237,72114,077,b5181,8f143,5282,011
596928,561272,20,35656,90144,5e94,f0240,68104,1016,b5181,d1209,68104,d0208,c8200,d3211,5181,5989,3e62,d5213,d1209,88136,0d13,bc188,2840,011
596948,592163,20,4785,022,b0176,3957,3452,f7247,1b27,b6182,de222,4468,65101,055,1d29,e5229,ee238,e5229,c0192,5e94,099,77119,4a74,011
596991,596636,1,355,00011
597008,593347,20,3661,83131,055,fb251,a9169,ed237,3553,3654,3d61,69105,1b27,d3211,099,3553,c6198,022,ab171,a2162,3b59,be190,5f95,011
597068,593780,20,3288,2335,011,4e78,e5229,e9233,2941,73115,5181,a8168,ba186,1622,81129,66102,5383,b1177,1a26,5181,cc204,87135,8a138,011
597088,582443,20,14645,b1177,a8168,a2162,6c108,3f63,e0224,a1161,4266,d7215,1016,5383,bc188,c8200,66102,4165,088,d4212,cd205,4569,75117,011
597108,594644,20,2464,81129,a2162,92146,8d141,a9169,3452,3351,dc220,ae174,3b59,077,5989,98152,5686,fd253,8b139,1824,4064,3957,97151,011
597128,582635,20,14493,c0192,4165,67103,088,b0176,f6246,4367,1117,96150,088,1622,77119,4973,90144,6c108,5181,5b91,81129,98152,99153,011
597148,582539,20,14609,3a58,a9169,5a90,fd253,a9169,6a106,d4212,a7167,5585,2234,d8216,f5245,4b75,6b107,8c140,88136,67103,f0240,5282,6c108,011
597168,596051,20,1117,1a26,d8216,e2226,b7183,f3243,c8200,a9169,f5245,be190,a8168,78120,1d29,2941,3f63,011,5686,1117,2537,c3195,c3195,011
597188,561432,20,35756,9d157,ba186,d4212,2032,96150,3e62,5383,77119,5a90,5181,ea234,9a154,ad173,4a74,fa250,3a58,f6246,e5229,d7215,5383,011
597208,561412,20,35796,f6246,f8248,b5181,bc188,022,1f31,f6246,7a122,99153,3250,3452,64100,4771,dd221,7e126,78120,aa170,67103,4266,2436,011
597228,573152,52,24076,011,e4228,a6166,6399,ff255,fa250,f1241,4367,0d13,3a58,3654,5888,8b139,2c44,1420,b7183,2234,3149,d8216,b4180,[00^32]1
597312,583296,31,14016,[00^28]100,fa250,84132,011
597344,590708,62,6636,[00^31]192,[00^30]1
597408,597376,31,32,[00^30]54,011
597440,597408,30,32,[00^30]1
597472,597344,31,128,[00^31]1
597504,588192,31,9312,[00^30]3,011
597535,561823,32,35712,e0224,[00^30]5,011
597568,583234,31,14334,[00^30]7,011
597600,573632,62,23968,[00^30]11,2032,[00^30]1
597663,597472,31,191,[00^31]1
597694,583742,33,13952,0e14,6096,[00^30]15,011
597727,597663,31,64,[00^31]1
597760,583808,31,13952,[00^30]18,011
597791,550719,32,47072,e0224,[00^30]20,011
597824,597792,31,32,[00^30]20,011
597855,573823,63,24032,a0160,[00^30]21,[00^31]1
597919,583839,32,14080,6096,[00^30]22,011
597952,597250,31,702,[00^30]23,011
597984,573409,31,24575,[00^30]24,011
598016,573920,31,24096,[00^30]25,011
598048,573984,31,24064,[00^30]27,011
598080,574016,31,24064,[00^30]29,011
598112,592952,31,5160,[00^30]32,011
598144,551008,62,47136,[00^30]32,a0160,[00^30]1
598207,584063,32,14144,4064,[00^30]34,011
598240,561632,31,36608,[00^30]42,011
598272,586738,31,11534,[00^30]43,011
598303,550079,32,48224,a0160,[00^30]44,011
598336,598304,30,32,[00^30]1
598367,592224,32,6143,[00^31]48,011
598399,584479,32,13920,4064,[00^30]50,011
598432,598400,31,32,[00^30]50,011
598463,583359,32,15104,c0192,[00^30]51,011
598495,543802,32,54693,2032,[00^30]1,011
598541,590902,22,7639,94148,87135,3149,d5213,4e78,9d157,022,c2194,86134,76118,7d125,5686,ac172,033,e8232,033,7c124,077,e0224,1e30,98152,88136,011
598571,590932,37,7639,b8184,e4228,1117,1420,cd205,2a42,[00^31]1
598609,598596,12,13,[00^12]1
598641,596167,56,2474,[00^31]160,[00^24]1
598703,597892,27,811,[00^26]21,011
598736,591097,33,7639,[00^32]20,011
598769,598621,32,148,8c140,d3211,98152,f7247,b6182,a8168,69105,ad173,a2162,4670,81129,8a138,6e110,e3227,f2242,6399,4670,de222,3c60,a9169,[00^12]1
598801,596521,45,2280,82130,e7231,088,80128,80128,[00^40]1
598847,590879,3,7968,1b27,022,f9249,011
598851,586883,6,11968,1723,82130,e7231,088,80128,84132,011
598857,534535,4,64322,3b59,9a154,ca202,00011
598861,534534,6,64327,84132,3b59,9a154,ca202,0083131,011
598870,557366,22,41504,94148,67103,8a138,a4164,bf191,4e78,2133,0c12,f2242,1622,67103,5383,e0224,5484,d5213,b7183,c3195,1c28,c7199,fa250,86134,87135,011
598899,543668,37,55231,b9185,011,e4228,5a90,e4228,011,dc220,[00^28]100,fa250,011
598938,543707,208,55231,[00^31]64,[00^31]1,[00^31]32,[00^30]1,2436,b8184,5888,1824,3f63,[00^31]32,[00^31]128,[00^12]1
599166,597573,26,1593,[00^25]7,011
599192,598893,6,299,fe254,5484,3755,92146,099,066,011
599198,597441,30,1757,[00^29]56,011
599230,543999,53,55231,[00^31]66,e5229,d7215,c2194,a4164,4f79,fd253,df223,6b107,2941,5a90,1521,c1193,4872,1622,7d125,aa170,af175,5c92,f3243,4f79,00011
599283,593164,23,6119,0064100,1723,6298,1117,86134,9c156,a2162,b5181,68104,f2242,a7167,d4212,ee238,94148,1e30,077,3a58,82130,1e30,e1225,ff255,00011
599306,599283,2,23,0064100,011
599308,534840,51,64468,a2162,1925,4367,92146,5888,ca202,9d157,a2162,9e158,9c156,c4196,ce206,5585,96150,92146,4771,4569,e1225,2b43,93147,[00^31]1
599359,588159,64,11200,[00^27]192,[00^35]3,011
599423,575039,7,24384,92146,f9249,033,8f143,83131,033,055,011
599430,551238,3,48192,3856,84132,3a58,011
599436,563788,129,35648,83131,1319,f7247,c0192,94148,a6166,5888,74116,2d45,3351,eb235,d2210,ce206,2f47,0b11,df223,f7247,3553,1521,aa170,79121,7f127,d1209,6197,d9217,80128,b9185,033,64100,2537,2f47,7b123,011,[00^31]111,[00^12]69,f1241,a9169,5a90,4d77,3f63,3856,3654,5282,3f63,5c92,83131,67103,3c60,79121,7f127,4d77,4d77,2638,3b59,[00^29]4,3250,3856,011
599565,574737,32,24828,a3163,bf191,f6246,5181,9e158,71113,6b107,0b11,4771,9a154,4872,a3163,e1225,eb235,f7247,74116,4468,9f159,86134,fa250,7b123,a7167,bf191,1319,6298,93147,0d13,fa250,ec236,e9233,f1241,f6246,011
599597,574737,63,24860,a3163,bf191,f6246,5181,9e158,71113,6b107,0b11,4771,9a154,4872,a3163,e1225,eb235,f7247,74116,4468,9f159,86134,fa250,7b123,a7167,bf191,1319,6298,93147,0d13,fa250,ec236,e9233,f1241,f6246,[00^31]1
599660,564012,72,35648,c0192,[00^30]2,74116,[00^12]77,73115,ad173,b7183,2b43,c3195,dd221,3654,89137,66102,ed237,d0208,f0240,b2178,1420,84132,011,a1161,78120,e2226,[00^6]138,011
599733,564085,256,35648,006f111,70112,1a26,95149,70112,7a122,022,90144,ac172,8b139,90144,b3179,71113,9e158,8e142,e5229,b2178,1016,3654,088,83131,00b7183,4569,f1241,a9169,5a90,4d77,3f63,3856,3654,5282,3f63,5c92,83131,67103,3c60,79121,7f127,4d77,4d77,2638,3b59,[00^31]1,[00^31]13,[00^31]13,[00^87]35,dc220,4e78,fd253,3e62,76118,df223,83131,8e142,[00^20]1
599989,564341,4,35648,[00^4]1
600001,599075,27,926,[00^26]32,011
600032,597540,27,2492,[00^26]5,011
600065,595696,58,4369,[00^57]5,011
600123,600059,30,64,ba186,5383,3c60,7b123,8c140,077,[00^24]1
600161,575777,96,24384,[00^30]1,c0192,[00^30]2,[00^32]20,011
600277,594800,105,5477,[00^56]130,e7231,088,80128,80128,[00^44]1
600387,599427,3,960,83131,033,055,011
600390,563174,3,37216,3957,84132,3a58,011
600400,599440,21,960,94148,a6166,5888,74116,2d45,3351,eb235,d2210,ce206,2f47,0b11,df223,f7247,3553,1521,aa170,79121,7f127,d1209,6197,d9217,011
600421,555755,10,44666,87135,022,2133,b2178,6298,dd221,80128,00b9185,011,011
600436,585841,32,14595,[00^31]102,011
600468,600455,12,13,[00^12]1
600480,569047,20,31433,c9201,b7183,5383,d7215,3b59,1723,dd221,b5181,e8232,70112,93147,ff255,044,a9169,e3227,1824,4569,a4164,3a58,f0240,011
600500,569275,32,31225,[00^29]3,0d13,4064,011
600532,585937,32,14595,8a138,5686,3048,83131,91145,da218,8c140,d6214,c3195,6b107,c5197,7a122,5787,c0192,85133,89137,db219,8e142,1925,d6214,83131,d0208,e9233,9e158,1824,033,5585,2e46,ea234,1d29,2335,9c156,011
600564,585937,63,14627,8a138,5686,3048,83131,91145,da218,8c140,d6214,c3195,6b107,c5197,7a122,5787,c0192,85133,89137,db219,8e142,1925,d6214,83131,d0208,e9233,9e158,1824,033,5585,2e46,ea234,1d29,2335,9c156,[00^31]1
600628,600615,12,13,[00^12]1
600640,542554,51,58086,5080,65101,d2210,6c108,f6246,0080128,4266,5787,1016,e2226,d7215,6096,79121,bb187,4e78,3e62,3452,1925,c9201,[00^31]1
600692,599693,38,999,[00^12]77,73115,ad173,b7183,2b43,c3195,dd221,3654,89137,66102,ed237,d0208,f0240,b2178,1420,84132,011,a1161,78120,e2226,[00^6]1
600732,600466,2,266,0066102,011
600742,586387,2,14355,003d61,011
600754,599755,2,999,00b7183,011
600756,600480,20,276,c9201,b7183,5383,d7215,3b59,1723,dd221,b5181,e8232,70112,93147,ff255,044,a9169,e3227,1824,4569,a4164,3a58,f0240,011
600776,600640,44,136,5080,65101,d2210,6c108,f6246,0080128,4266,5787,1016,e2226,d7215,6096,79121,bb187,4e78,3e62,3452,1925,c9201,[00^24]1
600820,600333,42,487,82130,e7231,088,80128,80128,[00^37]1
600862,592350,9,8512,011,3351,022,f9249,011,2f47,82130,e7231,088,011
600906,592394,4,8512,80128,b9185,011,044,011
600914,588026,13,12888,[00^12]232,011
600946,600914,44,32,[00^12]232,1521,2638,4a74,1622,e1225,5d93,d1209,d8216,c9201,4064,4973,055,4367,2a42,0d13,6096,fa250,d9217,2b43,[00^12]1
600990,564431,45,36559,[00^44]6,011
601040,599895,65,1145,[00^65]1
601106,600500,30,606,[00^29]3,011
601138,590707,76,10431,[00^32]192,[00^43]1
601214,579870,10,21344,0071113,022,f8248,6e110,82130,e7231,088,022,84132,011
601257,593609,19,7648,80128,b8184,4468,099,5e94,a7167,b3179,[00^12]1
601281,573012,3,28269,ff255,0b11,c8200,011
601296,542833,77,58463,ff255,ff255,ff255,ff255,ff255,ff255,ff255,ff255,ff255,ff255,ff255,ff255,ff255,ff255,ff255,ff255,ff255,ff255,ff255,ff255,ff255,ff255,ff255,ff255,ff255,ff255,ff255,ff255,ff255,ff255,ff255,ff255,c0192,[00^44]1
601373,600861,10,512,00011,3351,022,f9249,011,2f47,82130,e7231,088,011
601384,586500,5,14884,84132,3553,a4164,e9233,00011
601389,601384,5,5,84132,3553,a4164,e9233,00011
601397,568693,126,32704,94148,d1209,a3163,ab171,f4244,2f47,9e158,66102,be190,86134,cf207,de222,a8168,c5197,c2194,c7199,4f79,044,1c28,5e94,1420,80128,b9185,011,044,5b91,7d125,74116,82130,[00^31]64,[00^31]160,[00^31]64,66102,011
601530,556390,3,45140,3755,3351,64100,011
601533,556418,3,45115,3957,6298,3957,011
601542,589505,3,12037,65101,3452,6298,011
601548,568824,3,32724,66102,3149,3755,011
601566,592509,3,9057,3149,3048,6298,011
601569,568847,3,32722,6399,64100,3048,011
601579,569778,3,31801,66102,3250,3250,011
601586,556338,33,45248,[00^31]64,3856,011
601620,569805,3,31815,3351,3957,3149,011
601625,545139,3,56486,3755,3351,6298,011
601628,556518,3,45110,3957,6298,3250,011
601634,545063,3,56571,3755,6197,3452,011
601638,592551,3,9087,6298,6197,3452,011
601647,578996,4,22651,65101,3250,3553,3755,011
601652,592514,3,9138,3452,3654,3149,011
601656,544810,3,56846,65101,3250,3452,011
601669,592625,3,9044,6298,6197,3755,011
601678,568934,3,32744,66102,65101,3856,011
601681,545169,46,56512,3048,c0192,[00^43]2,011
601727,576319,3,25408,5b91,022,f9249,011
601731,576323,16,25408,5787,82130,e7231,088,80128,84132,3149,099,cb203,b9185,84132,3149,099,cb203,b9185,83131,011
601750,586509,22,15241,94148,033,2b43,2436,1d29,e8232,6a106,86134,6096,f1241,ae174,066,91145,a4164,76118,0b11,4266,6e110,a2162,4670,d7215,87135,011
601778,567314,3,34464,00b9185,022,011
601782,542967,131,58815,ac172,96150,5080,d8216,[00^31]32,[00^31]2,[00^31]64,[00^30]1,011
601913,592914,33,8999,a0160,[00^30]1,2436,011
601946,586541,80,15405,75117,ce206,af175,e6230,[00^31]32,[00^31]160,[00^12]1
602046,601988,25,58,[00^25]1
602071,601772,7,299,5383,b1177,f5245,4266,099,64100,00011
602078,601821,29,257,[00^28]2,011
602110,598906,30,3204,[00^28]100,fa250,011
602142,586737,53,15405,[00^31]43,e5229,d7215,c2194,a4164,4f79,fd253,df223,6b107,2941,5a90,1521,c1193,4872,1622,7d125,aa170,af175,5c92,f3243,4f79,00011
602197,589059,64,13138,1723,6298,1117,86134,9c156,a2162,b5181,68104,f2242,a7167,d4212,ee238,94148,1e30,077,3a58,82130,1e30,e1225,ff255,[00^44]1
602261,543510,104,58751,[00^36]4,1218,2133,0e14,8a138,[00^28]192,[00^34]1
602365,601943,2,422,00011,011
602372,601741,3,631,84132,3149,099,011
602381,544214,22,58167,94148,87135,3149,d5213,4e78,9d157,022,c2194,86134,76118,7d125,5686,ac172,033,e8232,033,7c124,077,e0224,1e30,98152,87135,011
602408,598569,52,3839,1622,1e30,b8184,e4228,1117,1420,cd205,2a42,[00^31]184,[00^12]1
602480,601458,57,1022,[00^31]160,[00^25]1
602542,602484,27,58,[00^27]1
602575,600224,33,2351,[00^32]20,011
602608,602460,32,148,4569,dd221,f2242,1723,e4228,5b91,6096,98152,c7199,f8248,2e46,0d13,e4228,75117,ac172,4c76,73115,7a122,2032,d8216,[00^12]1
602640,600333,47,2307,82130,e7231,088,80128,80128,[00^42]1
602693,577228,7,25465,84132,3149,055,c7199,de222,83131,011,011
602729,602659,28,70,[00^28]1
602760,578438,55,24322,011,82130,e7231,088,80128,80128,[00^49]1
602818,555716,5,47102,82130,e7231,088,033,84132,011
602827,602822,4,5,84132,3048,088,fb251,011
602832,596489,4,6343,82130,5282,088,94148,011
602864,590831,47,12033,0080128,c0192,[00^44]1
602911,569407,8,33504,3048,022,ee238,82130,e7231,088,2638,84132,011
602922,589228,3,13694,8b139,84132,2f47,011
602928,592272,90,10656,83131,011,0b11,3654,94148,cc204,e9233,d3211,f3243,92146,c1193,3553,dc220,033,8b139,1420,7c124,a7167,3e62,c4196,96150,f7247,f8248,9d157,93147,80128,84132,1824,3f63,f0240,85133,c0192,[00^46]1,3351,022,f9249,011,2f47,82130,e7231,088,0d13,84132,2f47,011
603018,602920,8,98,90144,c0192,8b139,84132,2f47,90144,c0192,95149,011
603026,569522,129,33504,82130,7e126,5484,94148,d1209,a3163,ab171,f4244,2f47,9e158,66102,be190,86134,cf207,de222,a8168,c5197,c2194,c7199,4f79,044,1c28,5e94,1420,80128,b9185,011,044,5b91,7d125,74116,82130,[00^31]64,[00^31]160,[00^31]64,64100,011
603155,579132,3,24023,6399,3452,3755,011
603159,556503,3,46656,64100,3755,6298,011
603168,579094,3,24074,3452,65101,3149,011
603171,601648,3,1523,3250,3553,3755,011
603176,569747,3,33429,3957,6298,3654,011
603189,568862,3,34327,3654,6298,6197,011
603196,592534,4,10662,3755,6399,3048,6399,011
603200,568844,3,34356,65101,64100,66102,011
603204,537748,4,65456,3553,3654,3250,3755,011
603208,589366,3,13842,66102,65101,3351,011
603215,589506,3,13709,3452,6298,66102,011
603218,592562,33,10656,[00^31]64,3149,011
603256,568846,3,34410,66102,6399,64100,011
603259,545122,3,58137,64100,3856,3452,011
603262,540605,3,62657,3957,3957,3957,011
603265,544812,3,58453,3452,3452,3957,011
603273,579039,3,24234,3048,3856,6399,011
603276,568878,3,34398,3654,65101,6399,011
603280,545050,4,58230,6298,3048,3856,6298,011
603284,601564,3,1720,6197,3553,3149,011
603292,545158,3,58134,6298,3755,3351,011
603296,592554,3,10742,65101,3856,6399,011
603304,603164,3,140,3250,66102,3856,011
603310,592518,3,10792,6298,65101,3351,011
603314,602866,51,448,c0192,[00^44]48,022,ee238,82130,e7231,088,011
603365,567173,3,36192,066,84132,2f47,011
603368,602920,95,448,90144,c0192,8b139,84132,2f47,90144,c0192,95149,83131,011,0b11,3654,94148,cc204,e9233,d3211,f3243,92146,c1193,3553,dc220,033,8b139,1420,7c124,a7167,3e62,c4196,96150,f7247,f8248,9d157,93147,80128,84132,1824,3f63,f0240,85133,c0192,[00^46]1,3351,022,f9249,011,2f47,82130,e7231,088,011
603464,603016,138,448,84132,2f47,90144,c0192,8b139,84132,2f47,90144,c0192,95149,82130,7e126,5484,94148,d1209,a3163,ab171,f4244,2f47,9e158,66102,be190,86134,cf207,de222,a8168,c5197,c2194,c7199,4f79,044,1c28,5e94,1420,80128,b9185,011,044,5b91,7d125,74116,82130,[00^31]64,[00^31]160,[00^31]64,011
603603,556488,4,47115,3149,3654,6298,64100,011
603608,545054,3,58554,3149,6298,3553,011
603615,592628,3,10987,6399,6197,3351,011
603624,589389,3,14235,64100,3654,3654,011
603630,544792,3,58838,65101,6197,3957,011
603633,603198,3,435,3048,6399,65101,011
603636,556426,3,47210,65101,6399,64100,011
603650,544695,3,58955,3755,66102,3351,011
603654,568966,3,34688,66102,64100,3856,011
603660,568932,3,34728,3755,3149,66102,011
603663,603202,3,461,66102,3856,3553,011
603666,579058,33,24608,[00^31]64,3048,011
603699,592608,3,11091,3856,3654,65101,011
603703,568965,3,34738,3250,66102,64100,011
603706,603257,3,449,6399,64100,64100,011
603710,601528,3,2182,6298,3957,3755,011
603713,556422,3,47291,3048,3351,3755,011
603717,592631,3,11086,3452,3048,3149,011
603736,568879,3,34857,65101,6399,3048,011
603739,544716,3,59023,66102,3856,3351,011
603744,556511,3,47233,66102,3654,3149,011
603749,540844,3,62905,6399,3250,66102,011
603753,601662,3,2091,3250,65101,3654,011
603759,556722,3,47037,3957,6399,64100,011
603762,556530,53,47232,c0192,[00^43]1,3351,022,f9249,011,2f47,82130,e7231,088,011
603815,567271,3,36544,044,84132,2f47,011
603818,603466,136,352,90144,c0192,8b139,84132,2f47,90144,c0192,95149,82130,7e126,5484,94148,d1209,a3163,ab171,f4244,2f47,9e158,66102,be190,86134,cf207,de222,a8168,c5197,c2194,c7199,4f79,044,1c28,5e94,1420,80128,b9185,011,044,5b91,7d125,74116,82130,[00^31]64,[00^31]160,[00^31]64,011
603956,556824,3,47132,3755,3856,6298,011
603969,589394,3,14575,66102,64100,3452,011
603974,556846,3,47128,3856,3856,64100,011
603979,578994,3,24985,3553,66102,65101,011
603986,603633,3,353,3048,6399,65101,011
603989,579104,3,24885,3553,3856,3452,011
603999,603303,3,696,6197,3250,66102,011
604004,592633,3,11371,3149,3048,3351,011
604011,556761,3,47250,6197,66102,3149,011
604014,603305,3,709,66102,3856,6298,011
604018,568882,33,35136,[00^31]64,3654,011
604053,556470,3,47583,3553,66102,3654,011
604057,601657,3,2400,3250,3452,3856,011
604060,601577,3,2483,3250,3957,66102,011
604064,603640,3,424,3149,3654,3351,011
604073,556387,3,47686,3957,3250,3149,011
604076,568850,3,35226,65101,3957,6399,011
604080,568914,3,35166,3654,3553,3553,011
604083,603196,3,887,3755,6399,3048,011
604090,601570,3,2520,64100,3048,3856,011
604097,604092,3,5,3856,3553,3048,011
604105,545165,3,58940,6298,3553,3048,011
604110,568943,3,35167,3048,3957,3351,011
604114,603762,53,352,c0192,[00^43]1,3351,022,f9249,011,2f47,82130,e7231,088,011
604167,589223,3,14944,0e14,84132,2f47,011
604170,603818,136,352,90144,c0192,8b139,84132,2f47,90144,c0192,95149,82130,7e126,5484,94148,d1209,a3163,ab171,f4244,2f47,9e158,66102,be190,86134,cf207,de222,a8168,c5197,c2194,c7199,4f79,044,1c28,5e94,1420,80128,b9185,011,044,5b91,7d125,74116,82130,[00^31]64,[00^31]160,[00^31]64,011
604312,589461,3,14851,3250,6298,3149,011
604315,540635,3,63680,3856,3654,3250,011
604320,568826,3,35494,3755,3452,3957,011
604323,540596,3,63727,3654,3048,3452,011
604327,579003,3,25324,3149,3755,6298,011
604333,568848,3,35485,64100,3048,65101,011
604346,545144,3,59202,3452,3149,3351,011
604349,544686,3,59663,3755,3856,3957,011
604356,603293,3,1063,3755,3351,64100,011
604363,556481,3,47882,3250,6197,6399,011
604366,569674,3,34692,6399,3250,3957,011
604369,556433,33,47936,3452,[00^31]64,011
604403,604354,4,49,3452,64100,3755,3351,011
604407,603709,3,698,6197,6298,3957,011
604412,556765,3,47647,3048,3755,3654,011
604415,592523,3,11892,65101,3553,3452,011
604419,568869,3,35550,3553,3755,66102,011
604422,601549,3,2873,3149,3755,65101,011
604425,603745,3,680,3654,3149,6399,011
604431,603986,3,445,3048,6399,65101,011
604434,604069,4,365,6298,3856,3250,3755,011
604439,568862,4,35577,3654,6298,6197,66102,011
604444,579011,3,25433,6399,3553,65101,011
604447,579102,5,25345,3755,3250,3553,3856,3452,011
604452,556780,3,47672,6298,6399,3452,011
604456,576023,3,28433,3957,3048,3351,011
604462,589458,3,15004,64100,3755,3856,011
604466,604114,45,352,c0192,[00^43]1,011
604511,553983,8,50528,f4244,022,f9249,011,f0240,82130,e7231,088,011
604519,544871,11,59648,088,84132,2f47,8d141,e9233,66102,84132,2f47,8d141,e9233,6f111,011
604534,589590,23,14944,94148,80128,e3227,82130,91145,e0224,6399,3957,d1209,0a10,ab171,4872,3c60,65101,69105,5d93,004d77,bd189,5c92,69105,80128,b9185,011
604563,567642,63,36921,[00^12]127,72114,e0224,d8216,e9233,ab171,f9249,1319,3a58,92146,3250,2b43,8b139,5080,bd189,8e142,0f15,9d157,cf207,cb203,[00^31]1
604626,584841,32,19785,c0192,[00^30]1,011
604659,602273,25,2386,[00^24]4,011
604691,595754,63,8937,[00^62]1,011
604755,601818,44,2937,[00^31]2,[00^12]1
604799,566367,44,38432,7d125,4367,aa170,bc188,5181,5c92,3553,6197,4569,044,92146,2739,ce206,e5229,4b75,6096,83131,4266,c0192,ad173,[00^23]1,011
604851,539818,107,65033,[00^95]32,[00^11]1
604958,566686,52,38272,007f127,a2162,a0160,db219,85133,e3227,de222,e0224,5c92,6a106,da218,4973,5383,91145,f8248,da218,f9249,95149,ac172,df223,[00^31]1
605010,601169,44,3841,00c0192,[00^42]1
605054,566110,9,38944,022,94148,022,f9249,022,90144,82130,e7231,088,011
605063,555719,3,49344,033,84132,2f47,011
605066,593449,10,11617,8b139,80128,7f127,84132,2f47,8b139,80128,89137,83131,011,011
605078,566134,86,38944,94148,80128,e3227,82130,91145,e0224,6399,3957,d1209,0a10,ab171,4872,3c60,65101,69105,5d93,004d77,bd189,5c92,69105,80128,b9185,022,64100,2c44,c4196,088,1e30,[00^31]96,[00^25]1
605171,589779,31,15392,[00^28]100,fa250,b3179,011
605203,566259,151,38944,[00^31]1,[00^31]32,[00^31]96,[00^12]125,4367,aa170,bc188,5181,5c92,3553,6197,4569,044,92146,2739,ce206,e5229,4b75,6096,83131,4266,c0192,ad173,[00^23]1
605354,602814,2,2540,003351,011
605363,566419,256,38944,[00^31]1,[00^31]32,[00^12]127,72114,e0224,d8216,e9233,ab171,f9249,1319,3a58,92146,3250,2b43,8b139,5080,bd189,8e142,0f15,9d157,cf207,cb203,[00^31]128,[00^62]1,[00^32]96,[00^12]125,4367,aa170,bc188,5181,5c92,3553,6197,4569,044,92146,2739,ce206,e5229,4b75,6096,83131,4266,c0192,ad173,011
605619,566675,12,38944,[00^12]1
605651,566707,107,38944,[00^31]1,[00^32]192,[00^42]1
605758,590981,2,14777,005888,011
605763,593443,16,12320,82130,e7231,088,80128,84132,2f47,8b139,80128,7f127,84132,2f47,8b139,80128,89137,83131,011,011
605809,588497,2,17312,00a4164,011
605815,605023,32,792,[00^31]2,011
605848,601176,46,4672,[00^39]113,022,f8248,6e110,82130,e7231,088,011
605895,593575,53,12320,84132,2f47,8b139,80128,7f127,84132,2f47,8b139,80128,89137,82130,eb235,86134,94148,1723,6298,1117,86134,9c156,a2162,b5181,68104,f2242,a7167,d4212,ee238,94148,1e30,077,3a58,82130,1e30,e1225,ff255,80128,b8184,4468,099,5e94,a7167,b3179,[00^12]1
605948,591420,48,14528,67103,8a138,a4164,bf191,4e78,2133,0c12,f2242,1622,67103,5383,e0224,5484,d5213,b7183,c3195,1c28,c7199,fa250,86134,[00^28]1
605996,584029,2,21967,001e30,011
606000,601328,55,4672,c0192,[00^45]1,3351,022,f9249,011,2f47,82130,e7231,088,011
606061,606056,4,5,84132,2e46,1319,1016,011
606066,603826,129,2240,82130,7e126,5484,94148,d1209,a3163,ab171,f4244,2f47,9e158,66102,be190,86134,cf207,de222,a8168,c5197,c2194,c7199,4f79,044,1c28,5e94,1420,80128,b9185,011,044,5b91,7d125,74116,82130,[00^31]64,[00^31]160,[00^31]64,6197,011
606195,545067,3,61128,65101,6197,3351,011
606200,603197,3,3003,6399,3048,6399,011
606203,589378,3,16825,66102,3957,66102,011
606207,603155,3,3052,6399,3452,3755,011
606213,603996,3,2217,6399,3755,6197,011
606216,592638,3,13578,3553,3856,3149,011
606223,592632,3,13591,3048,3149,3048,011
606227,579139,3,27088,65101,3957,3452,011
606236,603161,3,3075,6298,3856,3856,011
606239,604327,3,1912,3149,3755,6298,011
606242,579143,3,27099,3755,6399,3755,011
606248,544775,3,61473,3452,3654,65101,011
606253,592640,3,13613,3149,65101,66102,011
606258,606162,33,96,[00^31]64,6197,011
606291,601637,3,4654,64100,6298,6197,011
606297,568829,3,37468,3856,3553,65101,011
606300,556758,3,49542,3553,3351,3452,011
606306,568956,3,37350,3351,3856,3856,011
606314,604091,3,2223,3048,3856,3553,011
606321,592648,3,13673,65101,3553,3250,011
606329,545147,3,61182,66102,3452,3149,011
606334,603170,3,3164,3149,3250,3553,011
606339,568860,3,37479,3957,64100,3654,011
606343,601635,3,4708,6197,3452,64100,011
606346,569787,3,36559,65101,3553,6399,011
606355,551955,44,54400,[00^43]7,011
606399,567263,3,39136,9b155,022,f9249,011
606403,567267,4,39136,97151,82130,e7231,088,011
606409,606056,10,353,84132,2e46,1319,1016,5181,84132,2e46,1319,1016,5888,011
606423,552022,22,54401,94148,0c12,ab171,69105,77119,a9169,c7199,0e14,044,4569,8b139,74116,044,76118,b4180,98152,b2178,1420,011,96150,4165,86134,011
606450,552049,3,54401,00b9185,077,011
606454,552053,8,54401,a4164,d7215,3048,4165,[00^4]1
606462,595685,2,10777,0065101,011
606502,584950,20,21552,ee238,ee238,ee238,ee238,ee238,ee238,ee238,ee238,ee238,ee238,ee238,ee238,ee238,ee238,ee238,ee238,ee238,ee238,ee238,ee238,011
606534,552133,20,54401,75117,3856,2638,2a42,e9233,93147,ca202,1117,7a122,0e14,4872,1f31,90144,82130,099,1319,7a122,4670,2638,8e142,011
606558,606397,2,161,00077,011
606602,606558,1,44,00011
606618,552217,64,54401,[00^31]192,[00^30]6,80128,011
606683,605575,12,1108,[00^11]96,011
606714,552313,12,54401,003250,011,[00^6]200,033,e8232,011
606726,606470,20,256,2234,75117,fe254,022,4468,d7215,5b91,4266,df223,cf207,1723,74116,f5245,0c12,7b123,d8216,3f63,6e110,1622,3d61,011
606746,550136,7,56610,[00^6]90,011
606753,606446,5,307,db219,c8200,033,5888,00011
606758,598188,19,8570,[00^18]33,011
606778,606746,30,32,[00^6]90,db219,c8200,033,5888,[00^19]1
606810,606778,31,32,[00^6]90,db219,c8200,033,5888,[00^19]28,011
606842,606746,31,96,[00^6]90,db219,c8200,033,5888,[00^19]33,011
606874,606842,31,32,[00^6]90,db219,c8200,033,5888,[00^19]33,011
606906,606810,31,96,[00^6]90,db219,c8200,033,5888,[00^19]28,011
606938,606874,31,64,[00^6]90,db219,c8200,033,5888,[00^19]33,011
606970,606906,31,64,[00^6]90,db219,c8200,033,5888,[00^19]28,011
607002,606938,31,64,[00^6]90,db219,c8200,033,5888,[00^19]33,011
607034,606970,31,64,[00^6]90,db219,c8200,033,5888,[00^19]28,011
607066,607034,31,32,[00^6]90,db219,c8200,033,5888,[00^19]28,011
607098,607066,31,32,[00^6]90,db219,c8200,033,5888,[00^19]28,011
607130,607002,31,128,[00^6]90,db219,c8200,033,5888,[00^19]33,011
607162,607130,31,32,[00^6]90,db219,c8200,033,5888,[00^19]33,011
607194,607162,31,32,[00^6]90,db219,c8200,033,5888,[00^19]33,011
607226,607098,31,128,[00^6]90,db219,c8200,033,5888,[00^19]28,011
607258,607194,31,64,[00^6]90,db219,c8200,033,5888,[00^19]33,011
607290,607258,31,32,[00^6]90,db219,c8200,033,5888,[00^19]33,011
607322,607290,31,32,[00^6]90,db219,c8200,033,5888,[00^19]33,011
607354,607226,31,128,[00^6]90,db219,c8200,033,5888,[00^19]28,011
607386,607322,31,64,[00^6]90,db219,c8200,033,5888,[00^19]33,011
607418,607386,31,32,[00^6]90,db219,c8200,033,5888,[00^19]33,011
607450,607354,31,96,[00^6]90,db219,c8200,033,5888,[00^19]28,011
607482,607418,31,64,[00^6]90,db219,c8200,033,5888,[00^19]33,011
607514,607450,31,64,[00^6]90,db219,c8200,033,5888,[00^19]28,011
607546,607482,31,64,[00^6]90,db219,c8200,033,5888,[00^19]33,011
607578,607514,31,64,[00^6]90,db219,c8200,033,5888,[00^19]28,011
607610,607546,31,64,[00^6]90,db219,c8200,033,5888,[00^19]33,011
607642,607610,31,32,[00^6]90,db219,c8200,033,5888,[00^19]33,011
607674,607578,31,96,[00^6]90,db219,c8200,033,5888,[00^19]28,011
607706,607674,31,32,[00^6]90,db219,c8200,033,5888,[00^19]28,011
607738,607706,30,32,[00^6]90,db219,c8200,033,5888,[00^19]1
607770,607738,31,32,[00^6]90,db219,c8200,033,5888,[00^19]21,011
607802,607642,31,160,[00^6]90,db219,c8200,033,5888,[00^19]33,011
607834,607706,31,128,[00^6]90,db219,c8200,033,5888,[00^19]28,011
607866,607802,31,64,[00^6]90,db219,c8200,033,5888,[00^19]33,011
607898,607834,31,64,[00^6]90,db219,c8200,033,5888,[00^19]28,011
607930,607866,31,64,[00^6]90,db219,c8200,033,5888,[00^19]33,011
607962,607898,31,64,[00^6]90,db219,c8200,033,5888,[00^19]28,011
607994,607930,31,64,[00^6]90,db219,c8200,033,5888,[00^19]33,011
608026,607962,31,64,[00^6]90,db219,c8200,033,5888,[00^19]28,011
608058,607994,31,64,[00^6]90,db219,c8200,033,5888,[00^19]33,011
608090,608026,31,64,[00^6]90,db219,c8200,033,5888,[00^19]28,011
608122,608058,31,64,[00^6]90,db219,c8200,033,5888,[00^19]33,011
608154,608090,31,64,[00^6]90,db219,c8200,033,5888,[00^19]28,011
608186,608122,31,64,[00^6]90,db219,c8200,033,5888,[00^19]33,011
608218,608186,31,32,[00^6]90,db219,c8200,033,5888,[00^19]33,011
608250,608218,31,32,[00^6]90,db219,c8200,033,5888,[00^19]33,011
608282,607770,31,512,[00^6]90,db219,c8200,033,5888,[00^19]21,011
608313,606905,31,1408,71113,[00^6]90,db219,c8200,033,5888,[00^19]1
608346,602330,37,6016,c0192,[00^35]1,011
608383,594591,53,13792,0d13,f9249,011,0a10,011,84132,2a42,ea234,5484,0082130,9d157,78120,94148,088,72114,ec236,4468,2638,1016,3452,82130,a5165,0f15,2638,ff255,c3195,2a42,ce206,fc252,ec236,6197,b3179,c9201,80128,b8184,e4228,f2242,4266,4367,2a42,[00^12]1
608436,597148,20,11288,3a58,a9169,5a90,fd253,a9169,6a106,d4212,a7167,5585,2234,d8216,f5245,4b75,6b107,8c140,88136,67103,f0240,5282,6c108,011
608456,570248,256,38208,[00^12]174,c3195,ca202,ce206,f9249,4569,7f127,f2242,82130,1d29,9f159,85133,4266,9c156,e3227,d9217,0b11,001420,5989,[00^31]5,[00^31]1,[00^31]160,[00^64]130,e7231,088,80128,80128,[00^49]1,0d13,f9249,011,0a10,011,84132,2a42,ea234,5484,011
608712,570504,44,38208,0082130,9d157,78120,94148,088,72114,ec236,4468,2638,1016,3452,82130,a5165,0f15,2638,ff255,c3195,2a42,ce206,fc252,ec236,6197,b3179,c9201,80128,b8184,e4228,f2242,4266,4367,2a42,[00^12]1
608756,597088,20,11668,b1177,a8168,a2162,6c108,3f63,e0224,a1161,4266,d7215,1016,5383,bc188,c8200,66102,4165,088,d4212,cd205,4569,75117,011
608776,594664,256,14112,[00^12]174,c3195,ca202,ce206,f9249,4569,7f127,f2242,82130,1d29,9f159,85133,4266,9c156,e3227,d9217,0b11,001420,5989,[00^31]5,[00^31]1,[00^31]160,[00^64]130,e7231,088,80128,80128,[00^49]1,ef239,f9249,011,ec236,80128,84132,2a42,ea234,5484,011
609032,594920,225,14112,0083131,011,5f95,90144,94148,088,72114,ec236,4468,2638,1016,3452,82130,a5165,0f15,2638,ff255,c3195,2a42,ce206,fc252,ec236,6197,b3179,c9201,80128,b9185,011,c4196,d4212,df223,d6214,bc188,[00^127]1,[00^31]1,[00^28]101,1420,1420,011
609258,546730,161,62528,[00^63]5,[00^62]1,4064,[00^31]65,fc252,011
609482,594506,138,14976,1b27,[00^31]130,e7231,088,80128,80128,[00^47]1,0d13,f9249,011,0a10,011,84132,2a42,ea234,5484,0082130,9d157,78120,94148,088,72114,ec236,4468,2638,1016,3452,82130,a5165,0f15,2638,ff255,c3195,2a42,ce206,fc252,ec236,6197,b3179,c9201,80128,b8184,e4228,f2242,4266,4367,2a42,[00^12]1
609620,597128,20,12492,c0192,4165,67103,088,b0176,f6246,4367,1117,96150,088,1622,77119,4973,90144,6c108,5181,5b91,81129,98152,99153,011
609640,608776,256,864,[00^12]174,c3195,ca202,ce206,f9249,4569,7f127,f2242,82130,1d29,9f159,85133,4266,9c156,e3227,d9217,0b11,001420,5989,[00^31]5,[00^31]1,[00^31]160,[00^64]130,e7231,088,80128,80128,[00^49]1,ef239,f9249,011,ec236,80128,84132,2a42,ea234,5484,011
609896,609032,224,864,0083131,011,5f95,90144,94148,088,72114,ec236,4468,2638,1016,3452,82130,a5165,0f15,2638,ff255,c3195,2a42,ce206,fc252,ec236,6197,b3179,c9201,80128,b9185,011,c4196,d4212,df223,d6214,bc188,[00^127]1,[00^31]1,[00^28]101,1420,011
610122,595690,161,14432,[00^63]5,[00^62]1,4064,[00^31]65,4468,011
610346,582346,87,28000,1b27,[00^31]130,e7231,088,80128,80128,[00^48]44,eb235,011
610433,596385,10,14048,4e78,84132,2a42,ea234,5484,0082130,5282,088,94148,011
610463,596319,66,14144,86134,5a90,f3243,1016,7a122,4064,0080128,82130,e7231,088,80128,80128,[00^51]44,eb235,011
610530,610434,9,96,84132,2a42,ea234,5484,0082130,5282,088,94148,011
610559,560351,77,50208,86134,5a90,f3243,1016,7a122,4064,0080128,82130,e7231,088,80128,80128,[00^50]1,ef239,f9249,011,ec236,80128,84132,2a42,ea234,5484,0083131,011,5989,011
610636,554005,221,56631,1c28,94148,088,72114,ec236,4468,2638,1016,3452,82130,a5165,0f15,2638,ff255,c3195,2a42,ce206,fc252,ec236,6197,b3179,c9201,80128,b9185,011,c4196,d4212,df223,d6214,bc188,[00^127]1,[00^31]1,[00^28]101,2234,1117,011
610858,610122,160,736,[00^63]5,[00^62]1,4064,[00^31]65,011
611082,610346,85,736,1b27,[00^31]130,e7231,088,80128,80128,[00^48]1
611167,605815,32,5352,[00^31]2,011
611200,598769,20,12431,8c140,d3211,98152,f7247,b6182,a8168,69105,ad173,a2162,4670,81129,8a138,6e110,e3227,f2242,6399,4670,de222,3c60,a9169,011
611220,599146,20,12074,4367,71113,b5181,6399,2537,fe254,93147,3553,e9233,1d29,5f95,87135,ae174,d5213,4064,3f63,cd205,be190,a8168,66102,011
611240,582812,20,28428,e9233,3654,85133,f3243,bb187,a0160,3048,1622,f0240,2b43,d1209,82130,8b139,ad173,d6214,1925,5989,88136,d9217,5080,011
611260,611240,20,20,e9233,3654,85133,f3243,bb187,a0160,3048,1622,f0240,2b43,d1209,82130,8b139,ad173,d6214,1925,5989,88136,d9217,5080,011
611280,600958,20,10322,e8232,1521,2638,4a74,1622,e1225,5d93,d1209,d8216,c9201,4064,4973,055,4367,2a42,0d13,6096,fa250,d9217,2b43,011
611317,600754,2,10563,00b7183,011
611340,602026,20,9314,3755,64100,6399,033,077,e5229,099,5d93,5f95,0a10,088,91145,5484,3b59,7e126,d4212,1723,3856,d6214,9f159,011
611360,602608,20,8752,4569,dd221,f2242,1723,e4228,5b91,6096,98152,c7199,f8248,2e46,0d13,e4228,75117,ac172,4c76,73115,7a122,2032,d8216,011
611480,572712,20,38768,f8248,c2194,f5245,6197,74116,088,d9217,4e78,011,099,c0192,1622,a5165,80128,6d109,e1225,099,2335,93147,5080,011
611540,604959,20,6581,7f127,a2162,a0160,db219,85133,e3227,de222,e0224,5c92,6a106,da218,4973,5383,91145,f8248,da218,f9249,95149,ac172,df223,011
611560,605631,20,5929,84132,1622,7e126,2739,6f111,9f159,4f79,ce206,088,2537,a5165,9b155,6197,ee238,6197,c4196,a0160,96150,6e110,91145,011
611611,569338,2,42273,0085133,011
611640,606490,8,5150,84132,ff255,5b91,0a10,81129,6298,e6230,0a10,011
611648,606522,12,5126,fc252,5989,9a154,d9217,8d141,72114,099,ee238,b3179,6a106,6a106,1420,011
611660,608436,20,3224,3a58,a9169,5a90,fd253,a9169,6a106,d4212,a7167,5585,2234,d8216,f5245,4b75,6b107,8c140,88136,67103,f0240,5282,6c108,011
611680,608756,20,2924,b1177,a8168,a2162,6c108,3f63,e0224,a1161,4266,d7215,1016,5383,bc188,c8200,66102,4165,088,d4212,cd205,4569,75117,011
611700,596299,20,15401,a5165,86134,6a106,c5197,1622,3957,5d93,4e78,1f31,5484,d2210,3856,1319,eb235,c3195,bd189,9a154,d0208,77119,95149,011
611720,609620,20,2100,c0192,4165,67103,088,b0176,f6246,4367,1117,96150,088,1622,77119,4973,90144,6c108,5181,5b91,81129,98152,99153,011
611740,596395,20,15345,4973,8f143,002840,4b75,4c76,a8168,4b75,b6182,00055,87135,6e110,97151,d4212,d7215,dd221,4367,9d157,5d93,011
611760,573132,20,38628,b2178,68104,e0224,6d109,d9217,82130,6e110,7c124,4771,c4196,b6182,bb187,c9201,f1241,6d109,f2242,d3211,bd189,c9201,ae174,011
611780,573092,20,38688,1622,1d29,bc188,3f63,77119,0d13,c9201,72114,88136,ee238,d3211,c8200,64100,da218,ba186,6197,8a138,2032,9a154,2436,011
611800,596493,20,15307,79121,044,1117,0c12,a2162,74116,b7183,d2210,2840,3553,97151,4973,8e142,75117,2a42,8c140,c1193,91145,3856,5989,011
611820,611146,52,674,[00^52]1
c0000000000000000000000000000000000000000000000000000000000000000000000000000000000000003102ef82e708
493479,431430,88,62049,842f8de966842f8de96f83010b3694cce9d3f392c135dc038b147ca73ec496f7f89d938084183ff085c000000000000000000000000000000000000000000000000000000000000000000000000000000000000000000000
493567,467903,3,25664,ecf8ea
493576,467912,43,25664,829b28940872ec4426103482a50f26ffc32acefcec61b3c980b8c4f242432a000000000000000000000000
493630,493329,2,301,0044
493639,487282,13,6357,0000000000000000000000001a
493671,468007,183,25664,0000000000000000000000000000000000000000000000000000000000000005000000000000000000000000000000000000000000000000000000000000000100000000000000000000000000000000000000000000000000000000000000a0000000000000000000000000000000000000000000000000000000000000000082e70880800000000000000000000000000000000000000000000000000000000000000000000000000000000000000000000000000000
493854,482942,54,10912,010df9010a01842aea5400829d78940872ec4426103482a50f26ffc32acefcec61b3c980b8e4f242432a000000000000000000000000
493910,486621,2,7289,0028
493917,493701,2,216,0005
493928,482376,256,11552,000000000000000000000000aec3cacef9457ff2821d9f85429ce3d90b0014590000000000000000000000000000000000000000000000000000000000000005000000000000000000000000000000000000000000000000000000000000000100000000000000000000000000000000000000000000000000000000000000a00000000000000000000000000000000000000000000000000000000000000000000000000000000000000000000000000000000000000000000000000000000082e708808000000000000000000000000000000000000000000000000000000000000000000000000000000000000000000000000000010df9010a01842aea54
494184,482632,45,11552,00829d78940872ec4426103482a50f26ffc32acefcec61b3c980b8e4f242432a000000000000000000000000a5
494248,465704,256,28544,000000000000000000000000aec3cacef9457ff2821d9f85429ce3d90b0014590000000000000000000000000000000000000000000000000000000000000005000000000000000000000000000000000000000000000000000000000000000100000000000000000000000000000000000000000000000000000000000000a00000000000000000000000000000000000000000000000000000000000000000000000000000000000000000000000000000000000000000000000000000000082e70880800000000000000000000000000000000000000000000000000000000000000000000000000000000000000000000000000001eff901ec80842aea54
494504,465960,225,28544,0083015f90940872ec4426103482a50f26ffc32acefcec61b3c980b901c4d4dfd6bc0000000000000000000000000000000000000000000000000000000000000000000000000000000000000000000000000000000000000000000000000000000000000000000000000000000000000000000000000000000000000000000000000000000000000000000000000000000000000000000000000000000000000001000000000000000000000000000000000000000000000000000000000000000100000000000000000000000000000000000000000000000000000000651415
494730,491507,160,3223,00000000000000000000000000000000000000000000000000000000000000000000000000000000000000000000000000000000000000000000000000000005000000000000000000000000000000000000000000000000000000000000000000000000000000000000000000000000000000000000000000000000000001400000000000000000000000000000000000000000000000000000000000000041
494924,486491,3,8433,efef27
494954,451114,85,43840,1c0000000000000000000000000000000000000000000000000000000000000082e7088080000000000000000000000000000000000000000000000000000000000000000000000000000000000000000000000000
495039,467903,52,27136,ecf8ea01842aea5400829b28940872ec4426103482a50f26ffc32acefcec61b3c980b8c4f242432a000000000000000000000000
495111,467975,215,27136,00000000000000000000000001e4a663fffaf1430d3a36588b2c14b72231d8b40000000000000000000000000000000000000000000000000000000000000005000000000000000000000000000000000000000000000000000000000000000100000000000000000000000000000000000000000000000000000000000000a0000000000000000000000000000000000000000000000000000000000000000082e70880800000000000000000000000000000000000000000000000000000000000000000000000000000000000000000000000000000
495326,494494,235,832,01eff901ec80842aea540083015f90940872ec4426103482a50f26ffc32acefcec61b3c980b901c4d4dfd6bc0000000000000000000000000000000000000000000000000000000000000000000000000000000000000000000000000000000000000000000000000000000000000000000000000000000000000000000000000000000000000000000000000000000000000000000000000000000000000000000000000000000000000001000000000000000000000000000000000000000000000000000000000000000100000000000000000000000000000000000000000000000000000000651415
495562,450890,161,44672,000000000000000000000000000000000000000000000000000000000000000000000000000000000000000000000000000000000000000000000000000000050000000000000000000000000000000000000000000000000000000000000000000000000000000000000000000000000000000000000000000000000000014000000000000000000000000000000000000000000000000000000000000000412f
495786,451114,87,44672,1c0000000000000000000000000000000000000000000000000000000000000082e70880800000000000000000000000000000000000000000000000000000000000000000000000000000000000000000000000002ceb
495873,451297,10,44576,50842aea540082520894
495903,468415,68,27488,865af3107a40008082e70880800000000000000000000000000000000000000000000000000000000000000000000000000000000000000000000000000000002eed8202
495972,495874,9,98,842aea540082520894
496001,468513,62,27488,8654953ff6d0008082e708808000000000000000000000000000000000000000000000000000000000000000000000000000000000000000000000000000
496063,495871,12,192,2ceb50842aea540082520894
496095,451231,76,44864,865af3107a40008082e70880800000000000000000000000000000000000000000000000000000000000000000000000000000000000000000000000000000002ceb50842aea540082520894
496191,485023,76,11168,865af3107a40008082e7088080000000000000000000000000000000000000000000000000000000000000000000000000000000000000000000000000000001eff901ec80842aea54008301
496267,483275,222,12992,5f90940872ec4426103482a50f26ffc32acefcec61b3c980b901c4d4dfd6bc0000000000000000000000000000000000000000000000000000000000000000000000000000000000000000000000000000000000000000000000000000000000000000000000000000000000000000000000000000000000000000000000000000000000000000000000000000000000000000000000000000000000000001000000000000000000000000000000000000000000000000000000000000000100000000000000000000000000000000000000000000000000000000651417
496490,483498,161,12992,00000000000000000000000000000000000000000000000000000000000000000000000000000000000000000000000000000000000000000000000000000005000000000000000000000000000000000000000000000000000000000000000000000000000000000000000000000000000000000000000000000000000001400000000000000000000000000000000000000000000000000000000000000041de
496714,495786,85,928,1c0000000000000000000000000000000000000000000000000000000000000082e7088080000000000000000000000000000000000000000000000000000000000000000000000000000000000000000000000000
496799,493143,32,3656,0000000000000000000000000000000000000000000000000000000000000002
496832,436080,20,60752,fb52e6f695e64088939c0665fd711c929bedc579
496892,488125,20,8767,c5424956e7b964f6701e5f104614144dc4f6c7bf
497023,496829,1,194,00
497032,436260,20,60772,89a4bc5894638349219fac69d0c1df27204d6800
497052,490329,20,6723,240f58621fcb510fd96c58983e93234525d12ce7
497072,436160,20,60912,b1cb55b33bfaf20d55b20df30741fab5e28d6afd
497092,491135,20,5957,84167e276f9f4fce0825a59b61ee61c4a0966e91
497132,492250,20,4882,768710eb054f278b2d787042d13af6389f80b953
497152,493379,20,3773,905ef06810b5d168d0c8d351593ed5d1880dbc28
497192,493619,20,3573,e6b059b8bb287fcde78f7e0044fe67493f12cfd0
497212,493908,20,3304,498f00284b4ca84bb60005876e97d4d7dd439d5d
497232,494228,20,3004,a5866ac516395d4e1f54d23813ebc3bd9ad07795
497272,495091,20,2181,7904110ca274b7d2283597498e752a8cc1913859
497312,469248,40,28064,c65347b43019f8f453d7b486d259fd6146da334e01e4a663fffaf1430d3a36588b2c14b72231d8b4
497352,469228,20,28124,f269e8574583c27fe74b69b3f998a64efd8d0448
497372,469208,20,28164,40082e6f1c15d2b27b3de80cb7ad04e9ed121900
497412,496770,60,642,000000000000000000000000000000000000000000000000000000000000000000000000000000000000000000000000000000000000000000000000
497504,486496,31,11008,0000000000000000000000000000000000000000000000000000000064fa84
497536,491732,62,5804,00000000000000000000000000000000000000000000000000000000000000c0000000000000000000000000000000000000000000000000000000000000
497600,470432,31,27168,0000000000000000000000000000000000000000000000000000000000003b
497631,497536,31,95,00000000000000000000000000000000000000000000000000000000000000
497663,436831,96,60832,60000000000000000000000000000000000000000000000000000000000000001c000000000000000000000000000000000000000000000000000000000000038000000000000000000000000000000000000000000000000000000000000004
497760,473305,32,24455,0000000000000000000000000000000000000000000000000000000000000680
497792,486912,31,10880,00000000000000000000000000000000000000000000000000000000000008
497824,486944,31,10880,00000000000000000000000000000000000000000000000000000000000009
497856,487136,31,10720,00000000000000000000000000000000000000000000000000000000000011
497888,443565,31,54323,00000000000000000000000000000000000000000000000000000000000012
497920,475909,31,22011,00000000000000000000000000000000000000000000000000000000000016
497951,497664,31,287,00000000000000000000000000000000000000000000000000000000000000
497984,486657,61,11327,0000000000000000000000000000000000000000000000000000000000001d000000000000000000000000000000000000000000000000000000000000
498045,498013,2,32,001d
498048,437024,62,61024,0000000000000000000000000000000000000000000000000000000000001ec0000000000000000000000000000000000000000000000000000000000000
498111,487391,32,10720,6000000000000000000000000000000000000000000000000000000000000020
498143,437055,32,61088,c000000000000000000000000000000000000000000000000000000000000022
498175,492570,32,5605,0000000000000000000000000000000000000000000000000000000000000022
498208,470048,31,28160,00000000000000000000000000000000000000000000000000000000000029
498240,497442,31,798,0000000000000000000000000000000000000000000000000000000000002b
498272,496129,31,2143,0000000000000000000000000000000000000000000000000000000000002c
498303,437471,32,60832,600000000000000000000000000000000000000000000000000000000000002d
498335,495936,32,2399,000000000000000000000000000000000000000000000000000000000000002e
498368,453056,31,45312,0000000000000000000000000000000000000000000000000000000000002f
498400,481057,31,17343,00000000000000000000000000000000000000000000000000000000000030
498432,470272,62,28160,00000000000000000000000000000000000000000000000000000000000032e0000000000000000000000000000000000000000000000000000000000000
498494,453182,64,45312,35000000000000000000000000000000000000000000000000000000000000003720000000000000000000000000000000000000000000000000000000000000
498560,437664,62,60896,00000000000000000000000000000000000000000000000000000000000037e0000000000000000000000000000000000000000000000000000000000000
498622,487646,4,10976,006df86b
498627,442950,6,55677,843b9aca0083
498637,493091,20,5546,e5d7c2a44ffddf6b295a15c148167daaaf5cf34f
498657,489961,3,8696,80b844
498664,447256,13,51408,00000000000000000000000078
498696,495239,86,3457,000000000000000000000000000000000000000000000000000000000000000082e708808000000000000000000000000000000000000000000000000000000000000000000000000000000000000000000000000000
498782,470558,8,28224,0232f9022f830306
498796,470572,128,28224,83048d9c94cb566e3b6934fa77258d68ea18e931fa75e1aaaa80b902046c459a2800000000000000000000000038de71124f7a447a01d67945a51edce9ff49125100000000000000000000000000000000000000000000000000000000000000800000000000000000000000000000000000000000000000000000000064fad9
498925,454829,100,44096,00000000000000000000000000000000000000000000000000000000000001400000000000000000000000000000000000000000000000000000000000000084704316e5000000000000000000000000000000000000000000000000000000000000006f
499057,492218,32,6839,0000000000000000000000000000000000000000000000000000000000000014
499089,499025,63,64,5529b49f453f19c5ac10c10beb732d97a60a889c0da412f33b03721bb1a75dc400000000000000000000000000000000000000000000000000000000000000
499152,498700,29,452,0000000000000000000000000000000000000000000000000000000082
499310,454606,88,44704,1b00000000000000000000000000000000000000000000000000000000000082e708808000000000000000000000000000000000000000000000000000000000000000000000000000000000000000000232f9022f830306
499398,443814,3,55584,3d843a
499404,498796,228,608,83048d9c94cb566e3b6934fa77258d68ea18e931fa75e1aaaa80b902046c459a2800000000000000000000000038de71124f7a447a01d67945a51edce9ff49125100000000000000000000000000000000000000000000000000000000000000800000000000000000000000000000000000000000000000000000000064fad95100000000000000000000000000000000000000000000000000000000000001400000000000000000000000000000000000000000000000000000000000000084704316e500000000000000000000000000000000000000000000000000000000000000
499665,470833,32,28832,000000000000000000000000000000000000000000000000000000000000000a
499697,499633,63,64,ca74abfdb4b02df5e462b0cdf2c103491864369787e319c1ca39a04c8211ede800000000000000000000000000000000000000000000000000000000000000
499760,499313,29,447,0000000000000000000000000000000000000000000000000000000082
499918,455214,84,44704,1c00000000000000000000000000000000000000000000000000000000000082e70880800000000000000000000000000000000000000000000000000000000000000000000000000000000000000000006df86b
500003,445731,49,54272,8435a4e9008301635394176211869ca2b568f2a7d4ee941e073a821ee1ff80b844095ea7b3000000000000000000000000
500052,462487,20,37565,6131b5fae19ea4f9d964eac0408e4408b66337b5
500072,487720,86,12352,ffffffffffffffffffffffffffffffffffffffffffffffffffffffffffffffff82e708808000000000000000000000000000000000000000000000000000000000000000000000000000000000000000000000000000
500158,473054,9,27104,079e02f9079a82e708
500173,500168,4,5,843109cb
500182,473078,41,27104,940cab6977a9c70e04458b740476b498b21401964186accdd281e000b90768a4d73041000000000acd
500225,473121,3,27104,64f83b
500229,473381,20,26848,fe952def1c0e295048374ccd0b8ebe7001f1123e
500257,473153,3,27104,651fc8
500261,478466,20,21795,eeeeeeeeeeeeeeeeeeeeeeeeeeeeeeeeeeeeeeee
500293,473189,20,27104,7538262ae993ca117a0e481f908209137a46268e
500377,473273,64,27104,00000000000000000000000000000000000000000000000000000000000000c00000000000000000000000000000000000000000000000000000000000000680
500442,473338,93,27104,000000000000000000000023e0c0e69d69659089f15f1c90c52909d3131888003201000000000000c803e8fe952def1c0e295048374ccd0b8ebe7001f1123e000000000000accdd281e000000000000000000000000000000000000000
500537,474937,31,25600,000000000000accdd281e00000000000000000000000000000000000000010
500569,500537,31,32,000000000000accdd281e00000000000000000000000000000000000000010
500601,500569,31,32,000000000000accdd281e00000000000000000000000000000000000000010
500633,500505,31,128,000000000000accdd281e00000000000000000000000000000000000000009
500665,500633,31,32,000000000000accdd281e00000000000000000000000000000000000000009
500697,474969,31,25728,000000000000accdd281e0000000000000000000000000000000000000000d
500729,474777,31,25952,000000000000accdd281e00000000000000000000000000000000000000007
500761,500729,31,32,000000000000accdd281e00000000000000000000000000000000000000007
500793,500601,31,192,000000000000accdd281e00000000000000000000000000000000000000010
500825,500761,31,64,000000000000accdd281e00000000000000000000000000000000000000007
500857,500697,31,160,000000000000accdd281e0000000000000000000000000000000000000000d
500889,474841,31,26048,000000000000accdd281e00000000000000000000000000000000000000012
500921,500793,31,128,000000000000accdd281e00000000000000000000000000000000000000010
500953,500825,31,128,000000000000accdd281e00000000000000000000000000000000000000007
500985,500857,31,128,000000000000accdd281e0000000000000000000000000000000000000000d
501017,500889,31,128,000000000000accdd281e00000000000000000000000000000000000000012
501049,500921,31,128,000000000000accdd281e00000000000000000000000000000000000000010
501081,500985,31,96,000000000000accdd281e0000000000000000000000000000000000000000d
501113,501017,31,96,000000000000accdd281e00000000000000000000000000000000000000012
501145,501049,31,96,000000000000accdd281e00000000000000000000000000000000000000010
501177,501081,31,96,000000000000accdd281e0000000000000000000000000000000000000000d
501209,500953,31,256,000000000000accdd281e00000000000000000000000000000000000000007
501241,501113,31,128,000000000000accdd281e00000000000000000000000000000000000000012
501273,501177,31,96,000000000000accdd281e0000000000000000000000000000000000000000d
501305,501241,31,64,000000000000accdd281e00000000000000000000000000000000000000012
501337,501209,31,128,000000000000accdd281e00000000000000000000000000000000000000007
501369,501273,31,96,000000000000accdd281e0000000000000000000000000000000000000000d
501401,501337,31,64,000000000000accdd281e00000000000000000000000000000000000000007
501433,501305,31,128,000000000000accdd281e00000000000000000000000000000000000000012
501465,501145,31,320,000000000000accdd281e00000000000000000000000000000000000000010
501497,501369,31,128,000000000000accdd281e0000000000000000000000000000000000000000d
501529,501401,31,128,000000000000accdd281e00000000000000000000000000000000000000007
501561,501465,31,96,000000000000accdd281e00000000000000000000000000000000000000010
501593,501529,31,64,000000000000accdd281e00000000000000000000000000000000000000007
501625,501497,31,128,000000000000accdd281e0000000000000000000000000000000000000000d
501657,501433,31,224,000000000000accdd281e00000000000000000000000000000000000000012
501689,501657,31,32,000000000000accdd281e00000000000000000000000000000000000000012
501721,501689,31,32,000000000000accdd281e00000000000000000000000000000000000000012
501753,501721,31,32,000000000000accdd281e00000000000000000000000000000000000000012
501785,501625,31,160,000000000000accdd281e0000000000000000000000000000000000000000d
501817,501753,31,64,000000000000accdd281e00000000000000000000000000000000000000012
501849,501817,31,32,000000000000accdd281e00000000000000000000000000000000000000012
501881,473753,31,28128,000000000000accdd281e0000000000000000000000000000000000000000c
501913,500665,31,1248,000000000000accdd281e00000000000000000000000000000000000000009
501945,501881,31,64,000000000000accdd281e0000000000000000000000000000000000000000c
501977,501849,31,128,000000000000accdd281e00000000000000000000000000000000000000012
502009,501913,31,96,000000000000accdd281e00000000000000000000000000000000000000009
502041,501945,31,96,000000000000accdd281e0000000000000000000000000000000000000000c
502073,502009,31,64,000000000000accdd281e00000000000000000000000000000000000000009
502105,475001,37,27104,801aa9b9c00000000000000000000000000000000000000000000000000000000000000000
502148,487810,5,14338,84310711fd
502184,499630,3,2554,0000b8
502192,493079,44,9113,000000000000000000000000e5d7c2a44ffddf6b295a15c148167daaaf5cf34f000000000000000000000000
502236,493059,32,9177,176211869ca2b568f2a7d4ee941e073a821ee1ff000000000000000000000000
502288,462899,31,39389,0000000000000000000000000000000000000000000000000000000064fa89
502320,497925,26,4395,0000000000000000000000000000000000000000000000000016
502346,502180,6,166,bcc41e900000
502352,495209,30,7143,0000000000000000000000000000000000000000000000000000000000a0
502384,498696,78,3688,000000000000000000000000000000000000000000000000000000000000000082e70880800000000000000000000000000000000000000000000000000000000000000000000000000000000000
502462,464734,9,37728,035b02f9035782e708
502472,502148,5,324,84310711fd
502477,502148,6,329,84310711fd83
502483,464755,25,37728,0274c9941d0188c4b276a09366d05d6be06af61a73bc753587
502514,477361,148,25153,00b90324d3115a8a000000000000000000000000000000000000000000000000000000000000006000000000000000000000000000000000000000000000000000000000000000c000000000000000000000000000000000000000000000000000000000000001200000000000000000000000000000000000000000000000000000000000000002000000000000000000000000
502662,464934,256,37728,176211869ca2b568f2a7d4ee941e073a821ee1ffeeeeeeeeeeeeeeeeeeeeeeeeeeeeeeeeeeeeeeeeeeeeeeeeeeeeeeeeeeeeeeee000000000000000000000000000000000000000000000000000000000000000200000000000000000000000000000000000000000000000000000000000000000000000000000000000000000000000000000000000000000000000000000000000000000000000000000000000000000000000000000000000000000000000200000000000000000000000000000000000000000000000000000000000000400000000000000000000000000000000000000000000000000000000000000120000000000000000000000000
502918,465190,256,37728,e2c67a9b15e9e7ff8a9cb0dfb8fee5609923e5db000000000000000000000000000000000000000000000000000000000000006000000000000000000000000000000000000000000000000000000000000000c00000000000000000000000000000000000000000000000000000000000000002000100000000000000000000000000007fffffffffffffffffffffffffffffff010200000000000000000000000000007fffffffffffffffffffffffffffffff00000000000000000000000000000000000000000000000000000000000000000500000000000000000000000000000000000000000000000000000000000000000000000000000000000000
503174,465446,112,37728,000000000000000000000000000000000000006000000000000000000000000000000000000000000000000000000000000000a0000000000000000000000000000000000000000000000000000000000000000100010000000000000000000000000000ffffffffffffffffffffffff
503290,477242,69,26048,0000000000000000000000000000000000000000000000000000000000000000c0000000000000000000000000000000000000000000000000000000000000000000000003
503359,462463,3,40896,5402f9
503363,462467,4,40896,5082e708
503368,502472,12,896,84310711fd84310711fd8302
503382,502486,21,896,941d0188c4b276a09366d05d6be06af61a73bc7535
503403,481227,3,22176,80b903
503406,502517,145,889,24d3115a8a000000000000000000000000000000000000000000000000000000000000006000000000000000000000000000000000000000000000000000000000000000c000000000000000000000000000000000000000000000000000000000000001200000000000000000000000000000000000000000000000000000000000000002000000000000000000000000
503551,476454,20,27097,cc22f6aa610d1b2a0e89ef228079cb3e1831b1d1
503571,502682,87,889,eeeeeeeeeeeeeeeeeeeeeeeeeeeeeeeeeeeeeeeeeeeeeeeeeeeeeeeeeeeeeeee00000000000000000000000000000000000000000000000000000000000000020000000000000000000000000000000000000000000000
503667,502778,140,889,0000000000000000000000000000000000000000000000000000000000000000000000000000000000000000000000000000000000000000000000000000000200000000000000000000000000000000000000000000000000000000000000400000000000000000000000000000000000000000000000000000000000000120000000000000000000000000
503827,502938,97,889,000000000000000000000000000000000000000000000000000000000000006000000000000000000000000000000000000000000000000000000000000000c0000000000000000000000000000000000000000000000000000000000000000200
503924,503067,31,857,0200000000000000000000000000007fffffffffffffffffffffffffffffff
503956,503035,31,921,0100000000000000000000000000007fffffffffffffffffffffffffffffff
503987,503098,160,889,00000000000000000000000000000000000000000000000000000000000000000500000000000000000000000000000000000000000000000000000000000000000000000000000000000000000000000000000000000000000000000000006000000000000000000000000000000000000000000000000000000000000000a00000000000000000000000000000000000000000000000000000000000000001
504148,503259,24,889,010000000000000000000000000000ffffffffffffffffff
504179,491187,75,12992,0000000000000000000000000000000000000000000000000000000000000000c0000000000000000000000000000000000000000000000000000000000000000000000000000000000000
504256,503360,3,896,02f903
504260,503364,3,896,82e708
504264,503373,4,891,84310711
504269,504264,3,5,843107
504278,500182,22,4096,940cab6977a9c70e04458b740476b498b21401964186
504304,458993,4,45311,8000b903
504313,439930,95,64383,0000000000000000000000000000000000000000000000000000000000000100000000000000000000000000000000000000000000000000000000000000000000000000000000000000000000000000000000000000000000000000000000
504473,501579,13,2894,00000000000000000000000010
504505,496394,62,8111,0000000000000000000000000000000000000000000000000000000000000001000000000000000000000000000000000000000000000000000000000000
504568,504523,14,45,0000000000000000000000000001
504582,469269,75,35313,e4a663fffaf1430d3a36588b2c14b72231d8b40000000000000000000000000000000000000000000000000000000000000000000000000000000000000000000000000000000000000000
504657,497532,3,7125,64fa84
504665,504626,31,39,00000000000000000000000000000000000000000000000000000000000000
504697,478454,57,26243,000000000000000000000000eeeeeeeeeeeeeeeeeeeeeeeeeeeeeeeeeeeeeeee00000000000000000000000000000000000000000000000000
504759,462962,33,41797,800000000000000000000000000000000000000000000000000000000000000001
504793,497810,13,6983,00000000000000000000000008
504806,496271,19,8535,72ec4426103482a50f26ffc32acefcec61b3c9
504825,503988,63,837,000000000000000000000000000000000000000000000000000000000000000500000000000000000000000000000000000000000000000000000000000000
504889,490867,76,14022,00000000000000000000000000000000000000000000000000000000000000010000000000000000000000000000000000000000000000000000000000000020000000000000000000000000
504965,500293,20,4672,7538262ae993ca117a0e481f908209137a46268e
504985,440180,27,64805,0000000000000000000000000000000000000000000000000000d0
505012,504301,5,711,17a6b98000
505017,459162,89,45855,0000000000000000000000000000000000000000000000000000000000000060000000000000000000000000000000000000000000000000000000000000000000000000000000000000000000000000000000000000000000
505106,499493,8,5613,0000000000000080
505114,502106,36,3008,1aa9b9c00000000000000000000000000000000000000000000000000000000000000000
505150,490858,2,14292,0033
505154,456932,6,48222,82e708038430
505163,505158,4,5,84300e49
505168,482224,5,22944,82520894f3
505200,488815,46,16385,0080c000000000000000000000000000000000000000000000000000000000000000000000000000000000000000
505246,489566,9,15680,013302f9012f82e708
505261,505256,4,5,842f8e89
505266,489586,128,15680,827e5494d1a3abf42f9e66be86cfdea8c5c2c74f041c5e1480b901045b7d7482000000000000000000000000000000000000000000000000000000000000004000000000000000000000000000000000000000000000000000000000000000a00000000000000000000000000000000000000000000000000000000000000040
505395,489862,3,15533,666661
505410,460152,3,45258,343866
505426,458862,3,46564,376265
505429,489034,3,16395,653833
505440,489837,4,15603,62393134
505444,489129,3,16315,633765
505455,505405,3,50,616633
505458,479794,33,25664,000000000000000000000000000000000000000000000000000000000000004039
505491,447544,3,57947,373637
505494,458773,3,46721,623165
505505,505417,3,88,383462
505510,489397,3,16113,623766
505514,479922,3,25592,633630
505526,460114,3,45412,306336
505538,460118,3,45420,663135
505545,448343,3,57202,613465
505555,505069,44,486,0000000000000000000000000000000000000000000000000000000000000000000000000000000000000000
505599,490399,10,15200,7902f87682e70801842f
505609,505258,8,351,8e89be842f8e89c8
505617,490417,141,15200,8305337194009a0b7c38b542208936f1179151cd08e294383387071afd498d0000b844f2b9fdb8000000000000000000000000c7d8489dae3d2ebef075b1db2257e2c231c9d23100000000000000000000000000000000000000000000000000071afd498d0000c000000000000000000000000000000000000000000000000000000000000000000000000000
505758,446590,148,59168,013302f9012f82e70809842f8de966842f8de96f827e5494d1a3abf42f9e66be86cfdea8c5c2c74f041c5e1480b901045b7d7482000000000000000000000000000000000000000000000000000000000000004000000000000000000000000000000000000000000000000000000000000000a00000000000000000000000000000000000000000000000000000000000000040
505906,489810,64,16096,65636539343836613635643937356231303739386135366461353562393134353732636461383965386231396530663138356236666661343366333035643136
505970,489682,96,16288,000000000000000000000000000000000000000000000000000000000000004062626331343332653936623630323131363630623031303532343330383962396137316138313332363931303439663366333633393930313331633164613233
506066,460274,56,45792,c000000000000000000000000000000000000000000000000000000000000000000000000000000000000000011a02f9011682e70880842f
506122,493481,9,12641,8de966842f8de96f83
506134,490102,22,16032,948731d54e9d02c286767d56ac03e8037c07e01e9887
506162,460370,51,45792,66b8e41114cd2a000000000000000000000000000000000000000000000000000000000000006f000000000000000000000000
506233,505842,57,391,00000000000000000000000000000000000000000000000000000000000000a000000000000000000000000000000000000000000000000000
506293,505800,3,493,5e1480
506296,498308,27,7988,00000000000000000000000000000000000000000000000000002d
506328,490296,33,16032,000000000000000000000000000000000000000000000000000000000000000014
506361,506213,32,148,8ab38f45097bb383bae6043d16da03d2dab6b622000000000000000000000000
506393,490361,48,16032,c0000000000000000000000000000000000000000000000000000000000000000000000000007902f87682e70801842f
506441,491818,10,14623,8de966842f8de96f8305
506451,505619,139,832,337194009a0b7c38b542208936f1179151cd08e294383387071afd498d0000b844f2b9fdb8000000000000000000000000c7d8489dae3d2ebef075b1db2257e2c231c9d23100000000000000000000000000000000000000000000000000071afd498d0000c000000000000000000000000000000000000000000000000000000000000000000000000000
506596,447203,15,59393,82e7082b842f8de966842f8de96f83
506613,490581,22,16032,1a9480e38291e06339d10aab483c65695d004dbd5c69
506647,458998,64,47649,2cc4081e000000000000000000000000000000000000000000000000000000000000006000000000000000000000000000000000000000000000000000000000
506715,490675,31,16040,0000000000000000000000000000000000000000000000000000000064fab3
506747,503699,94,3048,00000000000000000000000000000000000000000000000000000000000000020000000000000000000000000000000000000000000000000000000000000040000000000000000000000000000000000000000000000000000000000000
506842,443627,45,63215,400000000000000000000000000000000000000000000000000000000000000060000000000000000000000000
506887,506886,44,1,0000000000000000000000000000000000000000000000000000000000000000000000000000000000000000
506939,459258,256,47681,0000000000000000000000000000000000000000000000000000000000000002000000000000000000000000000000000000000000000000000000000000004000000000000000000000000000000000000000000000000000000000000001600000000000000000000000007f72e0d8e9abf9133a92322b8b50bd8e0f9dcfcb0000000000000000000000000000000000000000000000000000000000000080000000000000000000000000000000000000000000000000000000000000000000000000000000000000000000000000000000000000000000000000000001000000000000000000000000000000000000000000000000000000000000000060
507195,459514,256,47681,000000000000000000000000e5d7c2a44ffddf6b295a15c148167daaaf5cf34f0000000000000000000000008b1251076f23ffa2a2a6459583c587c1cdbb2c6e000000000000000000000000000000000000000000000000000000000000000000000000000000000000000000000000000000000000000000000000000000000000000000000000000000008b1251076f23ffa2a2a6459583c587c1cdbb2c6e000000000000000000000000000000000000000000000000000000000000008000000000000000000000000000000000000000000000000000000000000000000000000000000000000000000000000000000000000000000000000000000100
507451,459770,76,47681,00000000000000000000000000000000000000000000000000000000000000600000000000000000000000007d43aabc515c356145049227cee54b608342c0ad000000000000000000000000
507547,502714,95,4833,0000000000000000000000000000000000000000000000000000000000000002000000000000000000000000000000000000000000000000000000000000000000000000000000000000000000000000000000000000000000000000000000
507643,507586,56,57,0000000000000000000000000000000000000000000000000000000000000000000000000000000000000000000000000000000000000000
507707,506939,108,768,000000000000000000000000000000000000000000000000000000000000000200000000000000000000000000000000000000000000000000000000000000400000000000000000000000000000000000000000000000000000000000000160000000000000000000000000
507815,481887,160,25928,5ec5b1e9b1bd5198343abb6e55fb695d2f7bb3080000000000000000000000000000000000000000000000000000000000000080000000000000000000000000000000000000000000000000000000000000000000000000000000000000000000000000000000000000000000000000000001000000000000000000000000000000000000000000000000000000000000000060000000000000000000000000
507975,507207,32,768,e5d7c2a44ffddf6b295a15c148167daaaf5cf34f000000000000000000000000
508027,507259,76,768,00000000000000000000000000000000000000000000000000000000000000000000000000000000000000000000000000000000000000000000000000000000000000000000000000000000
508103,508007,51,96,258d5f860b11ec73ee200eb14f1b60a3b7a536a200000000000000000000000000000000000000000000000000000000000000
508154,481938,141,26216,80000000000000000000000000000000000000000000000000000000000000000000000000000000000000000000000000000000000000000000000000000001000000000000000000000000000000000000000000000000000000000000000060000000000000000000000000176211869ca2b568f2a7d4ee941e073a821ee1ff000000000000000000000000
508295,507527,84,768,59abe1e264f657d70c3ab5109d424f7f01a8729c00000000000000000000000000000000000000000000000000000000000000020000000000000000000000000000000000000000000000000000000000000000
508380,480444,43,27936,0000000000000000000000000000000000000000000000000000000000000000000001db02f901d782e708
508423,461703,3,46720,02842f
508426,506122,10,2304,8de966842f8de96f8307
508438,480502,22,27936,94f82537fb6c56a3b50092d3951f84f5f6c835b4f587
508465,457577,3,50888,0000b9
508468,480532,37,27936,01a45ae401dc0000000000000000000000000000000000000000000000000000000064fa86
508506,480570,176,27936,00000000000000000000000000000000000000000000000000000000000000400000000000000000000000000000000000000000000000000000000000000001000000000000000000000000000000000000000000000000000000000000002000000000000000000000000000000000000000000000000000000000000000e404e45aaf000000000000000000000000e5d7c2a44ffddf6b295a15c148167daaaf5cf34f000000000000000000000000
508682,475875,51,32807,176211869ca2b568f2a7d4ee941e073a821ee1ff00000000000000000000000000000000000000000000000000000000000000
508734,461150,57,47584,000000000000000000000000b03d651170ceee35729aff792d522fd952cf94c000000000000000000000000000000000000000000000000000
508791,508460,7,331,2386f26fc10000
508798,455735,30,53063,0000000000000000000000000000000000000000000000000000000000fa
508830,480894,97,27936,000000000000000000000000000000000000000000000000000000000000000000000000000000000000000000000000000000000000000000000000c0000000000000000000000000000000000000000000000000000000000000000000000000
508927,506431,159,2496,7902f87682e70801842f8de966842f8de96f8305337194009a0b7c38b542208936f1179151cd08e294383387071afd498d0000b844f2b9fdb8000000000000000000000000c7d8489dae3d2ebef075b1db2257e2c231c9d23100000000000000000000000000000000000000000000000000071afd498d0000c000000000000000000000000000000000000000000000000000000000000000000000000000
509086,458430,21,50656,007102f86e82e70801842f8de966842f8de96f82eb
509107,489939,41,19168,8694176211869ca2b568f2a7d4ee941e073a821ee1ff80b844095ea7b3000000000000000000000000
509148,508439,20,709,f82537fb6c56a3b50092d3951f84f5f6c835b4f5
509168,508541,29,627,0000000000000000000000000000000000000000000000000000000001
509200,482256,100,26944,c0000000000000000000000000000000000000000000000000000000000000000000000000000000000000000000010df9010a01842aea5400829d78940872ec4426103482a50f26ffc32acefcec61b3c980b8e4f242432a000000000000000000000000
509300,497252,20,12048,fd84701785edd79996f05aeb5b8470ef6ac8933e
509320,493928,256,15392,000000000000000000000000aec3cacef9457ff2821d9f85429ce3d90b0014590000000000000000000000000000000000000000000000000000000000000005000000000000000000000000000000000000000000000000000000000000000100000000000000000000000000000000000000000000000000000000000000a00000000000000000000000000000000000000000000000000000000000000000000000000000000000000000000000000000000000000000000000000000000082e708808000000000000000000000000000000000000000000000000000000000000000000000000000000000000000000000000000010df9010a01842aea54
509576,494184,44,15392,00829d78940872ec4426103482a50f26ffc32acefcec61b3c980b8e4f242432a000000000000000000000000
509620,497392,32,12228,93e0d3808e46c07b48ebc2f0ad3d33bb6dfeeac5000000000000000000000000
509652,509332,256,320,aec3cacef9457ff2821d9f85429ce3d90b0014590000000000000000000000000000000000000000000000000000000000000005000000000000000000000000000000000000000000000000000000000000000100000000000000000000000000000000000000000000000000000000000000a00000000000000000000000000000000000000000000000000000000000000000000000000000000000000000000000000000000000000000000000000000000082e708808000000000000000000000000000000000000000000000000000000000000000000000000000000000000000000000000000010df9010a01842aea5400829d78940872ec44261034
509908,509588,32,320,82a50f26ffc32acefcec61b3c980b8e4f242432a000000000000000000000000
509940,497292,20,12648,c79ae1470e9434f46ead244c63402aeff8c19163
509960,483016,256,26944,000000000000000000000000aec3cacef9457ff2821d9f85429ce3d90b0014590000000000000000000000000000000000000000000000000000000000000005000000000000000000000000000000000000000000000000000000000000000100000000000000000000000000000000000000000000000000000000000000a00000000000000000000000000000000000000000000000000000000000000000000000000000000000000000000000000000000000000000000000000000000082e70880800000000000000000000000000000000000000000000000000000000000000000000000000000000000000000000000000001eff901ec80842aea54
510216,483272,225,26944,0083015f90940872ec4426103482a50f26ffc32acefcec61b3c980b901c4d4dfd6bc0000000000000000000000000000000000000000000000000000000000000000000000000000000000000000000000000000000000000000000000000000000000000000000000000000000000000000000000000000000000000000000000000000000000000000000000000000000000000000000000000000000000000001000000000000000000000000000000000000000000000000000000000000000100000000000000000000000000000000000000000000000000000000651417
510442,496490,160,13952,00000000000000000000000000000000000000000000000000000000000000000000000000000000000000000000000000000000000000000000000000000005000000000000000000000000000000000000000000000000000000000000000000000000000000000000000000000000000000000000000000000000000001400000000000000000000000000000000000000000000000000000000000000041
510666,449706,256,60960,1b0000000000000000000000000000000000000000000000000000000000000082e7088080000000000000000000000000000000000000000000000000000000000000000000000000000000000000000000000001eff901ec80842aea540083015f90940872ec4426103482a50f26ffc32acefcec61b3c980b901c4d4dfd6bc0000000000000000000000000000000000000000000000000000000000000000000000000000000000000000000000000000000000000000000000000000000000000000000000000000000000000000000000000000000000000000000000000000000000000000000000000000000000000000000000000000000000000001
510922,449962,63,60960,000000000000000000000000000000000000000000000000000000000000000100000000000000000000000000000000000000000000000000000000651414
510986,510442,160,544,00000000000000000000000000000000000000000000000000000000000000000000000000000000000000000000000000000000000000000000000000000005000000000000000000000000000000000000000000000000000000000000000000000000000000000000000000000000000000000000000000000000000001400000000000000000000000000000000000000000000000000000000000000041
511210,483722,256,27488,1b0000000000000000000000000000000000000000000000000000000000000082e7088080000000000000000000000000000000000000000000000000000000000000000000000000000000000000000000000001eff901ec80842aea540083015f90940872ec4426103482a50f26ffc32acefcec61b3c980b901c4d4dfd6bc0000000000000000000000000000000000000000000000000000000000000000000000000000000000000000000000000000000000000000000000000000000000000000000000000000000000000000000000000000000000000000000000000000000000000000000000000000000000000000000000000000000000000001
511466,483978,63,27488,000000000000000000000000000000000000000000000000000000000000000100000000000000000000000000000000000000000000000000000000651416
511530,510986,160,544,00000000000000000000000000000000000000000000000000000000000000000000000000000000000000000000000000000000000000000000000000000005000000000000000000000000000000000000000000000000000000000000000000000000000000000000000000000000000000000000000000000000000001400000000000000000000000000000000000000000000000000000000000000041
511754,495786,97,15968,1c0000000000000000000000000000000000000000000000000000000000000082e70880800000000000000000000000000000000000000000000000000000000000000000000000000000000000000000000000002ceb50842aea540082520894
511871,496095,66,15776,865af3107a40008082e70880800000000000000000000000000000000000000000000000000000000000000000000000000000000000000000000000000000002ceb
511938,511842,9,96,842aea540082520894
511967,485023,256,26944,865af3107a40008082e7088080000000000000000000000000000000000000000000000000000000000000000000000000000000000000000000000000000001eff901ec80842aea54008301591c940872ec4426103482a50f26ffc32acefcec61b3c980b901c4d4dfd6bc0000000000000000000000000000000000000000000000000000000000000000000000000000000000000000000000000000000000000000000000000000000000000000000000000000000000000000000000000000000000000000000000000000000000000000000000000000000000000000000000000000000000000001000000000000000000000000000000000000000000
512223,485279,41,26944,0000000000000000000001000000000000000000000000000000000000000000000000000000006522
512266,511530,160,736,00000000000000000000000000000000000000000000000000000000000000000000000000000000000000000000000000000000000000000000000000000005000000000000000000000000000000000000000000000000000000000000000000000000000000000000000000000000000000000000000000000000000001400000000000000000000000000000000000000000000000000000000000000041
512490,485546,117,26944,1b0000000000000000000000000000000000000000000000000000000000000082e70880800000000000000000000000000000000000000000000000000000000000000000000000000000000000000000000000000000000000000000000000000000000000000000000000000000000000000002
512628,468628,40,44000,b8ff877ed78ba520ece21b1de7843a8a57ca47cbb8ff877ed78ba520ece21b1de7843a8a57ca47cb
512668,468688,20,43980,3d391afffed2255a2dd00325c3a96a5a8e023ff8
512688,500249,8,12439,066954c8ed497e35
512696,500281,12,12415,3d6aaf4f24685fd28ec42eef
512708,502268,20,10440,1b50ad5d54b5b81ebcabaa397b54eafb26d0051f
512728,485824,20,26904,6232e78d54c4845c977fc9e11d7e61c5316d12d1
512768,504485,20,8283,10103d79ac194eb0c4cc75742bda65c18dff335b
512868,506361,20,6507,8ab38f45097bb383bae6043d16da03d2dab6b622
512908,508295,20,4613,59abe1e264f657d70c3ab5109d424f7f01a8729c
512928,468908,40,44020,b03d651170ceee35729aff792d522fd952cf94c097bd845f07c2f1557290c0fad634345510d0a677
512988,509300,20,3688,fd84701785edd79996f05aeb5b8470ef6ac8933e
513008,509620,20,3388,93e0d3808e46c07b48ebc2f0ad3d33bb6dfeeac5
513028,509940,20,3088,c79ae1470e9434f46ead244c63402aeff8c19163
513048,496075,20,16973,47c7c8a1529c35d06fa7cf2fa4db1f550d99916a
513068,496171,20,16897,26d397c8f96a86d06654c2cf3c49a15e7db35db5
513088,495883,20,17205,8191603b651ba22961e77cb8b2d667f45ed77d2c
513108,486224,20,26884,9dbad420963e53775a51ea9aad4afa3af6e5d753
513128,486204,20,26924,f6f8b5bc021ff67a9932346447dd7e78aa674224
513148,495981,20,17167,de1419b7980c981b68ab49891702c163453703c4
513168,472776,49,40392,00000000000000000000000000000000000000000000000000000000000000000000000000000000000000000000000023
513248,469376,31,43872,0000000000000000000000000000000000000000000000000000000064fa85
513280,508859,62,4421,00000000000000000000000000000000000000000000000000000000000000c0000000000000000000000000000000000000000000000000000000000000
513343,513311,32,32,c00000000000000000000000000000000000000000000000000000000000002d
513375,453087,32,60288,e000000000000000000000000000000000000000000000000000000000000030
513408,513280,31,128,00000000000000000000000000000000000000000000000000000000000000
513440,506811,31,6629,00000000000000000000000000000000000000000000000000000000000003
513472,469568,62,43904,00000000000000000000000000000000000000000000000000000000000003c0000000000000000000000000000000000000000000000000000000000000
513536,486976,31,26560,0000000000000000000000000000000000000000000000000000000000000b
513568,513536,31,32,0000000000000000000000000000000000000000000000000000000000000b
513600,506901,31,6699,0000000000000000000000000000000000000000000000000000000000000e
513632,497888,31,15744,00000000000000000000000000000000000000000000000000000000000012
513664,506330,31,7334,00000000000000000000000000000000000000000000000000000000000014
513696,469728,31,43968,00000000000000000000000000000000000000000000000000000000000015
513728,497920,31,15808,00000000000000000000000000000000000000000000000000000000000016
513760,487200,31,26560,00000000000000000000000000000000000000000000000000000000000017
513791,497951,32,15840,0000000000000000000000000000000000000000000000000000000000000019
513824,513409,61,415,0000000000000000000000000000000000000000000000000000000000001b000000000000000000000000000000000000000000000000000000000000
513885,513853,2,32,001b
513888,498016,62,15872,0000000000000000000000000000000000000000000000000000000000001d60000000000000000000000000000000000000000000000000000000000000
513952,508571,31,5381,00000000000000000000000000000000000000000000000000000000000020
513984,469888,62,44096,0000000000000000000000000000000000000000000000000000000000002240000000000000000000000000000000000000000000000000000000000000
514047,487551,32,26496,8000000000000000000000000000000000000000000000000000000000000024
514080,469920,31,44160,00000000000000000000000000000000000000000000000000000000000026
514111,513855,31,256,00000000000000000000000000000000000000000000000000000000000000
514144,487777,31,26367,0000000000000000000000000000000000000000000000000000000000002a
514176,514144,31,32,0000000000000000000000000000000000000000000000000000000000002a
514208,498240,31,15968,0000000000000000000000000000000000000000000000000000000000002b
514239,497441,32,16798,000000000000000000000000000000000000000000000000000000000000002b
514272,470112,62,44160,0000000000000000000000000000000000000000000000000000000000002c80000000000000000000000000000000000000000000000000000000000000
514334,493470,2,20864,0031
514340,478383,6,35957,8502540be400
514346,511943,4,2403,82520894
514378,511973,53,2405,008082e708808000000000000000000000000000000000000000000000000000000000000000000000000000000000000000000000
514434,478372,4,36062,82e70882
514476,480523,7,33953,87354a6ba7a180
514486,500118,41,14368,0000000000000000000000000000000000000000000000000000000000000000000000000000000007
514528,500160,3,14368,02f907
514532,476035,5,38497,82e7080c84
514539,514378,2,161,0080
514541,514536,4,5,84625900
514586,505017,89,9569,0000000000000000000000000000000000000000000000000000000000000060000000000000000000000000000000000000000000000000000000000000000000000000000000000000000000000000000000000000000000
514680,475005,34,39675,c0000000000000000000000000000000000000000000000000000000000000000003
514714,514586,62,128,0000000000000000000000000000000000000000000000000000000000000060000000000000000000000000000000000000000000000000000000000000
514777,513471,32,1306,6000000000000000000000000000000000000000000000000000000000000003
514810,480081,57,34729,000000000000000000000000032b241de86a8660f1ae0691a4760b426ea246d700000000000000000000000000000000000000000000000000
514867,514572,7,295,ba8478cab4a435
514874,508186,64,6688,00000000000000000000000000000000000000000000000000000000000000010000000000000000000000000000000000000000000000000000000000000000
514938,478678,63,36260,00000000000000000000000000000000000000000000000000000000000000a000000000000000000000000000000000000000000000000000000000000001
515006,508570,63,6436,000000000000000000000000000000000000000000000000000000000000002000000000000000000000000000000000000000000000000000000000000000
515070,514130,13,940,00000000000000000000000028
515083,514552,19,531,7b3e8905d64ebbd503e6af028ac52078613812
515102,513511,24,1591,000000000000000000000000000000000000000000000004
515133,515043,26,90,0000000000000000000000000000000000000000000000000000
515159,514867,35,292,ba8478cab4a43500000000000000000000000000000000000000000000000000000000
515198,514239,32,959,000000000000000000000000000000000000000000000000000000000000002b
515230,507495,21,7735,7d43aabc515c356145049227cee54b608342c0ad00
515253,455713,51,59540,e5d7c2a44ffddf6b295a15c148167daaaf5cf34f00000000000000000000000000000000000000000000000000000000000000
515304,514778,31,526,00000000000000000000000000000000000000000000000000000000000003
515335,480094,47,35241,2b241de86a8660f1ae0691a4760b426ea246d700000000000000000000000000000000000000000000000000000000
515382,508182,68,7200,0000000000000000000000000000000000000000000000000000000000000000000000010000000000000000000000000000000000000000000000000000000000000000
515450,510056,63,5394,00000000000000000000000000000000000000000000000000000000000000a000000000000000000000000000000000000000000000000000000000000000
515513,461273,33,54240,0412210e8a00000000000000000000000000000000000000000000000000000000
515546,458480,61,57066,00000000000000000000000080e38291e06339d10aab483c65695d004dbd5c690000000000000000000000000000000000000000000000000000000000
515607,515383,129,224,0000000000000000000000000000000000000000000000000000000000000000000001000000000000000000000000000000000000000000000000000000000000000000000000000000000000000000000000000000000000000000000000000000a0000000000000000000000000000000000000000000000000000000000000
515736,490605,63,25131,02642cc4081e000000000000000000000000000000000000000000000000000000000000006000000000000000000000000000000000000000000000000000
515799,515635,35,164,0000000000000100000000000000000000000000000000000000000000000000000000
515834,515194,35,640,64faa11e00000000000000000000000000000000000000000000000000000000000000
515869,490738,120,25131,01000000000000000000000000000000000000000000000000000000000000002000000000000000000000000000000000000000000000000000000000000000600000000000000000000000007d43aabc515c356145049227cee54b608342c0ad0000000000000000000000000000000000000000000000
515989,515125,34,864,047c89f91c3b4e060000000000000000000000000000000000000000000000000000
516023,490892,243,25131,0000000000000100000000000000000000000000000000000000000000000000000000000000200000000000000000000000007f72e0d8e9abf9133a92322b8b50bd8e0f9dcfcb00000000000000000000000000000000000000000000000000000000000000800000000000000000000000000000000000000000000000000000000000000000000000000000000000000000000000000000000000000000000000000000010000000000000000000000000000000000000000000000000000000000000000600000000000000000000000007d43aabc515c356145049227cee54b608342c0ad000000000000000000000000
516286,515610,92,676,0000000000000000000000000000000000000000000000000000000000000001000000000000000000000000000000000000000000000000000000000000000000000000000000000000000000000000000000000000000000000000
516379,516342,36,37,000000000000000000000000000000000000000000000000000000000000000000000000
516425,488017,5,28408,830493e094
516453,467953,3,48500,000050
516458,512522,52,3936,82e70880800000000000000000000000000000000000000000000000000000000000000000000000000000000000000000000000
516518,498627,6,17891,843b9aca0083
516547,475082,3,41465,9c80b9
516556,497798,25,18758,00000000000000000000000000000000000000000000000008
516588,514682,94,1906,00000000000000000000000000000000000000000000000000000000000000030000000000000000000000000000000000000000000000000000000000000060000000000000000000000000000000000000000000000000000000000000
516684,516670,12,14,000000000000000000000000
516716,507579,94,9137,00000000000000000000000000000000000000000000000000000000000000000000000000000000000000000000000000000000000000000000000000000060000000000000000000000000000000000000000000000000000000000000
516812,455701,63,61111,000000000000000000000000e5d7c2a44ffddf6b295a15c148167daaaf5cf34f00000000000000000000000000000000000000000000000000000000000000
516875,508537,96,8338,400000000000000000000000000000000000000000000000000000000000000001000000000000000000000000000000000000000000000000000000000000002000000000000000000000000000000000000000000000000000000000000000
516972,452511,63,64461,000000000000000000000000000000000000000000000000000000000000000f00000000000000000000000000000000000000000000000000000000000000
517036,517004,44,32,0000000000000000000000000000000000000000000000000000000000000040000000000000000000000000
517080,507815,32,9265,5ec5b1e9b1bd5198343abb6e55fb695d2f7bb308000000000000000000000000
517112,509109,20,8003,176211869ca2b568f2a7d4ee941e073a821ee1ff
517132,516458,50,674,82e7088080000000000000000000000000000000000000000000000000000000000000000000000000000000000000000000
517187,472323,3,44864,830305
517200,472336,23,44864,94a658742d33ebd2ce2f0bdff73515aa797fd161d980b9
517225,472361,97,44864,252f7b01000000000000000000000000000000000000000000000000000000000000006f00000000000000000000000045f1a95a4d3f3836523f5c83673c797f4d4d263b0000000000000000000000000000000000000000000000000000000000
517325,499089,32,18236,5529b49f453f19c5ac10c10beb732d97a60a889c0da412f33b03721bb1a75dc4
517357,499089,63,18268,5529b49f453f19c5ac10c10beb732d97a60a889c0da412f33b03721bb1a75dc400000000000000000000000000000000000000000000000000000000000000
517421,492768,32,24653,0000000000000000000000000000000000000000000000000000000000000274
517453,472589,39,44864,0000000000000000000000004d73adb72bc3dd368966edd0f0b2148401a178e20000000000008a
517493,472629,75,44864,006f701a95707a0290ac8b90b3719e8ee5b21036088300b745f1a95a4d3f3836523f5c83673c797f4d4d263b00000000000000000000000000000000000000000000000000000000000000
517569,472705,119,44864,000000000000000000000000000000000000000000000000000000000000000d000000000000000000000000000000000000000000000000000000000000000d00000000000000000000000000000000000000000000000000000000000000000000000000000000000000000000000000000000000000
517688,472792,36,44896,000000000000000000000000000000000000000000000000000000000000000023dc4efe
517729,513766,25,3963,00000000000000000000000000000000000000000000000017
517761,498340,27,19421,00000000000000000000000000000000000000000000000000002e
517788,482250,5,35538,625ce23000
517793,497797,26,19996,0000000000000000000000000000000000000000000000000008
517825,517663,57,162,000000000000000000000000000000000000000000000000000000000000000000000000000000000000000000000000000000000000000000
517882,517818,31,64,082ebf07d53454000000000000000000000000000000000000000000000000
517921,488178,62,29743,00000000000000000000000000000000000000000000000000000000000001c0000000000000000000000000000000000000000000000000000000000000
517984,506328,33,11656,000000000000000000000000000000000000000000000000000000000000000014
518026,516414,2,1612,002f
518037,510096,105,7941,000000000000000000000000000000000000000000000000000000000000000000000000000000000000000000000000000000000000000082e70880800000000000000000000000000000000000000000000000000000000000000000000000000000000000000000
518142,471774,8,46368,01f2f901ef830305
518151,517191,6,960,843ad2d5c983
518157,471789,63,46368,09771894a658742d33ebd2ce2f0bdff73515aa797fd161d980b901c4252f7b0100000000000000000000000000000000000000000000000000000000000000
518221,471853,64,46368,000000000000000000000000808d7c71ad2ba3fa531b068a2417c63106bc09490000000000000000000000000000000000000000000000000000000000014c08
518285,499697,32,18588,ca74abfdb4b02df5e462b0cdf2c103491864369787e319c1ca39a04c8211ede8
518317,499697,63,18620,ca74abfdb4b02df5e462b0cdf2c103491864369787e319c1ca39a04c8211ede800000000000000000000000000000000000000000000000000000000000000
518380,472012,45,46368,c000000000000000000000000000000000000000000000000000000000000000d4000000000000000000000000
518425,499449,26,18976,38de71124f7a447a01d67945a51edce9ff491251000000000000
518453,518219,2,234,00b8
518466,484779,3,33687,552908
518475,472107,76,46368,00b7808d7c71ad2ba3fa531b068a2417c63106bc0949000000000000000000000000000000000000000000000000000000000000004000000000000000000000000000000000000000000000
518551,456647,41,61904,024bae2ae39c665ed00000000000000000000000000000000000000000000000000000000000000000
518592,456752,45,61840,1464ee681afdaa10a9f408a18fe2d7a5888e812163000000000000000000000000000000000000000000000000
518637,518093,50,544,82e7088080000000000000000000000000000000000000000000000000000000000000000000000000000000000000000001
518688,508416,3,10272,02f901
518692,505154,5,13538,82e7080384
518706,477330,3,41376,830232
518731,505802,4,12929,80b90104
518739,492191,27,26548,000000000000000000000000000000000000000000000000000097
518771,508899,29,9872,0000000000000000000000000000000000000000000000000000000079
518802,515673,45,3129,0000000000000000000000000000000000000000000000000000000000000000a0000000000000000000000000
518864,518475,2,389,00b7
518867,502288,31,16579,0000000000000000000000000000000000000000000000000000000064fa89
518899,508315,44,10584,0000000000000000000000000000000000000000000000000000000000000002000000000000000000000000
518963,518931,12,32,000000000000000000000000
518996,489876,50,29120,000000000000000000000000000000000000000000000000000000000000000000000000000000000000007102f86e82e708
519047,503368,10,15679,84310711fd84310711fd
519057,488273,43,30784,82eb9294176211869ca2b568f2a7d4ee941e073a821ee1ff80b844095ea7b3000000000000000000000000
519100,503383,20,15717,1d0188c4b276a09366d05d6be06af61a73bc7535
519120,517854,29,1266,0000000000000000000000000000000000000000000000000000000008
519152,480272,54,38880,c0000000000000000000000000000000000000000000000000000000000000000000000000000000000000000000007202f86f82e708
519207,487908,3,31299,843105
519212,519207,5,5,843105b974
519217,478225,141,40992,83011c4294176211869ca2b568f2a7d4ee941e073a821ee1ff80b844095ea7b30000000000000000000000001d0188c4b276a09366d05d6be06af61a73bc7535ffffffffffffffffffffffffffffffffffffffffffffffffffffffffffffffffc00000000000000000000000000000000000000000000000000000000000000000000000000000000000000000
519358,492798,9,26560,027402f9027082e708
519368,505607,11,13761,842f8e89be842f8e89c883
519382,492822,60,26560,94678aa4bf4e210cf2166753e054d5b7c31cc7fa8680b902445ae401dc0000000000000000000000000000000000000000000000000000000064fa86
519443,492883,256,26560,000000000000000000000000000000000000000000000000000000000000004000000000000000000000000000000000000000000000000000000000000000020000000000000000000000000000000000000000000000000000000000000040000000000000000000000000000000000000000000000000000000000000016000000000000000000000000000000000000000000000000000000000000000e404e45aaf000000000000000000000000176211869ca2b568f2a7d4ee941e073a821ee1ff000000000000000000000000e5d7c2a44ffddf6b295a15c148167daaaf5cf34f00000000000000000000000000000000000000000000000000000000
519699,493139,2,26560,0000
519701,508732,14,10969,0064000000000000000000000000
519715,519487,49,228,00000000000000000000000000000000000000020000000000000000000000000000000000000000000000000000000000
519767,517297,26,2470,0000000000000000000000000000000000000000000000000004
519799,493239,121,26560,000000000000000000000000000000000000000000000000000000000000000000000000000000000000000000000000000000000000000000000000000000000000000000000000000000000000000000000000000000000000004449404b7c00000000000000000000000000000000000000000000000000
519920,519792,19,128,044bf34dcb9c76000000000000000000000000
519950,519938,1,12,00
519959,491191,72,28768,00000000000000000000000000000000000000000000000000000000c000000000000000000000000000000000000000000000000000000000000000000000000000000000000001
520031,505759,8,14272,3302f9012f82e708
520040,505256,138,14784,842f8e89be842f8e89c8827e5494d1a3abf42f9e66be86cfdea8c5c2c74f041c5e1480b901045b7d7482000000000000000000000000000000000000000000000000000000000000004000000000000000000000000000000000000000000000000000000000000000a00000000000000000000000000000000000000000000000000000000000000040
520179,489165,3,31014,643661
520191,479945,3,40246,336438
520197,505547,3,14650,656633
520209,505407,3,14802,333866
520213,479982,4,40231,37333862
520218,489147,3,31071,626332
520226,460132,3,60094,613261
520233,458779,3,61454,323232
520238,505944,3,14294,396538
520242,489074,33,31168,000000000000000000000000000000000000000000000000000000000000004034
520275,506044,3,14231,313034
520285,462163,3,58122,343232
520289,479951,3,40338,633931
520293,460270,3,60023,613966
520319,505499,3,14820,383331
520323,520223,3,100,363933
520327,489398,3,30929,376630
520333,505948,3,14385,313965
520338,488722,51,31616,c000000000000000000000000000000000000000000000000000000000000000000000000000000000000000003202f082e708
520390,520040,11,350,842f8e89be842f8e89c882
520401,464657,4,55744,52089444
520431,488815,48,31616,0080c0000000000000000000000000000000000000000000000000000000000000000000000000000000000000000001
520479,481183,3,39296,d402f9
520483,481187,6,39296,d082e7080684
520489,508936,10,11553,2f8de966842f8de96f83
520510,497629,2,22881,003b
520523,520074,3,449,80b901
520526,455664,17,64862,a4ea540632000000000000000000000000
520543,519651,32,892,e5d7c2a44ffddf6b295a15c148167daaaf5cf34f000000000000000000000000
520575,487661,20,32914,eb466342c4d449bc9f53a865d5cb90586f405215
520595,517851,32,2744,0000000000000000000000000000000000000000000000000000000000000008
520627,519284,29,1343,ffffffffffffffffffffffffffffffffffffffffffffffffffffffffff
520659,520627,30,32,fffffffffffffffffffffffffffffffffffffffffffffffffffffffffffc
520691,520627,31,64,fffffffffffffffffffffffffffffffffffffffffffffffffffffffffffce8
520723,520659,31,64,fffffffffffffffffffffffffffffffffffffffffffffffffffffffffffceb
520755,481267,26,39488,0000000000000000000000000000000000000000000000000047
520787,520450,29,337,0000000000000000000000000000000000000000000000000000000001
520819,470501,26,50318,000000000000000000000000000000000000000000000000003c
520851,520787,29,64,0000000000000000000000000000000000000000000000000000000001
520883,518400,13,2483,000000000000000000000000d4
520896,468949,19,51947,2aa370fcd06c683b7154ffa799a8e00ac0121e
520915,518867,31,2048,0000000000000000000000000000000000000000000000000000000064fa89
520947,491219,52,29728,c000000000000000000000000000000000000000000000000000000000000000000000000000000000000001f402f901f082e708
520999,506119,4,14880,80842f8d
521004,490411,3,30593,8b842f
521010,491282,224,29728,830205aa940872ec4426103482a50f26ffc32acefcec61b3c980b901c4d4dfd6bc0000000000000000000000000000000000000000000000000000000000000000000000000000000000000000000000000000000000000000000000000000000000000000000000000000000000000000000000000000000000000000000000000000000000000000000000000000000000000000000000000000000000000001000000000000000000000000000000000000000000000000000000000000000100000000000000000000000000000000000000000000000000000000652211
521235,512266,160,8969,00000000000000000000000000000000000000000000000000000000000000000000000000000000000000000000000000000000000000000000000000000005000000000000000000000000000000000000000000000000000000000000000000000000000000000000000000000000000000000000000000000000000001400000000000000000000000000000000000000000000000000000000000000041
521460,491188,75,30272,00000000000000000000000000000000000000000000000000000000000000c000000000000000000000000000000000000000000000000000000000000000000000000000000000000001
521535,488863,11,32672,3302f9012f82e70804842f
521546,521002,8,544,8d3b8b842f8d3b95
521554,488882,129,32672,827e5494d1a3abf42f9e66be86cfdea8c5c2c74f041c5e1480b901045b7d7482000000000000000000000000000000000000000000000000000000000000004000000000000000000000000000000000000000000000000000000000000000a0000000000000000000000000000000000000000000000000000000000000004035
521684,479885,3,41799,333737
521687,489167,3,32520,616533
521692,505401,3,16291,396436
521697,464123,3,57574,303431
521706,489383,4,32323,66633336
521712,458776,3,62936,386364
521717,489409,3,32308,646166
521721,458877,3,62844,663732
521726,489019,3,32707,343238
521737,489052,3,32685,303038
521741,505503,3,16238,653338
521746,462130,33,59616,000000000000000000000000000000000000000000000000000000000000004064
521779,521719,3,60,663566
521783,458852,3,62931,393566
521793,505951,4,15842,30663138
521797,521731,3,66,663961
521805,489504,3,32301,626635
521811,489130,3,32681,376534
521816,458864,3,62952,653533
521829,505406,3,16423,663338
521835,462318,3,59517,626464
521839,460269,3,61570,326139
521842,505202,53,16640,c000000000000000000000000000000000000000000000000000000000000000000000000000000000000000013302f9012f82e708
521896,521544,138,352,842f8d3b8b842f8d3b95827e5494d1a3abf42f9e66be86cfdea8c5c2c74f041c5e1480b901045b7d7482000000000000000000000000000000000000000000000000000000000000004000000000000000000000000000000000000000000000000000000000000000a00000000000000000000000000000000000000000000000000000000000000040
522034,489415,3,32619,313039
522037,505491,4,16546,37363762
522042,489055,3,32987,633463
522046,505961,3,16085,343366
522049,505934,3,16115,393134
522055,489040,3,33015,383465
522062,505447,5,16615,3833303266
522068,489039,3,33029,623834
522076,479859,3,42217,363638
522086,458774,3,63312,316538
522093,458797,3,63296,663561
522097,460177,33,61920,640000000000000000000000000000000000000000000000000000000000000040
522134,520210,3,1924,386630
522137,505531,4,16606,64323065
522141,506020,3,16121,306230
522144,505513,3,16631,626336
522148,462217,3,59931,353335
522153,460172,3,61981,623863
522156,489510,3,32646,343464
522160,464125,3,58035,313939
522166,522146,3,20,363535
522173,489048,3,33125,303731
522176,520210,4,1966,38663037
522185,479927,3,42258,653735
522189,462177,3,60012,346565
522194,521842,45,352,c00000000000000000000000000000000000000000000000000000000000000000000000000000000000000001
522239,509887,53,12352,0df9010a01842aea5400829d78940872ec4426103482a50f26ffc32acefcec61b3c980b8e4f242432a000000000000000000000000
522292,513068,20,9224,26d397c8f96a86d06654c2cf3c49a15e7db35db5
522312,509640,256,12672,000000000000000000000000aec3cacef9457ff2821d9f85429ce3d90b0014590000000000000000000000000000000000000000000000000000000000000005000000000000000000000000000000000000000000000000000000000000000100000000000000000000000000000000000000000000000000000000000000a00000000000000000000000000000000000000000000000000000000000000000000000000000000000000000000000000000000000000000000000000000000082e708808000000000000000000000000000000000000000000000000000000000000000000000000000000000000000000000000000010df9010a01842aea54
522568,509896,44,12672,00829d78940872ec4426103482a50f26ffc32acefcec61b3c980b8e4f242432a000000000000000000000000
522612,513088,20,9524,8191603b651ba22961e77cb8b2d667f45ed77d2c
522632,522312,256,320,000000000000000000000000aec3cacef9457ff2821d9f85429ce3d90b0014590000000000000000000000000000000000000000000000000000000000000005000000000000000000000000000000000000000000000000000000000000000100000000000000000000000000000000000000000000000000000000000000a00000000000000000000000000000000000000000000000000000000000000000000000000000000000000000000000000000000000000000000000000000000082e708808000000000000000000000000000000000000000000000000000000000000000000000000000000000000000000000000000010df9010a01842aea54
522888,522568,44,320,00829d78940872ec4426103482a50f26ffc32acefcec61b3c980b8e4f242432a000000000000000000000000
522932,513048,20,9884,47c7c8a1529c35d06fa7cf2fa4db1f550d99916a
522952,509960,256,12992,000000000000000000000000aec3cacef9457ff2821d9f85429ce3d90b0014590000000000000000000000000000000000000000000000000000000000000005000000000000000000000000000000000000000000000000000000000000000100000000000000000000000000000000000000000000000000000000000000a00000000000000000000000000000000000000000000000000000000000000000000000000000000000000000000000000000000000000000000000000000000082e70880800000000000000000000000000000000000000000000000000000000000000000000000000000000000000000000000000001eff901ec80842aea54
523208,510216,224,12992,0083015f90940872ec4426103482a50f26ffc32acefcec61b3c980b901c4d4dfd6bc00000000000000000000000000000000000000000000000000000000000000000000000000000000000000000000000000000000000000000000000000000000000000000000000000000000000000000000000000000000000000000000000000000000000000000000000000000000000000000000000000000000000000010000000000000000000000000000000000000000000000000000000000000001000000000000000000000000000000000000000000000000000000006514
523434,521235,160,2199,00000000000000000000000000000000000000000000000000000000000000000000000000000000000000000000000000000000000000000000000000000005000000000000000000000000000000000000000000000000000000000000000000000000000000000000000000000000000000000000000000000000000001400000000000000000000000000000000000000000000000000000000000000041
523658,510666,256,12992,1b0000000000000000000000000000000000000000000000000000000000000082e7088080000000000000000000000000000000000000000000000000000000000000000000000000000000000000000000000001eff901ec80842aea540083015f90940872ec4426103482a50f26ffc32acefcec61b3c980b901c4d4dfd6bc0000000000000000000000000000000000000000000000000000000000000000000000000000000000000000000000000000000000000000000000000000000000000000000000000000000000000000000000000000000000000000000000000000000000000000000000000000000000000000000000000000000000000001
523914,510922,63,12992,000000000000000000000000000000000000000000000000000000000000000100000000000000000000000000000000000000000000000000000000651414
523978,523434,160,544,00000000000000000000000000000000000000000000000000000000000000000000000000000000000000000000000000000000000000000000000000000005000000000000000000000000000000000000000000000000000000000000000000000000000000000000000000000000000000000000000000000000000001400000000000000000000000000000000000000000000000000000000000000041
524202,511754,87,12448,1c0000000000000000000000000000000000000000000000000000000000000082e70880800000000000000000000000000000000000000000000000000000000000000000000000000000000000000000000000002ceb
524290,511938,9,12352,842aea540082520894
524318,495902,65,28416,2c865af3107a40008082e7088080000000000000000000000000000000000000000000000000000000000000000000000000000000000000000000000000000000
524383,511935,12,12448,2ceb4f842aea540082520894
524415,524319,66,96,865af3107a40008082e70880800000000000000000000000000000000000000000000000000000000000000000000000000000000000000000000000000000002ceb
524482,524386,9,96,842aea540082520894
524511,524415,64,96,865af3107a40008082e7088080000000000000000000000000000000000000000000000000000000000000000000000000000000000000000000000000000000
524575,495039,52,29536,ecf8ea01842aea5400829b28940872ec4426103482a50f26ffc32acefcec61b3c980b8c4f242432a000000000000000000000000
524627,513148,32,11479,de1419b7980c981b68ab49891702c163453703c4000000000000000000000000
524659,467987,204,56672,01e4a663fffaf1430d3a36588b2c14b72231d8b40000000000000000000000000000000000000000000000000000000000000005000000000000000000000000000000000000000000000000000000000000000100000000000000000000000000000000000000000000000000000000000000a0000000000000000000000000000000000000000000000000000000000000000082e7088080000000000000000000000000000000000000000000000000000000000000000000000000000000000000000000000000000000
524863,495967,4,28896,2eed8202
524868,524482,9,386,842aea540082520894
524897,468513,94,56384,8654953ff6d0008082e7088080000000000000000000000000000000000000000000000000000000000000000000000000000000000000000000000000000000000000000000000000000000000000000000000000000000000000000002
525020,524989,1,31,00
525032,516266,20,8766,39b98fe0d13ad4bd835f2005c9739f55ecff88b8
525092,485704,40,39388,e93685f3bba03016f02bd1828badd6195988d950e93685f3bba03016f02bd1828badd6195988d950
525132,518847,20,6285,7fb83bc2a493b3de96d4d3e59823c2b22300b76e
525192,519939,20,5253,2f9a8904da55b6acd042f9008597e00806409033
525232,496952,20,28280,859e8a75af297726c506d297613af5bd396ff61c
525252,520895,20,4357,d42aa370fcd06c683b7154ffa799a8e00ac0121e
525332,513068,40,12264,26d397c8f96a86d06654c2cf3c49a15e7db35db58191603b651ba22961e77cb8b2d667f45ed77d2c
525372,522932,20,2440,47c7c8a1529c35d06fa7cf2fa4db1f550d99916a
525392,511947,20,13445,6fbd15b97c874984c8dbe899bfb7038494a7ff52
525412,511851,20,13561,a9edeba478fff66f7851cd5de570f893d6ae8ec3
525491,513147,21,12344,24de1419b7980c981b68ab49891702c163453703c4
525512,504581,56,20931,01e4a663fffaf1430d3a36588b2c14b72231d8b4000000000000000000000000000000000000000000000000000000000000000000000000
525572,525567,1,5,00
525600,513248,31,12352,0000000000000000000000000000000000000000000000000000000064fa85
525632,521460,62,4172,00000000000000000000000000000000000000000000000000000000000000c0000000000000000000000000000000000000000000000000000000000000
525696,525664,31,32,0000000000000000000000000000000000000000000000000000000000005c
525728,525696,30,32,000000000000000000000000000000000000000000000000000000000000
525760,525632,31,128,00000000000000000000000000000000000000000000000000000000000000
525792,513504,62,12288,0000000000000000000000000000000000000000000000000000000000000420000000000000000000000000000000000000000000000000000000000000
525856,516909,31,8947,00000000000000000000000000000000000000000000000000000000000020
525888,498144,62,27744,0000000000000000000000000000000000000000000000000000000000002200000000000000000000000000000000000000000000000000000000000000
525952,514112,31,11840,00000000000000000000000000000000000000000000000000000000000028
525983,481056,32,44927,0000000000000000000000000000000000000000000000000000000000000030
526016,514305,31,11711,00000000000000000000000000000000000000000000000000000000000031
526048,526016,31,32,00000000000000000000000000000000000000000000000000000000000031
526080,505121,31,20959,00000000000000000000000000000000000000000000000000000000000033
526112,470432,63,55680,0000000000000000000000000000000000000000000000000000000000003bc00000000000000000000000000000000000000000000000000000000000003c
526176,497632,31,28544,0000000000000000000000000000000000000000000000000000000000003d
526207,525983,31,224,00000000000000000000000000000000000000000000000000000000000000
526240,522099,31,4141,00000000000000000000000000000000000000000000000000000000000040
526271,469503,63,56768,a00000000000000000000000000000000000000000000000000000000000004220000000000000000000000000000000000000000000000000000000000000
526336,526304,30,32,000000000000000000000000000000000000000000000000000000000000
526368,526336,30,32,000000000000000000000000000000000000000000000000000000000000
526400,526368,30,32,000000000000000000000000000000000000000000000000000000000000
526431,526207,31,224,00000000000000000000000000000000000000000000000000000000000000
526464,526432,30,32,000000000000000000000000000000000000000000000000000000000000
526496,526464,30,32,000000000000000000000000000000000000000000000000000000000000
526528,526496,30,32,000000000000000000000000000000000000000000000000000000000000
526560,526528,31,32,0000000000000000000000000000000000000000000000000000000000004f
526592,526560,30,32,000000000000000000000000000000000000000000000000000000000000
526624,526592,30,32,000000000000000000000000000000000000000000000000000000000000
526656,526624,30,32,000000000000000000000000000000000000000000000000000000000000
526688,526656,30,32,000000000000000000000000000000000000000000000000000000000000
526720,526688,30,32,000000000000000000000000000000000000000000000000000000000000
526752,526720,30,32,000000000000000000000000000000000000000000000000000000000000
526784,526752,31,32,0000000000000000000000000000000000000000000000000000000000005a
526816,526784,30,32,000000000000000000000000000000000000000000000000000000000000
526847,513663,32,13184,4000000000000000000000000000000000000000000000000000000000000014
526884,514434,4,12450,82e70882
526895,526890,5,5,846da882b4
526933,524743,44,2190,00000000000000000000000000000000000000000000000000000000000000a0000000000000000000000000
526977,519619,32,7358,176211869ca2b568f2a7d4ee941e073a821ee1ff000000000000000000000000
527009,500052,20,26957,6131b5fae19ea4f9d964eac0408e4408b66337b5
527029,507669,31,19360,00000000000000000000000000000000000000000000000000000000000009
527061,487168,31,39893,00000000000000000000000000000000000000000000000000000000000013
527093,526997,62,96,0000000000000000000000006131b5fae19ea4f9d964eac0408e4408b66337b5000000000000000000000000000000000000000000000000000000000000
527155,521968,32,5187,0040000000000000000000000000000000000000000000000000000000000000
527187,462509,256,64678,0824e21fd0e90000000000000000000000000000000000000000000000000000000000000020000000000000000000000000d1b47490209ccb7a806e8a45d9479490c040abf4000000000000000000000000000000000000000000000000000000000000000000000000000000000000000000000000000000000000000000000000000000a000000000000000000000000000000000000000000000000000000000000003a000000000000000000000000000000000000000000000000000000000000005e000000000000000000000000000000000000000000000000000000000000002e00000000000000000000000000000000000000000000000000000
527443,462765,50,64678,00000000002000000000000000000000000000000000000000000000000000000000000000c0000000000000000000000000
527493,508650,64,18843,e5d7c2a44ffddf6b295a15c148167daaaf5cf34f000000000000000000000000176211869ca2b568f2a7d4ee941e073a821ee1ff000000000000000000000000
527557,526905,20,652,ee4d6cb455015baaa34ee1d1eb70fcf3ad1ec6e3
527577,520915,31,6662,0000000000000000000000000000000000000000000000000000000064fa89
527609,462931,256,64678,00000000000000000000000000000000000000000000000000000000000002800000000000000000000000000000000000000000000000000000000000000001000000000000000000000000000000000000000000000000000000000000002000000000000000000000000000000000000000000000000000000000000000010000000000000000000000000000000000000000000000000000000000000020000000000000000000000000000000000000000000000000000000000000004063407a490000000000000000000000000000000000000000000000000000000200000000000000000000000000000000000000000000000000000000000000e0
527865,463187,44,64678,000000000000000000000000d1b47490209ccb7a806e8a45d9479490c040abf4000000000000000000000000
527909,516696,32,11213,d5539d0360438a66661148c633a9f0965e482845000000000000000000000000
527941,508650,76,19291,e5d7c2a44ffddf6b295a15c148167daaaf5cf34f000000000000000000000000176211869ca2b568f2a7d4ee941e073a821ee1ff000000000000000000000000000000000000000000000000
528023,523848,97,4175,00000000000000000000000000000000000000000000000000000000000000000000000000000000000000000000000000000000000000000000000000000000000100000000000000000000000000000000000000000000000000000000000000
528121,514512,15,13609,000000000000000000000000000007
528137,528123,12,14,000000000000000000000000
528153,508638,94,19515,000000000000000000000000e5d7c2a44ffddf6b295a15c148167daaaf5cf34f000000000000000000000000176211869ca2b568f2a7d4ee941e073a821ee1ff000000000000000000000000000000000000000000000000000000000000
528247,463569,110,64678,016000000000000000000000000000000000000000000000000000000000000001a000000000000000000000000000000000000000000000000000000000000001e00000000000000000000000000000000000000000000000000000000000000200000000000000000000000000
528357,527557,44,800,ee4d6cb455015baaa34ee1d1eb70fcf3ad1ec6e3000000000000000000000000000000000000000000000000
528401,528017,36,384,104efa848d17000000000000000000000000000000000000000000000000000000000000
528439,528436,1,3,00
528441,463763,184,64678,000000000000000000000000000000000000000000000000000000000000000000000000000000000000000000000000000000000000000000000000000002200000000000000000000000000000000000000000000000000000000000000001000000000000000000000000d1b47490209ccb7a806e8a45d9479490c040abf40000000000000000000000000000000000000000000000000000000000000001000000000000000000000000000000000000000000000000
528625,528017,71,608,104efa848d170000000000000000000000000000000000000000000000000000000000000000000000000000000000000000000000000000000000000000000000000000000000
528696,528025,64,671,00000000000000000000000000000000000000000000000000000000000000000000000000000000000000000000000000000000000000000000000000000001
528761,464083,11,64678,7b22536f75726365223a22
528781,464103,17,64678,222c22416d6f756e74496e555344223a22
528810,464137,19,64673,34222c22416d6f756e744f7574555344223a22
528829,528798,3,31,313933
528836,528830,3,6,393335
528843,464134,3,64709,393939
528847,464174,68,64673,222c22526566657272616c223a22222c22466c616773223a332c22496e74656772697479496e666f223a7b224b65794944223a2231222c225369676e6174757265223a22
529148,528936,3,212,724752
529256,464583,12,64673,413d3d227d7d000000000000
529268,529267,63,1,000000000000000000000000000000000000000000000000000000000000000000000000000000000000000000000000000000000000000000000000000000
529333,527189,162,2144,e21fd0e90000000000000000000000000000000000000000000000000000000000000020000000000000000000000000d1b47490209ccb7a806e8a45d9479490c040abf4000000000000000000000000000000000000000000000000000000000000000000000000000000000000000000000000000000000000000000000000000000a0000000000000000000000000000000000000000000000000000000000000
529497,486880,62,42617,0000000000000000000000000000000000000000000000000000000000000800000000000000000000000000000000000000000000000000000000000000
529560,529432,32,128,0000000000000000000000000000000000000000000000000000000000000000
529592,527448,45,2144,2000000000000000000000000000000000000000000000000000000000000000c0000000000000000000000000
529637,519619,64,10018,176211869ca2b568f2a7d4ee941e073a821ee1ff000000000000000000000000e5d7c2a44ffddf6b295a15c148167daaaf5cf34f000000000000000000000000
529701,527557,82,2144,ee4d6cb455015baaa34ee1d1eb70fcf3ad1ec6e30000000000000000000000000000000000000000000000000000000064fa89b9000000000000000000000000000000000000000000000000000000000000
529784,503225,34,26559,a0000000000000000000000000000000000000000000000000000000000000000100
529818,529562,62,256,0000000000000000000000000000000000000000000000000000000000002000000000000000000000000000000000000000000000000000000000000000
529880,519506,64,10374,02000000000000000000000000000000000000000000000000000000000000004000000000000000000000000000000000000000000000000000000000000001
529945,529881,32,64,0000000000000000000000000000000000000000000000000000000000000040
529981,529853,58,128,00000000000000000000000000000000000000000000000000000002000000000000000000000000000000000000000000000000000000000000
530041,516908,76,13133,000000000000000000000000000000000000000000000000000000000000002000000000000000000000000000000000000000000000000000000000000000a0000000000000000000000000
530137,529625,44,512,000000000000000000000000176211869ca2b568f2a7d4ee941e073a821ee1ff000000000000000000000000
530181,481599,48,48582,4cbab02a5448605e95181489b6ec0404e721eb8500000000000000000000000000000000000000000000000000000000
530229,528149,16,2080,733d6efc000000000000000000000000
530245,508231,64,22014,0000000000000000000000000000000000000060000000000000000000000000176211869ca2b568f2a7d4ee941e073a821ee1ff000000000000000000000000
530309,529381,51,928,d1b47490209ccb7a806e8a45d9479490c040abf400000000000000000000000000000000000000000000000000000000000000
530360,529880,33,480,020000000000000000000000000000000000000000000000000000000000000040
530393,529977,172,416,e756cac1000000000000000000000000000000000000000000000000000000020000000000000000000000000000000000000000000000000000000000000140000000000000000000000000000000000000000000000000000000000000002000000000000000000000000000000000000000000000000000000000000000a00000000000000000000000007160570bb153edd0ea1775ec2b2ac9b65f1ab61b000000000000000000000000
530565,516234,32,14331,7d43aabc515c356145049227cee54b608342c0ad000000000000000000000000
530597,516074,43,14523,7f72e0d8e9abf9133a92322b8b50bd8e0f9dcfcb0000000000000000000000000000000000000000000000
530649,516190,76,14459,00000000000000000000000000000000000000000000000000000000000000600000000000000000000000007d43aabc515c356145049227cee54b608342c0ad000000000000000000000000
530725,530309,83,416,d1b47490209ccb7a806e8a45d9479490c040abf4000000000000000000000000000000000000000000000000000000000000000200000000000000000000000000000000000000000000000000000000000000
530809,530445,11,364,0000000000000000000001
530825,528617,9,2208,000000000000000010
530841,493047,95,37794,000000000000000000000000176211869ca2b568f2a7d4ee941e073a821ee1ff000000000000000000000000e5d7c2a44ffddf6b295a15c148167daaaf5cf34f00000000000000000000000000000000000000000000000000000000000001
530936,528248,153,2688,6000000000000000000000000000000000000000000000000000000000000001a000000000000000000000000000000000000000000000000000000000000001e00000000000000000000000000000000000000000000000000000000000000200000000000000000000000000ee4d6cb455015baaa34ee1d1eb70fcf3ad1ec6e3000000000000000000000000000000000000000000000000
531089,530225,32,864,00000000733d6efc000000000000000000000000000000000000000000000000
531129,528441,184,2688,000000000000000000000000000000000000000000000000000000000000000000000000000000000000000000000000000000000000000000000000000002200000000000000000000000000000000000000000000000000000000000000001000000000000000000000000d1b47490209ccb7a806e8a45d9479490c040abf40000000000000000000000000000000000000000000000000000000000000001000000000000000000000000000000000000000000000000
531313,530225,39,1088,00000000733d6efc00000000000000000000000000000000000000000000000000000000000000
531352,528664,96,2688,000000000000000000000000000000000000000000000000000000000000000000000000000000000000000000000000000000000000000000000000000000000000000000000000000000000000000000000000000000000000000000000001
531449,528761,40,2688,7b22536f75726365223a22446566694c6c616d61222c22416d6f756e74496e555344223a22313933
531489,528832,18,2657,352e33333933353339343739393938222c22
531507,528814,18,2693,416d6f756e744f7574555344223a22313933
531537,521694,3,9843,363432
531540,528847,68,2693,222c22526566657272616c223a22222c22466c616773223a332c22496e74656772697479496e666f223a7b224b65794944223a2231222c225369676e6174757265223a22
531712,520329,3,11383,303534
531745,529136,3,2609,483966
531784,528986,3,2798,716e75
531829,531695,3,134,6c7177
531949,529256,71,2693,413d3d227d7d0000000000000000000000000000000000000000000000000000000000000000000000000000000000000000000000000000000000000000000000000000000000
532021,531990,31,31,00000000000000000000000000000000000000000000000000000000000003
532053,506560,31,25493,00000000000000000000000000000000000000000000000000000000000006
532085,514496,31,17589,00000000000000000000000000000000000000000000000000000000000007
532117,514485,50,17632,c000000000000000000000000000000000000000000000000000000000000000000000000000000000073b02f9073782e708
532168,514536,11,17632,8462590080846259008f83
532182,514550,26,17632,94287b3e8905d64ebbd503e6af028ac5207861381287ba8478ca
532211,514579,256,17632,b90704d40eaf0a00000000000000000000000000000000000000000000000000000000000000600000000000000000000000000000000000000000000000000000000000000000000000000000000000000000000000000000000000000000000110d9316ec0000000000000000000000000000000000000000000000000000000000000000003000000000000000000000000000000000000000000000000000000000000006000000000000000000000000000000000000000000000000000000000000002600000000000000000000000000000000000000000000000000000000000000340000000000000000000000000032b241de86a8660f1ae0691a4
532467,514835,36,17632,760b426ea246d700000000000000000000000000000000000000000000000000ba8478ca
532503,532208,3,295,b1899a
532506,514874,252,17632,0000000000000000000000000000000000000000000000000000000000000001000000000000000000000000000000000000000000000000000000000000000000000000000000000000000000000000000000000000000000000000000000a00000000000000000000000000000000000000000000000000000000000000124115ff67e000000000000000000000000000000000000000000000000000000000000002000000000000000000000000000000000000000000000000000000000000000a0000000000000000000000000287b3e8905d64ebbd503e6af028ac52078613812000000000000000000000000000000000000000000000004
532765,515133,30,17632,0000000000000000000000000000000000000000000000000000ba8478ca
532795,532503,31,292,b1899a00000000000000000000000000000000000000000000000000000000
532826,515834,3,16992,64faa1
532830,515198,256,17632,000000000000000000000000000000000000000000000000000000000000002b7d43aabc515c356145049227cee54b608342c0ad000bb8e5d7c2a44ffddf6b295a15c148167daaaf5cf34f00000000000000000000000000000000000000000000000000000000000000000000000000000000000000000000000000000000000000000000000000032b241de86a8660f1ae0691a4760b426ea246d700000000000000000000000000000000000000000000000000000000000000000000000000000000000000000000000000000000000000000000000000000001000000000000000000000000000000000000000000000000000000000000000000000000
533086,515454,256,17632,000000000000000000000000000000000000000000000000000000a0000000000000000000000000000000000000000000000000000000000000000412210e8a0000000000000000000000000000000000000000000000000000000000000000000000000000000080e38291e06339d10aab483c65695d004dbd5c6900000000000000000000000000000000000000000000000000000000000000000000000000000000000000000000000000000000000000000000000000000001000000000000000000000000000000000000000000000000000000000000000000000000000000000000000000000000000000000000000000000000000000a000000000
533342,515710,127,17632,000000000000000000000000000000000000000000000000000002642cc4081e000000000000000000000000000000000000000000000000000000000000006000000000000000000000000000000000000000000000000000000000000000010000000000000000000000000000000000000000000000000000000064faa1
533470,515838,152,17632,0000000000000000000000000000000000000000000000000000000000000001000000000000000000000000000000000000000000000000000000000000002000000000000000000000000000000000000000000000000000000000000000600000000000000000000000007d43aabc515c356145049227cee54b608342c0ad000000000000000000000000000000000000000000000004
533622,532758,33,864,7990a92df9990a0000000000000000000000000000000000000000000000000000
533655,516023,256,17632,0000000000000100000000000000000000000000000000000000000000000000000000000000200000000000000000000000007f72e0d8e9abf9133a92322b8b50bd8e0f9dcfcb00000000000000000000000000000000000000000000000000000000000000800000000000000000000000000000000000000000000000000000000000000000000000000000000000000000000000000000000000000000000000000000010000000000000000000000000000000000000000000000000000000000000000600000000000000000000000007d43aabc515c356145049227cee54b608342c0ad00000000000000000000000039b98fe0d13ad4bd835f2005c9
533911,516279,135,17632,739f55ecff88b80000000000000000000000000000000000000000000000000000000000000001000000000000000000000000000000000000000000000000000000000000000000000000000000000000000000000000000000000000000000000000c00000000000000000000000000000000000000000000000000000000000000000000000
534053,516518,3,17535,843b9a
534058,498632,5,35426,831e848094
534083,523778,3,10305,80b901
534091,529503,25,4588,00000000000000000000000000000000000000000000000008
534121,533977,46,144,000000000000000000000000000000000000000000000000000000000000000000c0000000000000000000000000
534187,503763,44,30424,0000000000000000000000000000000000000000000000000000000000000120000000000000000000000000
534251,533274,63,977,000000000000000000000000000000000000000000000000000000000000000000000000000000000000000000000000000000000000000000000000000000
534315,532885,21,1430,e5d7c2a44ffddf6b295a15c148167daaaf5cf34f00
534338,475875,64,58463,176211869ca2b568f2a7d4ee941e073a821ee1ff0000000000000000000000000000000000000000000000000000000000000000000000000000000000000000
534402,534306,9,96,00000000000000002b
534411,534338,23,73,176211869ca2b568f2a7d4ee941e073a821ee1ff000000
534434,532885,41,1549,e5d7c2a44ffddf6b295a15c148167daaaf5cf34f000000000000000000000000000000000000000000
534475,524905,51,9570,82e708808000000000000000000000000000000000000000000000000000000000000000000000000000000000000000000000
534530,516514,3,18016,6e8209
534534,516518,6,18016,843b9aca0083
534543,516527,23,18016,94ef95c5b6cbb66edefef66ee8ca5a05f3c2faeb9c80b9
534567,516551,29,18016,4479fbd3f6000000000000000000000000000000000000000000000000
534596,526106,5,8490,0000000033
534603,532313,96,2290,000000000000000000000000000000000000000000000000000000000000000003000000000000000000000000000000000000000000000000000000000000006000000000000000000000000000000000000000000000000000000000000002
534700,534686,12,14,000000000000000000000000
534732,516716,94,18016,00000000000000000000000000000000000000000000000000000000000000000000000000000000000000000000000000000000000000000000000000000060000000000000000000000000000000000000000000000000000000000000
534828,518963,32,15865,000000000000000000000000a219439258ca9da29e9cc4ce5596924745e12b93
534860,519443,127,15417,00000000000000000000000000000000000000000000000000000000000000400000000000000000000000000000000000000000000000000000000000000002000000000000000000000000000000000000000000000000000000000000004000000000000000000000000000000000000000000000000000000000000001
534987,533081,64,1906,0000000000000000000000000000000000000000000000000000000000000000a000000000000000000000000000000000000000000000000000000000000000
535051,517003,77,18048,0f00000000000000000000000000000000000000000000000000000000000000400000000000000000000000000000000000000000000000000000000000000040000000000000000000000000
535128,533706,32,1422,7f72e0d8e9abf9133a92322b8b50bd8e0f9dcfcb000000000000000000000000
535160,490815,44,44345,7d43aabc515c356145049227cee54b608342c0ad000000000000000000000000000000000000000000000000
535204,534003,39,1201,00000000000000c000000000000000000000000000000000000000000000000000000000000000
535243,492882,64,42361,05000000000000000000000000000000000000000000000000000000000000004000000000000000000000000000000000000000000000000000000000000000
535308,535295,12,13,000000000000000000000000
535340,534751,44,589,0000000000000000000000000000000000000000000000000000000000000000000000000000000000000000
535384,534434,20,950,e5d7c2a44ffddf6b295a15c148167daaaf5cf34f
535404,534475,50,929,82e7088080000000000000000000000000000000000000000000000000000000000000000000000000000000000000000000
535454,499390,8,36064,0232f9022f830306
535468,499404,128,36064,83048d9c94cb566e3b6934fa77258d68ea18e931fa75e1aaaa80b902046c459a2800000000000000000000000038de71124f7a447a01d67945a51edce9ff49125100000000000000000000000000000000000000000000000000000000000000800000000000000000000000000000000000000000000000000000000064fad9
535597,499533,100,36064,00000000000000000000000000000000000000000000000000000000000001400000000000000000000000000000000000000000000000000000000000000084704316e500000000000000000000000000000000000000000000000000000000000000b8
535729,529300,32,6429,000000000000000000000000000000000000000000000000000000000000000a
535761,535697,63,64,fa6b94d13d796b9cc0277fafd7b4a9b5b7af6e93e3fe0261479d160811e0679d00000000000000000000000000000000000000000000000000000000000000
535824,524779,29,11045,0000000000000000000000000000000000000000000000000000000082
535926,535851,1,75,00
535973,535926,1,47,00
535982,499310,80,36672,1b00000000000000000000000000000000000000000000000000000000000082e70880800000000000000000000000000000000000000000000000000000000000000000000000000000000000000000
536068,500003,6,36065,8435a4e90083
536078,527105,20,8973,6131b5fae19ea4f9d964eac0408e4408b66337b5
536100,527187,256,8913,0824e21fd0e90000000000000000000000000000000000000000000000000000000000000020000000000000000000000000d1b47490209ccb7a806e8a45d9479490c040abf4000000000000000000000000000000000000000000000000000000000000000000000000000000000000000000000000000000000000000000000000000000a000000000000000000000000000000000000000000000000000000000000003a000000000000000000000000000000000000000000000000000000000000005e000000000000000000000000000000000000000000000000000000000000002e00000000000000000000000000000000000000000000000000000
536356,527443,50,8913,00000000002000000000000000000000000000000000000000000000000000000000000000c0000000000000000000000000
536406,527525,33,8881,176211869ca2b568f2a7d4ee941e073a821ee1ff000000000000000000000000ee
536439,504710,31,31729,eeeeeeeeeeeeeeeeeeeeeeeeeeeeeeeeeeeeee000000000000000000000000
536470,512668,20,23802,3d391afffed2255a2dd00325c3a96a5a8e023ff8
536490,529721,31,6769,0000000000000000000000000000000000000000000000000000000064fa89
536522,527609,256,8913,00000000000000000000000000000000000000000000000000000000000002800000000000000000000000000000000000000000000000000000000000000001000000000000000000000000000000000000000000000000000000000000002000000000000000000000000000000000000000000000000000000000000000010000000000000000000000000000000000000000000000000000000000000020000000000000000000000000000000000000000000000000000000000000004063407a490000000000000000000000000000000000000000000000000000000200000000000000000000000000000000000000000000000000000000000000e0
536778,527865,44,8913,000000000000000000000000d1b47490209ccb7a806e8a45d9479490c040abf4000000000000000000000000
536842,530841,92,6001,000000000000000000000000176211869ca2b568f2a7d4ee941e073a821ee1ff000000000000000000000000e5d7c2a44ffddf6b295a15c148167daaaf5cf34f00000000000000000000000000000000000000000000000000000000
536938,531352,95,5586,0000000000000000000000000000000000000000000000000000000000000000000000000000000000000000000000000000000000000000000000000000000000000000000000000000000000000000000000000000000000000000000000
537034,524852,12,12182,00000000000000000000002e
537050,536737,9,313,000000000000000002
537066,536394,76,672,000000000000000000000000176211869ca2b568f2a7d4ee941e073a821ee1ff000000000000000000000000eeeeeeeeeeeeeeeeeeeeeeeeeeeeeeeeeeeeeeee000000000000000000000000
537142,530917,128,6225,000000000000000000000000000000000000016000000000000000000000000000000000000000000000000000000000000001a000000000000000000000000000000000000000000000000000000000000001e00000000000000000000000000000000000000000000000000000000000000200000000000000000000000000
537270,536470,48,800,3d391afffed2255a2dd00325c3a96a5a8e023ff800000000000000000000000000000000000000000000000000000000
537318,536934,28,384,13ab6680000000000000000000000000000000000000000000000000
537354,531129,188,6225,000000000000000000000000000000000000000000000000000000000000000000000000000000000000000000000000000000000000000000000000000002200000000000000000000000000000000000000000000000000000000000000001000000000000000000000000d1b47490209ccb7a806e8a45d9479490c040abf4000000000000000000000000000000000000000000000000000000000000000100000000000000000000000000000000000000000000000000000000
537542,536934,99,608,13ab66800000000000000000000000000000000000000000000000000000000000000000000000000000000000000000000000000000000000000000000000000000000000000000000000000000000000000000000000000000000000000000000000
537641,537482,32,159,0000000000000000000000000000000000000000000000000000000000000001
537674,531449,11,6225,7b22536f75726365223a22
537694,531469,17,6225,222c22416d6f756e74496e555344223a22
537714,531490,3,6224,2e3333
537717,531504,18,6213,222c22416d6f756e744f7574555344223a22
537741,489509,3,48232,393434
537753,531540,68,6213,222c22526566657272616c223a22222c22466c616773223a332c22496e74656772697479496e666f223a7b224b65794944223a2231222c225369676e6174757265223a22
537890,537809,3,81,536967
537963,535518,3,2445,7a447a
538163,531950,23,6213,3d3d227d7d000000000000000000000000000000000000
538186,524905,53,13281,82e7088080000000000000000000000000000000000000000000000000000000000000000000000000000000000000000000000000
538239,519199,7,19040,7202f86f82e708
538253,538248,4,5,8432aff4
538280,527908,2,10372,00d5
538282,519242,19,19040,80b844095ea7b3000000000000000000000000
538321,538215,24,106,000000000000000000000000000000000000000000000000
538351,480270,48,58081,0000c0000000000000000000000000000000000000000000000000000000000000000000000000000000000000000000
538399,480319,9,58080,7202f86f82e7080384
538408,519208,11,19200,3105b974843105b9748301
538419,500010,42,38409,635394176211869ca2b568f2a7d4ee941e073a821ee1ff80b844095ea7b3000000000000000000000000
538461,532966,48,5495,032b241de86a8660f1ae0691a4760b426ea246d700000000000000000000000000000000000000000000000000000000
538513,520433,46,18080,c0000000000000000000000000000000000000000000000000000000000000000000000000000000000000000001
538559,503359,3,35200,5402f9
538563,503363,4,35200,5082e708
538568,473069,4,65499,84310507
538573,538568,5,5,843105077d
538589,493378,2,45211,0090
538603,534083,3,4520,80b901
538611,537387,30,1224,000000000000000000000000000000000000000000000000000000000002
538643,534155,13,4488,0000000000000000000000000b
538675,487010,29,51665,000000000000000000000000000000000000000000000000000000000c
538707,538611,44,96,00000000000000000000000000000000000000000000000000000000000250ed000000000000000000000000
538751,535000,51,3751,00000000000000000000000000000000000000a000000000000000000000000000000000000000000000000000000000000000
538867,491731,75,47136,1b00000000000000000000000000000000000000000000000000000000000000c0000000000000000000000000000000000000000000000000000000000000000000000000000000000000
538942,536062,5,2880,084ff9084c
538957,536077,256,2880,946131b5fae19ea4f9d964eac0408e4408b66337b580b90824e21fd0e90000000000000000000000000000000000000000000000000000000000000020000000000000000000000000d1b47490209ccb7a806e8a45d9479490c040abf4000000000000000000000000000000000000000000000000000000000000000000000000000000000000000000000000000000000000000000000000000000a000000000000000000000000000000000000000000000000000000000000003a000000000000000000000000000000000000000000000000000000000000005e000000000000000000000000000000000000000000000000000000000000002e0000000
539213,536333,137,2880,000000000000000000000000000000000000000000000000000000002000000000000000000000000000000000000000000000000000000000000000c0000000000000000000000000176211869ca2b568f2a7d4ee941e073a821ee1ff000000000000000000000000eeeeeeeeeeeeeeeeeeeeeeeeeeeeeeeeeeeeeeee000000000000000000000000
539370,536490,31,2880,0000000000000000000000000000000000000000000000000000000064fa89
539402,536522,256,2880,00000000000000000000000000000000000000000000000000000000000002800000000000000000000000000000000000000000000000000000000000000001000000000000000000000000000000000000000000000000000000000000002000000000000000000000000000000000000000000000000000000000000000010000000000000000000000000000000000000000000000000000000000000020000000000000000000000000000000000000000000000000000000000000004063407a490000000000000000000000000000000000000000000000000000000200000000000000000000000000000000000000000000000000000000000000e0
539658,536778,156,2880,000000000000000000000000d1b47490209ccb7a806e8a45d9479490c040abf4000000000000000000000000e8190c17f5071b98e3d3ab1d6a8e711884e10d22000000000000000000000000176211869ca2b568f2a7d4ee941e073a821ee1ff000000000000000000000000e5d7c2a44ffddf6b295a15c148167daaaf5cf34f00000000000000000000000000000000000000000000000000000000
539814,539813,1,1,00
539818,536938,107,2880,0000000000000000000000000000000000000000000000000000000000000000000000000000000000000000000000000000000000000000000000000000000000000000000000000000000000000000000000000000000000000000000000200000000000000000000000
539930,513877,10,26053,0000000000000000001b
539946,537066,204,2880,000000000000000000000000176211869ca2b568f2a7d4ee941e073a821ee1ff000000000000000000000000eeeeeeeeeeeeeeeeeeeeeeeeeeeeeeeeeeeeeeee000000000000000000000000000000000000000000000000000000000000016000000000000000000000000000000000000000000000000000000000000001a000000000000000000000000000000000000000000000000000000000000001e00000000000000000000000000000000000000000000000000000000000000200000000000000000000000000
540150,539350,48,800,65337b9afc0ef799b452f90e32d02ca76461a95a00000000000000000000000000000000000000000000000000000000
540198,539814,29,384,00c2247e00000000000000000000000000000000000000000000000000
540234,537354,188,2880,000000000000000000000000000000000000000000000000000000000000000000000000000000000000000000000000000000000000000000000000000002200000000000000000000000000000000000000000000000000000000000000001000000000000000000000000d1b47490209ccb7a806e8a45d9479490c040abf4000000000000000000000000000000000000000000000000000000000000000100000000000000000000000000000000000000000000000000000000
540422,539814,99,608,00c2247e0000000000000000000000000000000000000000000000000000000000000000000000000000000000000000000000000000000000000000000000000000000000000000000000000000000000000000000000000000000000000000000000
540521,531416,44,9105,0000000000000000000000000000000000000000000000000000000000000001fa7b22536f75726365223a22
540565,537685,26,2880,6b7962657273776170222c22416d6f756e74496e555344223a22
540596,479923,3,60673,363034
540600,521786,3,18814,333235
540603,531500,3,9103,393939
540606,531501,22,9105,393938222c22416d6f756e744f7574555344223a2231
540628,540592,3,36,322e37
540631,521727,3,18904,323838
540637,520207,3,20430,323833
540640,520275,3,20365,313034
540644,528846,69,11798,38222c22526566657272616c223a22222c22466c616773223a332c22496e74656772697479496e666f223a7b224b65794944223a2231222c225369676e6174757265223a22
541054,531949,12,9105,413d3d227d7d000000000000
541066,538186,53,2880,82e7088080000000000000000000000000000000000000000000000000000000000000000000000000000000000000000000000000
541119,519039,7,22080,7102f86e82e708
541127,520390,11,20737,842f8e89be842f8e89c882
541141,535160,20,5981,7d43aabc515c356145049227cee54b608342c0ad
541161,538442,19,2719,80b844095ea7b3000000000000000000000000
541180,533190,43,7990,80e38291e06339d10aab483c65695d004dbd5c690000000000000000000000000000000000000000000000
541223,481482,9,59741,01cc88d6729bd9dced
541233,541073,46,160,00000000000000000000000000000000000000000000000000000000000000000000000000000000000000000000
541279,508927,7,32352,7902f87682e708
541286,480997,3,60289,16842f
541289,519370,9,21919,8e89be842f8e89c883
541329,508977,3,32352,00b844
541336,488145,102,53191,00000000000000000000000000000000000000000000000000000000000000010000000000000000000000000000000000000000000000000000000000000001c000000000000000000000000000000000000000000000000000000000000000000000000000
541438,520990,12,20448,01f402f901f082e70880842f
541450,541289,10,161,8e89be842f8e89c88302
541460,521012,222,20448,05aa940872ec4426103482a50f26ffc32acefcec61b3c980b901c4d4dfd6bc0000000000000000000000000000000000000000000000000000000000000000000000000000000000000000000000000000000000000000000000000000000000000000000000000000000000000000000000000000000000000000000000000000000000000000000000000000000000000000000000000000000000000001000000000000000000000000000000000000000000000000000000000000000100000000000000000000000000000000000000000000000000000000652211
541683,523978,160,17705,00000000000000000000000000000000000000000000000000000000000000000000000000000000000000000000000000000000000000000000000000000005000000000000000000000000000000000000000000000000000000000000000000000000000000000000000000000000000000000000000000000000000001400000000000000000000000000000000000000000000000000000000000000041
541907,521459,76,20448,1c00000000000000000000000000000000000000000000000000000000000000c000000000000000000000000000000000000000000000000000000000000000000000000000000000000001
541983,502463,3,39520,5b02f9
541987,502467,4,39520,5782e708
541992,519368,12,22624,842f8e89be842f8e89c88303
542007,538461,20,3546,032b241de86a8660f1ae0691a4760b426ea246d7
542028,520780,4,21248,470de4df
542033,508465,4,33568,0000b901
542042,532638,76,9404,000000000000000000000000000000000000000000000000000000000000002000000000000000000000000000000000000000000000000000000000000000a0000000000000000000000000
542138,520755,29,21383,00000000000000000000000000000000000000000000000000470de4df
542168,541952,31,216,00000000000000000000000000000000000000000000000000000000000001
542202,539370,31,2832,0000000000000000000000000000000000000000000000000000000064fa89
542234,534283,96,7951,000000000000000000000000000000000000000000000000000000000000002be5d7c2a44ffddf6b295a15c148167daaaf5cf34f0001f4176211869ca2b568f2a7d4ee941e073a821ee1ff000000000000000000000000000000000000000000
542330,534010,37,8320,c0000000000000000000000000000000000000000000000000000000000000000000000001
542367,541983,8,384,5b02f9015782e708
542375,541447,12,928,80842f8e89be842f8e89c883
542419,542035,3,384,b90124
542426,542335,31,91,00000000000000000000000000000000000000000000000000000000000000
542458,504051,95,38407,000000000000000000000000000000000000000000000000000000000000006000000000000000000000000000000000000000000000000000000000000000a000000000000000000000000000000000000000000000000000000000000000
542559,541179,2,1380,0080
542574,541766,43,808,00000000000000000000000000000000000000000000000000000000000000000000000000000000000000
542618,539624,31,2994,00020000000000000000000000000000000000000000000000000000000000
542652,540272,25,2380,00000000000000000000000000000000000000000000000002
542682,528435,3,14247,000050
542685,542555,29,130,65d26cf60080425710e2d76079bb4e3e3419c900000000000000000000
542715,538203,44,4512,0000000000000000000000000000000000000000000000000000000000000000000000007202f86f82e70881
542760,541127,11,1633,842f8e89be842f8e89c882
542773,538261,40,4512,944af15ec2a0bd43db75dd04e62faa3b8ef36b00d580b844095ea7b3000000000000000000000000
542813,541180,20,1633,80e38291e06339d10aab483c65695d004dbd5c69
542833,519281,78,23552,ffffffffffffffffffffffffffffffffffffffffffffffffffffffffffffffffc0000000000000000000000000000000000000000000000000000000000000000000000000000000000000000002
542912,519360,3,23552,02f902
542916,520386,14,22530,82e70819842f8e89be842f8e89c8
542935,488316,20,54619,685cea02c4a8ba4d6279e882bdd90129c1267cd0
542964,490604,3,52360,b90264
542971,529817,158,13154,00000000000000000000000000000000000000000000000000000000000000200000000000000000000000000000000000000000000000000000000000000002000000000000000000000000000000000000000000000000000000000000004000000000000000000000000000000000000000000000000000000000000001e0000000000000000000000000000000000000000000000000000000000000
543135,530841,94,12294,000000000000000000000000176211869ca2b568f2a7d4ee941e073a821ee1ff000000000000000000000000e5d7c2a44ffddf6b295a15c148167daaaf5cf34f000000000000000000000000000000000000000000000000000000000000
543231,542620,30,611,000000000000000000000000000000000000000000000000000000000003
543263,543231,30,32,000000000000000000000000000000000000000000000000000000000003
543295,542974,29,321,0000000000000000000000000000000000000000000000000000000020
543327,533121,25,10206,00000000000000000000000000000000000000000000000004
543352,542957,7,395,b7ec32bafca47c
543359,519736,29,23623,000000000000000000000000000000000000000000000000000000001e
543391,543327,25,64,00000000000000000000000000000000000000000000000004
543423,518753,13,24670,00000000000000000000000097
543436,496913,19,46523,7111160f89b83f43ad0ec11ac65f69810697e2
543455,519411,31,24044,0000000000000000000000000000000000000000000000000000000064fa86
543487,486276,60,57211,000000000000000000000000000000000000000000000000000000000000000000000000000000000000000000000000000000000000000000000004
543547,533146,32,10401,12210e8a00000000000000000000000000000000000000000000000000000000
543580,524956,36,18624,00000000000000000000000000000000000000000000000000000000000000000000021c
543616,542912,3,704,02f902
543620,542916,3,704,82e708
543624,508935,12,34689,842f8de966842f8de96f8305
543638,508438,21,35200,94f82537fb6c56a3b50092d3951f84f5f6c835b4f5
543666,542033,4,1633,0000b901
543671,519407,35,24264,5ae401dc0000000000000000000000000000000000000000000000000000000064fa86
543707,516844,126,26863,000000000000000000000000000000000000000000000000000000000000004000000000000000000000000000000000000000000000000000000000000000010000000000000000000000000000000000000000000000000000000000000020000000000000000000000000000000000000000000000000000000000000
543839,542971,63,868,000000000000000000000000000000000000000000000000000000000000002000000000000000000000000000000000000000000000000000000000000000
543903,491866,13,52037,00000000000000000000000076
543935,543809,25,126,00000000000000000000000000000000000000000000000001
543960,543661,7,299,1c37937e080000
543967,532130,29,11837,0000000000000000000000000000000000000000000000000000000007
543999,543871,31,128,00000000000000000000000000000000000000000000000000000000000000
544031,543179,21,852,e5d7c2a44ffddf6b295a15c148167daaaf5cf34f00
544054,535160,21,8894,7d43aabc515c356145049227cee54b608342c0ad00
544077,520575,51,23502,eb466342c4d449bc9f53a865d5cb90586f40521500000000000000000000000000000000000000000000000000000000000000
544128,508352,63,35776,000000000000000000000000000000000000000000000000000000c00000000000000000000000000000000000000000000000000000000000000000000001
544191,506111,8,38080,1a02f9011682e708
544199,508934,12,35265,01842f8de966842f8de96f83
544214,506134,22,38080,948731d54e9d02c286767d56ac03e8037c07e01e9887
544242,490130,128,54112,96b8e41114cd2a000000000000000000000000000000000000000000000000000000000000006e000000000000000000000000240f58621fcb510fd96c58983e93234525d12ce700000000000000000000000000000000000000000000000000000000000000a000000000000000000000000000000000000000000000000000
544375,544317,27,58,000000000000000000000000000000000000000000000000000000
544408,490296,102,54112,000000000000000000000000000000000000000000000000000000000000000014240f58621fcb510fd96c58983e93234525d12ce7000000000000000000000000c0000000000000000000000000000000000000000000000000000000000000000000000000
544510,521886,9,22624,013302f9012f82e708
544519,491271,11,53248,08842f8de966842f8de96f
544530,521906,128,22624,827e5494d1a3abf42f9e66be86cfdea8c5c2c74f041c5e1480b901045b7d7482000000000000000000000000000000000000000000000000000000000000004000000000000000000000000000000000000000000000000000000000000000a00000000000000000000000000000000000000000000000000000000000000040
544662,489466,3,55196,623531
544665,505416,3,39249,393834
544677,520215,3,24462,386261
544680,505915,3,38765,356439
544694,505510,3,39184,623766
544706,489150,3,55556,636135
544712,489362,3,55350,653436
544717,505430,3,39287,383363
544722,522098,33,22624,000000000000000000000000000000000000000000000000000000000000004033
544755,479860,3,64895,363832
544761,505404,3,39357,316166
544764,521805,3,22959,626635
544768,522189,3,22579,346565
544793,489459,4,55334,61393835
544797,521708,5,23089,3336313738
544802,520187,3,24615,663066
544805,479836,3,64969,636161
544818,521842,53,22976,c000000000000000000000000000000000000000000000000000000000000000000000000000000000000000013302f9012f82e708
544871,544519,139,352,08842f8de966842f8de96f827e5494d1a3abf42f9e66be86cfdea8c5c2c74f041c5e1480b901045b7d7482000000000000000000000000000000000000000000000000000000000000004000000000000000000000000000000000000000000000000000000000000000a00000000000000000000000000000000000000000000000000000000000000040
545010,521807,3,23203,353631
545018,520233,3,24785,323232
545028,479949,3,65079,313763
545032,489140,3,55892,303732
545038,544691,3,347,666535
545046,544791,3,255,306561
545052,505946,3,39106,386231
545061,545059,3,2,373137
545064,545048,3,16,613462
545068,544807,3,261,613364
545071,544659,3,412,333938
545074,544626,34,448,00000000000000000000000000000000000000000000000000000000000000406333
545116,506019,3,39097,363062
545120,505396,3,39724,666164
545123,522088,3,23035,383461
545127,522086,3,23041,316538
545132,505517,3,39615,646232
545137,520220,3,24917,323337
545147,544772,3,375,663431
545155,545113,3,42,383065
545159,479855,3,65304,373330
545162,505914,3,39248,363564
545165,489517,3,55648,623530
545171,519315,52,25856,00000000000000000000000000000000000000000000000000000000000000000000000000000000000000027402f9027082e708
545223,508423,12,36800,02842f8de966842f8de96f83
545238,543638,21,1600,94f82537fb6c56a3b50092d3951f84f5f6c835b4f5
545259,519403,39,25856,80b902445ae401dc0000000000000000000000000000000000000000000000000000000064fa86
545298,543706,64,1592,29000000000000000000000000000000000000000000000000000000000000004000000000000000000000000000000000000000000000000000000000000000
545362,519506,195,25856,020000000000000000000000000000000000000000000000000000000000000040000000000000000000000000000000000000000000000000000000000000016000000000000000000000000000000000000000000000000000000000000000e404e45aaf000000000000000000000000176211869ca2b568f2a7d4ee941e073a821ee1ff000000000000000000000000e5d7c2a44ffddf6b295a15c148167daaaf5cf34f000000000000000000000000000000000000000000000000000000000000
545559,492282,61,53277,00000000000000000000000000000000000000000000000000000000000000020000000000000000000000000000000000000000000000000000000001
545620,509197,3,36423,cdb4b8
545623,545369,26,254,0000000000000000000000000000000000000000000000000040
545655,519799,121,25856,000000000000000000000000000000000000000000000000000000000000000000000000000000000000000000000000000000000000000000000000000000000000000000000000000000000000000000000000000000000000004449404b7c00000000000000000000000000000000000000000000000000
545776,545648,19,128,40d658bc4817ad000000000000000000000000
545795,512968,20,32827,e821e4b24562b8f659dbd1997bd42c8e9b01a8cc
545815,493399,72,52416,00000000000000000000000000000000000000000000000000000000c000000000000000000000000000000000000000000000000000000000000000000000000000000000000000
545891,544196,15,1695,82e70801842f8de966842f8de96f83
545909,508949,21,36960,94009a0b7c38b542208936f1179151cd08e2943833
545937,539466,76,6471,00000000000000000000000000000000000000000000000000000000000000200000000000000000000000000000000000000000000000000000000000000001000000000000000000000000
546013,508996,20,37017,c7d8489dae3d2ebef075b1db2257e2c231c9d231
546034,545701,45,333,000000000000000000000000000000000000000000000000000000000000000000000000000000000000000000
546079,493471,6,52608,3102ef82e708
546091,546086,4,5,842e1566
546096,524873,4,21223,82520894
546118,546078,1,40,00
546125,524516,3,21609,400080
546128,509200,100,36928,c0000000000000000000000000000000000000000000000000000000000000000000000000000000000000000000010df9010a01842aea5400829d78940872ec4426103482a50f26ffc32acefcec61b3c980b8e4f242432a000000000000000000000000
546228,525392,20,20836,6fbd15b97c874984c8dbe899bfb7038494a7ff52
546248,509960,256,36288,000000000000000000000000aec3cacef9457ff2821d9f85429ce3d90b0014590000000000000000000000000000000000000000000000000000000000000005000000000000000000000000000000000000000000000000000000000000000100000000000000000000000000000000000000000000000000000000000000a00000000000000000000000000000000000000000000000000000000000000000000000000000000000000000000000000000000000000000000000000000000082e70880800000000000000000000000000000000000000000000000000000000000000000000000000000000000000000000000000001eff901ec80842aea54
546504,510216,225,36288,0083015f90940872ec4426103482a50f26ffc32acefcec61b3c980b901c4d4dfd6bc0000000000000000000000000000000000000000000000000000000000000000000000000000000000000000000000000000000000000000000000000000000000000000000000000000000000000000000000000000000000000000000000000000000000000000000000000000000000000000000000000000000000000001000000000000000000000000000000000000000000000000000000000000000100000000000000000000000000000000000000000000000000000000651417
546730,541683,160,5047,00000000000000000000000000000000000000000000000000000000000000000000000000000000000000000000000000000000000000000000000000000005000000000000000000000000000000000000000000000000000000000000000000000000000000000000000000000000000000000000000000000000000001400000000000000000000000000000000000000000000000000000000000000041
546913,546888,1,25,00
546954,484266,85,62688,1c0000000000000000000000000000000000000000000000000000000000000082e7088080000000000000000000000000000000000000000000000000000000000000000000000000000000000000000000000001
547039,546175,53,864,0df9010a01842aea5400829d78940872ec4426103482a50f26ffc32acefcec61b3c980b8e4f242432a000000000000000000000000
547092,525412,20,21680,a9edeba478fff66f7851cd5de570f893d6ae8ec3
547112,494248,256,52864,000000000000000000000000aec3cacef9457ff2821d9f85429ce3d90b0014590000000000000000000000000000000000000000000000000000000000000005000000000000000000000000000000000000000000000000000000000000000100000000000000000000000000000000000000000000000000000000000000a00000000000000000000000000000000000000000000000000000000000000000000000000000000000000000000000000000000000000000000000000000000082e70880800000000000000000000000000000000000000000000000000000000000000000000000000000000000000000000000000001eff901ec80842aea54
547368,494504,225,52864,0083015f90940872ec4426103482a50f26ffc32acefcec61b3c980b901c4d4dfd6bc0000000000000000000000000000000000000000000000000000000000000000000000000000000000000000000000000000000000000000000000000000000000000000000000000000000000000000000000000000000000000000000000000000000000000000000000000000000000000000000000000000000000000001000000000000000000000000000000000000000000000000000000000000000100000000000000000000000000000000000000000000000000000000651415
547594,546730,160,864,00000000000000000000000000000000000000000000000000000000000000000000000000000000000000000000000000000000000000000000000000000005000000000000000000000000000000000000000000000000000000000000000000000000000000000000000000000000000000000000000000000000000001400000000000000000000000000000000000000000000000000000000000000041
547818,484266,256,63552,1c0000000000000000000000000000000000000000000000000000000000000082e7088080000000000000000000000000000000000000000000000000000000000000000000000000000000000000000000000001eff901ec80842aea540083015f90940872ec4426103482a50f26ffc32acefcec61b3c980b901c4d4dfd6bc0000000000000000000000000000000000000000000000000000000000000000000000000000000000000000000000000000000000000000000000000000000000000000000000000000000000000000000000000000000000000000000000000000000000000000000000000000000000000000000000000000000000000001
548074,484522,62,63552,0000000000000000000000000000000000000000000000000000000000000001000000000000000000000000000000000000000000000000000000006514
548138,547594,160,544,00000000000000000000000000000000000000000000000000000000000000000000000000000000000000000000000000000000000000000000000000000005000000000000000000000000000000000000000000000000000000000000000000000000000000000000000000000000000000000000000000000000000001400000000000000000000000000000000000000000000000000000000000000041
548304,526813,2,21491,005a
548330,546227,2,2103,006f
548362,547818,97,544,1c0000000000000000000000000000000000000000000000000000000000000082e7088080000000000000000000000000000000000000000000000000000000000000000000000000000000000000000000000001eff901ec80842aea54008301
548459,485099,222,63360,591c940872ec4426103482a50f26ffc32acefcec61b3c980b901c4d4dfd6bc0000000000000000000000000000000000000000000000000000000000000000000000000000000000000000000000000000000000000000000000000000000000000000000000000000000000000000000000000000000000000000000000000000000000000000000000000000000000000000000000000000000000000001000000000000000000000000000000000000000000000000000000000000000100000000000000000000000000000000000000000000000000000000652212
548682,548138,160,544,00000000000000000000000000000000000000000000000000000000000000000000000000000000000000000000000000000000000000000000000000000005000000000000000000000000000000000000000000000000000000000000000000000000000000000000000000000000000000000000000000000000000001400000000000000000000000000000000000000000000000000000000000000041
548906,524202,87,24704,1c0000000000000000000000000000000000000000000000000000000000000082e70880800000000000000000000000000000000000000000000000000000000000000000000000000000000000000000000000002ceb
548993,484897,10,64096,51842aea540082520894
549010,505010,2,44000,00d0
549023,524415,66,24608,865af3107a40008082e70880800000000000000000000000000000000000000000000000000000000000000000000000000000000000000000000000000000002ceb
549089,548993,10,96,51842aea540082520894
549119,549023,76,96,865af3107a40008082e70880800000000000000000000000000000000000000000000000000000000000000000000000000000000000000000000000000000002ceb51842aea540082520894
549206,543994,2,5212,0007
549215,549119,64,96,865af3107a40008082e7088080000000000000000000000000000000000000000000000000000000000000000000000000000000000000000000000000000000
549279,490527,33,58752,000000000000000000000000000000000000000000000000000000000000000294
549332,533898,20,15434,39b98fe0d13ad4bd835f2005c9739f55ecff88b8
549372,525072,20,24300,55663dd72a8730d4fd90f2181bb403b5c5e3c774
549392,512648,40,36744,b8ff877ed78ba520ece21b1de7843a8a57ca47cb3d391afffed2255a2dd00325c3a96a5a8e023ff8
549472,497152,20,52320,905ef06810b5d168d0c8d351593ed5d1880dbc28
549492,540150,20,9342,65337b9afc0ef799b452f90e32d02ca76461a95a
549512,486044,20,63468,2c9947b165e0c718a3cbf7d39e8e80d79cc9f5d9
549572,542118,20,7454,d15b3ac5c7b448b371537ea8a8ac6e95f298774e
549592,542684,20,6908,5065d26cf60080425710e2d76079bb4e3e3419c9
549632,543435,20,6197,977111160f89b83f43ad0ec11ac65f69810697e2
549652,543915,20,5737,768bf1e818b88d9899d21850d9535c9856576ae9
549672,544441,20,5231,240f58621fcb510fd96c58983e93234525d12ce7
549732,545795,20,3937,e821e4b24562b8f659dbd1997bd42c8e9b01a8cc
549752,485964,20,63788,42601170d8cb28522671979bd89a708b93ac11b1
549772,486064,20,63708,b7e5462af10b5386ffa973f7a0f3a51f5b37c210
549792,546228,20,3564,6fbd15b97c874984c8dbe899bfb7038494a7ff52
549812,524299,20,25513,6a97863f0ae8314798c87b7f21126ac79487082c
549832,547092,20,2740,a9edeba478fff66f7851cd5de570f893d6ae8ec3
549852,524491,20,25361,ac4cf2a362e636080733e9b65d3989c42daf97e4
549872,524395,20,25477,ccce7918b489b838b820713305ad05aafd3c0420
549892,524877,20,25015,878a7994197676f430b684c9bc27942a430cb201
549912,497352,20,52560,f269e8574583c27fe74b69b3f998a64efd8d0448
549932,497312,20,52620,c65347b43019f8f453d7b486d259fd6146da334e
549952,497372,20,52580,40082e6f1c15d2b27b3de80cb7ad04e9ed121900
549972,549971,75,1,000000000000000000000000000000000000000000000000000000000000000000000000000000000000000000000000000000000000000000000000000000000000000000000000000000
550048,547208,62,2840,00000000000000000000000000000000000000000000000000000000000000a0000000000000000000000000000000000000000000000000000000000000
550112,526752,62,23360,0000000000000000000000000000000000000000000000000000000000005a80000000000000000000000000000000000000000000000000000000000000
550176,535666,31,14510,000000000000000000000000000000000000000000000000000000000000b8
550239,502287,31,47952,1f0000000000000000000000000000000000000000000000000000000064fa
550272,544124,62,6148,00000000000000000000000000000000000000000000000000000000000000c0000000000000000000000000000000000000000000000000000000000000
550336,514176,31,36160,0000000000000000000000000000000000000000000000000000000000002a
550367,549152,32,1215,000000000000000000000000000000000000000000000000000000000000002c
550399,550015,32,384,0000000000000000000000000000000000000000000000000000000000000000
550432,534605,62,15827,0000000000000000000000000000000000000000000000000000000000000300000000000000000000000000000000000000000000000000000000000000
550496,486816,62,63680,0000000000000000000000000000000000000000000000000000000000000600000000000000000000000000000000000000000000000000000000000000
550560,535021,31,15539,0000000000000000000000000000000000000000000000000000000000000f
550592,550560,30,32,000000000000000000000000000000000000000000000000000000000000
550624,527061,31,23563,00000000000000000000000000000000000000000000000000000000000013
550656,550624,31,32,00000000000000000000000000000000000000000000000000000000000013
550687,550623,32,64,8000000000000000000000000000000000000000000000000000000000000013
550720,544410,31,6310,00000000000000000000000000000000000000000000000000000000000014
550751,497919,32,52832,8000000000000000000000000000000000000000000000000000000000000016
550784,513760,31,37024,00000000000000000000000000000000000000000000000000000000000017
550816,513792,31,37024,00000000000000000000000000000000000000000000000000000000000019
550848,513792,62,37056,00000000000000000000000000000000000000000000000000000000000019a0000000000000000000000000000000000000000000000000000000000000
550912,504378,31,46534,0000000000000000000000000000000000000000000000000000000000001c
550943,487327,32,63616,e00000000000000000000000000000000000000000000000000000000000001d
550976,498048,31,52928,0000000000000000000000000000000000000000000000000000000000001e
551007,513951,32,37056,8000000000000000000000000000000000000000000000000000000000000020
551040,525888,31,25152,00000000000000000000000000000000000000000000000000000000000022
551071,487487,32,63584,c000000000000000000000000000000000000000000000000000000000000024
551104,514080,31,37024,00000000000000000000000000000000000000000000000000000000000026
551136,551104,31,32,00000000000000000000000000000000000000000000000000000000000026
551168,551136,31,32,00000000000000000000000000000000000000000000000000000000000026
551199,540105,32,11094,e000000000000000000000000000000000000000000000000000000000000002
551231,535455,7,15776,32f9022f830306
551239,499399,3,51840,843ad3
551244,535468,128,15776,83048d9c94cb566e3b6934fa77258d68ea18e931fa75e1aaaa80b902046c459a2800000000000000000000000038de71124f7a447a01d67945a51edce9ff49125100000000000000000000000000000000000000000000000000000000000000800000000000000000000000000000000000000000000000000000000064fad9
551373,498925,100,52448,00000000000000000000000000000000000000000000000000000000000001400000000000000000000000000000000000000000000000000000000000000084704316e5000000000000000000000000000000000000000000000000000000000000006f
551505,544409,32,7096,0000000000000000000000000000000000000000000000000000000000000014
551537,551473,63,64,abaed32e7b5671ba76c34c9525a6781313a1eb43f6abca32361b25d5a67acb7200000000000000000000000000000000000000000000000000000000000000
551600,548910,29,2690,0000000000000000000000000000000000000000000000000000000082
551758,499918,84,51840,1c00000000000000000000000000000000000000000000000000000000000082e70880800000000000000000000000000000000000000000000000000000000000000000000000000000000000000000006df86b
551843,500003,7,51840,8435a4e9008301
551852,538261,60,13591,944af15ec2a0bd43db75dd04e62faa3b8ef36b00d580b844095ea7b3000000000000000000000000bc7f67fa9c72f9fccf917cbcee2a50deb031462a
551912,542834,31,9078,ffffffffffffffffffffffffffffffffffffffffffffffffffffffffffffff
551944,500104,66,51840,82e708808000000000000000000000000000000000000000000000000000000000000000000000000000000000000000000000000000079e02f9079a82e7080a8431
552013,552008,4,5,84310676
552018,500178,3,51840,83043e
552022,500182,41,51840,940cab6977a9c70e04458b740476b498b21401964186accdd281e000b90768a4d73041000000000acd
552065,500225,3,51840,64f83b
552069,500485,20,51584,fe952def1c0e295048374ccd0b8ebe7001f1123e
552097,500257,3,51840,651fc8
552101,539990,20,12111,eeeeeeeeeeeeeeeeeeeeeeeeeeeeeeeeeeeeeeee
552133,504965,20,47168,7538262ae993ca117a0e481f908209137a46268e
552212,537044,2,15168,002e
552217,500377,64,51840,00000000000000000000000000000000000000000000000000000000000000c00000000000000000000000000000000000000000000000000000000000000680
552281,517708,13,34573,00000000000000000000000023
552294,500454,81,51840,e0c0e69d69659089f15f1c90c52909d3131888003201000000000000c803e8fe952def1c0e295048374ccd0b8ebe7001f1123e000000000000accdd281e000000000000000000000000000000000000000
552377,502041,31,50336,000000000000accdd281e0000000000000000000000000000000000000000c
552409,502073,31,50336,000000000000accdd281e00000000000000000000000000000000000000009
552441,552345,31,96,000000000000accdd281e00000000000000000000000000000000000000012
552473,552409,31,64,000000000000accdd281e00000000000000000000000000000000000000009
552505,552473,31,32,000000000000accdd281e00000000000000000000000000000000000000009
552537,552441,31,96,000000000000accdd281e00000000000000000000000000000000000000012
552569,552377,31,192,000000000000accdd281e0000000000000000000000000000000000000000c
552601,552505,31,96,000000000000accdd281e00000000000000000000000000000000000000009
552633,552537,31,96,000000000000accdd281e00000000000000000000000000000000000000012
552665,552601,31,64,000000000000accdd281e00000000000000000000000000000000000000009
552697,552569,31,128,000000000000accdd281e0000000000000000000000000000000000000000c
552729,552665,31,64,000000000000accdd281e00000000000000000000000000000000000000009
552761,501785,31,50976,000000000000accdd281e0000000000000000000000000000000000000000d
552793,552633,31,160,000000000000accdd281e00000000000000000000000000000000000000012
552825,501593,31,51232,000000000000accdd281e00000000000000000000000000000000000000007
552857,552793,31,64,000000000000accdd281e00000000000000000000000000000000000000012
552889,552825,31,64,000000000000accdd281e00000000000000000000000000000000000000007
552921,552889,31,32,000000000000accdd281e00000000000000000000000000000000000000007
552953,552761,31,192,000000000000accdd281e0000000000000000000000000000000000000000d
552985,552921,31,64,000000000000accdd281e00000000000000000000000000000000000000007
553017,552953,31,64,000000000000accdd281e0000000000000000000000000000000000000000d
553049,552857,31,192,000000000000accdd281e00000000000000000000000000000000000000012
553081,552729,31,352,000000000000accdd281e00000000000000000000000000000000000000009
553113,552985,31,128,000000000000accdd281e00000000000000000000000000000000000000007
553145,553049,31,96,000000000000accdd281e00000000000000000000000000000000000000012
553177,553017,31,160,000000000000accdd281e0000000000000000000000000000000000000000d
553209,553145,31,64,000000000000accdd281e00000000000000000000000000000000000000012
553241,553081,31,160,000000000000accdd281e00000000000000000000000000000000000000009
553273,553113,31,160,000000000000accdd281e00000000000000000000000000000000000000007
553305,553177,31,128,000000000000accdd281e0000000000000000000000000000000000000000d
553337,553241,31,96,000000000000accdd281e00000000000000000000000000000000000000009
553369,553273,31,96,000000000000accdd281e00000000000000000000000000000000000000007
553401,553209,31,192,000000000000accdd281e00000000000000000000000000000000000000012
553433,553369,31,64,000000000000accdd281e00000000000000000000000000000000000000007
553465,553337,31,128,000000000000accdd281e00000000000000000000000000000000000000009
553497,553401,31,96,000000000000accdd281e00000000000000000000000000000000000000012
553529,553305,31,224,000000000000accdd281e0000000000000000000000000000000000000000d
553561,553433,31,128,000000000000accdd281e00000000000000000000000000000000000000007
553593,553465,31,128,000000000000accdd281e00000000000000000000000000000000000000009
553625,553593,31,32,000000000000accdd281e00000000000000000000000000000000000000009
553657,553497,31,160,000000000000accdd281e00000000000000000000000000000000000000012
553689,553657,31,32,000000000000accdd281e00000000000000000000000000000000000000012
553721,553561,31,160,000000000000accdd281e00000000000000000000000000000000000000007
553753,553529,31,224,000000000000accdd281e0000000000000000000000000000000000000000d
553785,553689,31,96,000000000000accdd281e00000000000000000000000000000000000000012
553817,553753,31,64,000000000000accdd281e0000000000000000000000000000000000000000d
553849,553625,31,224,000000000000accdd281e00000000000000000000000000000000000000009
553881,501561,31,52320,000000000000accdd281e00000000000000000000000000000000000000010
553913,553817,31,96,000000000000accdd281e0000000000000000000000000000000000000000d
553945,502105,38,51840,801aa9b9c0000000000000000000000000000000000000000000000000000000000000000001
553983,541439,10,12544,f402f901f082e7088084
553997,553992,4,5,843105c7
554002,512041,224,41961,8301591c940872ec4426103482a50f26ffc32acefcec61b3c980b901c4d4dfd6bc0000000000000000000000000000000000000000000000000000000000000000000000000000000000000000000000000000000000000000000000000000000000000000000000000000000000000000000000000000000000000000000000000000000000000000000000000000000000000000000000000000000000000001000000000000000000000000000000000000000000000000000000000000000100000000000000000000000000000000000000000000000000000000652211
554227,548682,160,5545,00000000000000000000000000000000000000000000000000000000000000000000000000000000000000000000000000000000000000000000000000000005000000000000000000000000000000000000000000000000000000000000000000000000000000000000000000000000000000000000000000000000000001400000000000000000000000000000000000000000000000000000000000000041
554451,541907,75,12544,1c00000000000000000000000000000000000000000000000000000000000000c0000000000000000000000000000000000000000000000000000000000000000000000000000000000000
554526,551838,4,2688,006df86b
554531,553997,4,534,843105c7
554536,519217,96,35319,83011c4294176211869ca2b568f2a7d4ee941e073a821ee1ff80b844095ea7b30000000000000000000000001d0188c4b276a09366d05d6be06af61a73bc7535ffffffffffffffffffffffffffffffffffffffffffffffffffffffffffffffff
554632,498728,55,55904,82e70880800000000000000000000000000000000000000000000000000000000000000000000000000000000000000000000000000002
554692,554531,6,161,843105c7de83
554701,545238,59,9463,94f82537fb6c56a3b50092d3951f84f5f6c835b4f580b902445ae401dc0000000000000000000000000000000000000000000000000000000064fa
554762,545299,256,9463,000000000000000000000000000000000000000000000000000000000000004000000000000000000000000000000000000000000000000000000000000000020000000000000000000000000000000000000000000000000000000000000040000000000000000000000000000000000000000000000000000000000000016000000000000000000000000000000000000000000000000000000000000000e404e45aaf000000000000000000000000176211869ca2b568f2a7d4ee941e073a821ee1ff000000000000000000000000e5d7c2a44ffddf6b295a15c148167daaaf5cf34f00000000000000000000000000000000000000000000000000000000
555018,545555,64,9463,000009c4000000000000000000000000000000000000000000000000000000000000000200000000000000000000000000000000000000000000000000000000
555082,555081,1,1,00
555086,550885,26,4201,000000000000000000000000000000000000000000000000001a
555118,545655,121,9463,000000000000000000000000000000000000000000000000000000000000000000000000000000000000000000000000000000000000000000000000000000000000000000000000000000000000000000000000000000000000004449404b7c00000000000000000000000000000000000000000000000000
555239,555111,19,128,1ab0498dd3a35e000000000000000000000000
555278,548910,81,6368,0000000000000000000000000000000000000000000000000000000082e7088080000000000000000000000000000000000000000000000000000000000000000000000000000000000000000000000000
555359,520383,6,34976,3202f082e708
555365,519367,3,35998,15842f
555370,555365,5,5,15842f8d88
555376,549191,4,6185,82520894
555407,546126,48,9281,0080c0000000000000000000000000000000000000000000000000000000000000000000000000000000000000000000
555458,555362,3,96,82e708
555462,555366,10,96,842f8d8815842f8d881f
555472,493489,78,61983,83010b3694cce9d3f392c135dc038b147ca73ec496f7f89d938084183ff085c000000000000000000000000000000000000000000000000000000000000000000000000000000000000000000000
555550,541118,8,14432,007102f86e82e708
555558,521543,4,34015,04842f8d
555562,555369,8,193,8815842f8d881f82
555573,544077,20,11496,eb466342c4d449bc9f53a865d5cb90586f405215
555593,554561,19,1032,80b844095ea7b3000000000000000000000000
555612,520503,20,35109,438670d41d5118003b2f42cc0466fbadd760dbf4
555632,555025,29,607,0000000000000000000000000000000000000000000000000000000002
555664,546128,47,9536,c000000000000000000000000000000000000000000000000000000000000000000000000000000000000000000001
555711,508415,8,47296,db02f901d782e708
555720,555462,11,258,842f8d8815842f8d881f83
555734,519382,21,36352,94678aa4bf4e210cf2166753e054d5b7c31cc7fa86
555761,504304,3,51457,8000b9
555764,508468,36,47296,01a45ae401dc0000000000000000000000000000000000000000000000000000000064fa
555802,508506,240,47296,00000000000000000000000000000000000000000000000000000000000000400000000000000000000000000000000000000000000000000000000000000001000000000000000000000000000000000000000000000000000000000000002000000000000000000000000000000000000000000000000000000000000000e404e45aaf000000000000000000000000e5d7c2a44ffddf6b295a15c148167daaaf5cf34f000000000000000000000000176211869ca2b568f2a7d4ee941e073a821ee1ff0000000000000000000000000000000000000000000000000000000000000064000000000000000000000000
556042,497032,20,59010,89a4bc5894638349219fac69d0c1df27204d6800
556062,555635,26,427,0000000000000000000000000000000000000000000000000002
556088,555757,6,331,21b262dd8000
556094,513601,30,42493,00000000000000000000000000000000000000000000000000000000000e
556126,533950,97,22176,000000000000000000000000000000000000000000000000000000000000000000000000000000000000000000000000000000000000000000000000c0000000000000000000000000000000000000000000000000000000000000000000000001
556223,521535,12,34688,3302f9012f82e70804842f8d
556235,555562,8,673,8815842f8d881f82
556243,544883,127,11360,7e5494d1a3abf42f9e66be86cfdea8c5c2c74f041c5e1480b901045b7d7482000000000000000000000000000000000000000000000000000000000000004000000000000000000000000000000000000000000000000000000000000000a00000000000000000000000000000000000000000000000000000000000000040
556374,545124,3,11250,346130
556380,544787,3,11593,386430
556392,521693,3,34699,643634
556398,522140,3,34258,653062
556401,545130,3,11271,643764
556410,545151,3,11259,633665
556413,545013,3,11400,306431
556417,521734,3,34683,623962
556428,522172,3,34256,643037
556434,544978,33,11456,000000000000000000000000000000000000000000000000000000000000004035
556481,520287,3,36194,326163
556489,556472,4,17,36626463
556512,521808,3,34704,363138
556519,505518,3,51001,623230
556527,556427,3,100,636430
556530,544818,53,11712,c000000000000000000000000000000000000000000000000000000000000000000000000000000000000000013302f9012f82e708
556584,556232,138,352,842f8d8815842f8d881f827e5494d1a3abf42f9e66be86cfdea8c5c2c74f041c5e1480b901045b7d7482000000000000000000000000000000000000000000000000000000000000004000000000000000000000000000000000000000000000000000000000000000a00000000000000000000000000000000000000000000000000000000000000040
556726,544712,3,12014,653436
556731,520310,3,36421,353034
556736,544666,3,12070,383464
556743,505427,3,51316,626565
556750,545111,3,11639,636538
556756,531711,3,25045,643035
556759,522130,4,34629,33346166
556764,556428,3,336,643037
556769,545128,3,11641,653864
556772,545032,4,11740,30373236
556782,531498,4,25284,34373939
556786,556690,32,96,0000000000000000000000000000000000000000000000000000000000000040
556818,505413,3,51405,376666
556821,522178,3,34643,303766
556827,556485,3,342,303463
556834,505933,4,50901,62393134
556838,556823,3,15,663738
556848,505941,3,50907,646138
556851,520230,3,36621,323936
556856,506014,3,50842,303231
556864,531536,4,25328,32363432
556870,556744,3,126,656535
556873,556774,3,99,323637
556883,555411,50,1472,00000000000000000000000000000000000000000000000000000000000000000000000000000000000000003002ee82e708
556939,556934,4,5,842f82ca
556944,555472,78,1472,83010b3694cce9d3f392c135dc038b147ca73ec496f7f89d938084183ff085c000000000000000000000000000000000000000000000000000000000000000000000000000000000000000000000
557024,556576,3,448,02f901
557028,542372,6,14656,82e70880842f
557034,556936,9,98,82ca84842f82ca8e83
557046,544214,21,12832,948731d54e9d02c286767d56ac03e8037c07e01e98
557074,544241,52,12833,9296b8e41114cd2a000000000000000000000000000000000000000000000000000000000000006e000000000000000000000000
557146,556658,56,488,00000000000000000000000000000000000000000000000000000000000000a0000000000000000000000000000000000000000000000000
557202,543959,32,13243,011c37937e080000000000000000000000000000000000000000000000000000
557240,556989,33,251,000000000000000000000000000000000000000000000000000000000000000000
557274,557126,32,148,47fa3f0393d9f04bea2d05406d53c4083b9ed75a000000000000000000000000
557306,556186,37,1120,c0000000000000000000000000000000000000000000000000000000000000000000000001
557343,555711,8,1632,db02f901d782e708
557357,557352,4,5,842f7d85
557366,555734,22,1632,94678aa4bf4e210cf2166753e054d5b7c31cc7fa8687
557393,508465,39,48928,0000b901a45ae401dc0000000000000000000000000000000000000000000000000000000064fa
557432,555800,228,1632,85bd00000000000000000000000000000000000000000000000000000000000000400000000000000000000000000000000000000000000000000000000000000001000000000000000000000000000000000000000000000000000000000000002000000000000000000000000000000000000000000000000000000000000000e404e45aaf000000000000000000000000e5d7c2a44ffddf6b295a15c148167daaaf5cf34f000000000000000000000000176211869ca2b568f2a7d4ee941e073a821ee1ff000000000000000000000000000000000000000000000000000000000000
557662,493367,57,64295,000000000000000000000000905ef06810b5d168d0c8d351593ed5d1880dbc2800000000000000000000000000000000000000000000000000
557719,557388,7,331,b1a2bc2ec50000
557726,543518,29,14208,0000000000000000000000000000000000000000000000000000000004
557758,516318,97,41440,000000000000000000000000000000000000000000000000000000000000000000000000000000000000000000000000000000000000000000000000c0000000000000000000000000000000000000000000000000000000000000000000000000
557855,493471,7,64384,3102ef82e70881
557863,557352,11,511,842f7d8575842f7d857f83
557874,556945,76,929,010b3694cce9d3f392c135dc038b147ca73ec496f7f89d938084183ff085c0000000000000000000000000000000000000000000000000000000000000000000000000000000000000000000
557950,547038,54,10912,010df9010a01842aea5400829d78940872ec4426103482a50f26ffc32acefcec61b3c980b8e4f242432a000000000000000000000000
558024,547112,256,10912,000000000000000000000000aec3cacef9457ff2821d9f85429ce3d90b0014590000000000000000000000000000000000000000000000000000000000000005000000000000000000000000000000000000000000000000000000000000000100000000000000000000000000000000000000000000000000000000000000a00000000000000000000000000000000000000000000000000000000000000000000000000000000000000000000000000000000000000000000000000000000082e70880800000000000000000000000000000000000000000000000000000000000000000000000000000000000000000000000000001eff901ec80842aea54
558280,547368,224,10912,0083015f90940872ec4426103482a50f26ffc32acefcec61b3c980b901c4d4dfd6bc00000000000000000000000000000000000000000000000000000000000000000000000000000000000000000000000000000000000000000000000000000000000000000000000000000000000000000000000000000000000000000000000000000000000000000000000000000000000000000000000000000000000000010000000000000000000000000000000000000000000000000000000000000001000000000000000000000000000000000000000000000000000000006514
558506,554227,160,4279,00000000000000000000000000000000000000000000000000000000000000000000000000000000000000000000000000000000000000000000000000000005000000000000000000000000000000000000000000000000000000000000000000000000000000000000000000000000000000000000000000000000000001400000000000000000000000000000000000000000000000000000000000000041
558730,547818,256,10912,1c0000000000000000000000000000000000000000000000000000000000000082e7088080000000000000000000000000000000000000000000000000000000000000000000000000000000000000000000000001eff901ec80842aea540083015f90940872ec4426103482a50f26ffc32acefcec61b3c980b901c4d4dfd6bc0000000000000000000000000000000000000000000000000000000000000000000000000000000000000000000000000000000000000000000000000000000000000000000000000000000000000000000000000000000000000000000000000000000000000000000000000000000000000000000000000000000000000001
558986,548074,62,10912,0000000000000000000000000000000000000000000000000000000000000001000000000000000000000000000000000000000000000000000000006514
559050,558506,160,544,00000000000000000000000000000000000000000000000000000000000000000000000000000000000000000000000000000000000000000000000000000005000000000000000000000000000000000000000000000000000000000000000000000000000000000000000000000000000000000000000000000000000001400000000000000000000000000000000000000000000000000000000000000041
559242,540341,3,18901,00d1b4
559274,511210,256,48064,1b0000000000000000000000000000000000000000000000000000000000000082e7088080000000000000000000000000000000000000000000000000000000000000000000000000000000000000000000000001eff901ec80842aea540083015f90940872ec4426103482a50f26ffc32acefcec61b3c980b901c4d4dfd6bc0000000000000000000000000000000000000000000000000000000000000000000000000000000000000000000000000000000000000000000000000000000000000000000000000000000000000000000000000000000000000000000000000000000000000000000000000000000000000000000000000000000000000001
559530,511466,63,48064,000000000000000000000000000000000000000000000000000000000000000100000000000000000000000000000000000000000000000000000000651416
559594,559050,160,544,00000000000000000000000000000000000000000000000000000000000000000000000000000000000000000000000000000000000000000000000000000005000000000000000000000000000000000000000000000000000000000000000000000000000000000000000000000000000000000000000000000000000001400000000000000000000000000000000000000000000000000000000000000041
559818,546954,138,12864,1c0000000000000000000000000000000000000000000000000000000000000082e70880800000000000000000000000000000000000000000000000000000000000000000000000000000000000000000000000010df9010a01842aea5400829d78940872ec4426103482a50f26ffc32acefcec61b3c980b8e4f242432a000000000000000000000000
559976,558024,246,1952,000000000000000000000000aec3cacef9457ff2821d9f85429ce3d90b0014590000000000000000000000000000000000000000000000000000000000000005000000000000000000000000000000000000000000000000000000000000000100000000000000000000000000000000000000000000000000000000000000a00000000000000000000000000000000000000000000000000000000000000000000000000000000000000000000000000000000000000000000000000000000082e708808000000000000000000000000000000000000000000000000000000000000000000000000000000000000000000000000000
560222,524286,13,35936,002ceb4d842aea540082520894
560254,524510,65,35744,e4865af3107a40008082e7088080000000000000000000000000000000000000000000000000000000000000000000000000000000000000000000000000000000
560322,560226,9,96,842aea540082520894
560351,511967,77,48384,865af3107a40008082e7088080000000000000000000000000000000000000000000000000000000000000000000000000000000000000000000000000000001eff901ec80842aea5400830159
560429,554006,220,6423,940872ec4426103482a50f26ffc32acefcec61b3c980b901c4d4dfd6bc0000000000000000000000000000000000000000000000000000000000000000000000000000000000000000000000000000000000000000000000000000000000000000000000000000000000000000000000000000000000000000000000000000000000000000000000000000000000000000000000000000000000000001000000000000000000000000000000000000000000000000000000000000000100000000000000000000000000000000000000000000000000000000652211
560650,559594,160,1056,00000000000000000000000000000000000000000000000000000000000000000000000000000000000000000000000000000000000000000000000000000005000000000000000000000000000000000000000000000000000000000000000000000000000000000000000000000000000000000000000000000000000001400000000000000000000000000000000000000000000000000000000000000041
560867,507334,2,53533,008b
560874,496714,116,64160,1c0000000000000000000000000000000000000000000000000000000000000082e708808000000000000000000000000000000000000000000000000000000000000000000000000000000000000000000000000000000000000000000000000000000000000000000000000000000000000000
560992,549392,40,11600,b8ff877ed78ba520ece21b1de7843a8a57ca47cb3d391afffed2255a2dd00325c3a96a5a8e023ff8
561032,552089,8,8943,bf8248d17d9ca769
561040,552121,12,8919,372eeee6baefdb307e6f0cd9
561053,560989,1,64,00
561092,555258,20,5834,c580de5739fdcfc0bbae90d362f22226d39c113b
561112,525232,20,35880,859e8a75af297726c506d297613af5bd396ff61c
561152,525252,20,35900,d42aa370fcd06c683b7154ffa799a8e00ac0121e
561172,556042,20,5130,89a4bc5894638349219fac69d0c1df27204d6800
561252,557274,20,3978,47fa3f0393d9f04bea2d05406d53c4083b9ed75a
561272,557674,20,3598,905ef06810b5d168d0c8d351593ed5d1880dbc28
561312,558004,20,3308,bc0a8765716721371096a903b7a1c624bb168a89
561372,518716,3,42656,ff0bc8
561392,559956,20,1436,c080831b236a8cfbd6de0ee05c43394f987ece85
561412,513128,20,48284,f6f8b5bc021ff67a9932346447dd7e78aa674224
561432,513108,20,48324,9dbad420963e53775a51ea9aad4afa3af6e5d753
561472,560958,32,514,0000000000000000000000000000000000000000000000000000000000000000
561536,550240,31,11296,0000000000000000000000000000000000000000000000000000000064fa84
561568,557787,62,3781,00000000000000000000000000000000000000000000000000000000000000c0000000000000000000000000000000000000000000000000000000000000
561631,561599,32,32,c00000000000000000000000000000000000000000000000000000000000002a
561664,513344,31,48320,0000000000000000000000000000000000000000000000000000000000002d
561696,525760,94,35936,00000000000000000000000000000000000000000000000000000000000000210000000000000000000000000000000000000000000000000000000000000420000000000000000000000000000000000000000000000000000000000000
561791,497727,32,64064,8000000000000000000000000000000000000000000000000000000000000004
561824,560683,31,1141,00000000000000000000000000000000000000000000000000000000000005
561856,551968,31,9888,00000000000000000000000000000000000000000000000000000000000007
561888,513568,31,48320,0000000000000000000000000000000000000000000000000000000000000b
561920,561888,30,32,000000000000000000000000000000000000000000000000000000000000
561951,517569,64,44382,000000000000000000000000000000000000000000000000000000000000000d000000000000000000000000000000000000000000000000000000000000000d
562016,561984,31,32,0000000000000000000000000000000000000000000000000000000000000d
562048,550560,31,11488,0000000000000000000000000000000000000000000000000000000000000f
562080,562048,31,32,0000000000000000000000000000000000000000000000000000000000000f
562112,497856,31,64256,00000000000000000000000000000000000000000000000000000000000011
562143,561983,31,160,00000000000000000000000000000000000000000000000000000000000000
562176,513696,31,48480,00000000000000000000000000000000000000000000000000000000000015
562208,562176,31,32,00000000000000000000000000000000000000000000000000000000000015
562240,550401,31,11839,00000000000000000000000000000000000000000000000000000000000018
562272,562240,31,32,00000000000000000000000000000000000000000000000000000000000018
562303,550879,32,11424,a00000000000000000000000000000000000000000000000000000000000001a
562335,562143,31,192,00000000000000000000000000000000000000000000000000000000000000
562367,513823,63,48544,a00000000000000000000000000000000000000000000000000000000000001b00000000000000000000000000000000000000000000000000000000000000
562431,513887,32,48544,600000000000000000000000000000000000000000000000000000000000001d
562464,550976,31,11488,0000000000000000000000000000000000000000000000000000000000001e
562496,525538,31,36958,0000000000000000000000000000000000000000000000000000000000001f
562528,513952,63,48576,00000000000000000000000000000000000000000000000000000000000020e000000000000000000000000000000000000000000000000000000000000022
562592,517690,31,44902,00000000000000000000000000000000000000000000000000000000000023
562624,525920,31,36704,00000000000000000000000000000000000000000000000000000000000025
562656,562624,30,32,000000000000000000000000000000000000000000000000000000000000
562687,525951,63,36736,a00000000000000000000000000000000000000000000000000000000000002800000000000000000000000000000000000000000000000000000000000000
562752,562720,31,32,00000000000000000000000000000000000000000000000000000000000029
562784,514400,39,48384,000000000000000000000000000000000000000000000000000000000000003602f482e70882ab
562824,514440,16,48384,8502040eba5285026b44df95825a3c94
562860,514476,50,48384,87354a6ba7a1800780c000000000000000000000000000000000000000000000000000000000000000000000000000000000
562910,562814,9,96,003602f482e70882ab
562920,562824,16,96,8502040eba5285026b44df95825a3c94
562956,562860,51,96,87354a6ba7a1800780c00000000000000000000000000000000000000000000000000000000000000000000000000000000000
563007,554527,3,8480,6df86b
563016,554536,64,8480,83011c4294176211869ca2b568f2a7d4ee941e073a821ee1ff80b844095ea7b30000000000000000000000001d0188c4b276a09366d05d6be06af61a73bc7535
563080,561858,29,1222,0000000000000000000000000000000000000000000000000000000007
563111,498727,63,64384,0082e7088080000000000000000000000000000000000000000000000000000000000000000000000000000000000000000000000000000232f9022f830306
563175,551239,233,11936,843ad3bca483048d9c94cb566e3b6934fa77258d68ea18e931fa75e1aaaa80b902046c459a2800000000000000000000000038de71124f7a447a01d67945a51edce9ff49125100000000000000000000000000000000000000000000000000000000000000800000000000000000000000000000000000000000000000000000000064fad90900000000000000000000000000000000000000000000000000000000000001400000000000000000000000000000000000000000000000000000000000000084704316e500000000000000000000000000000000000000000000000000000000000000
563440,551504,33,11936,720000000000000000000000000000000000000000000000000000000000000014
563473,563409,63,64,965b76bdec6e193347f103cb9ea805908d191a800a9d444d190fbf787b494e7200000000000000000000000000000000000000000000000000000000000000
563536,560878,29,2658,0000000000000000000000000000000000000000000000000000000082
563582,546012,2,17570,00c7
563694,551758,80,11936,1c00000000000000000000000000000000000000000000000000000000000082e70880800000000000000000000000000000000000000000000000000000000000000000000000000000000000000000
563774,517182,8,46592,0392f9038f830305
563788,517196,129,46592,8313f7c094a658742d33ebd2ce2f0bdff73515aa797fd161d980b90364252f7b01000000000000000000000000000000000000000000000000000000000000006f00000000000000000000000045f1a95a4d3f3836523f5c83673c797f4d4d263b0000000000000000000000000000000000000000000000000000000000043238
563917,551537,32,12380,abaed32e7b5671ba76c34c9525a6781313a1eb43f6abca32361b25d5a67acb72
563949,551537,63,12412,abaed32e7b5671ba76c34c9525a6781313a1eb43f6abca32361b25d5a67acb7200000000000000000000000000000000000000000000000000000000000000
564012,517420,72,46592,c000000000000000000000000000000000000000000000000000000000000002740000000000000000000000004d73adb72bc3dd368966edd0f0b2148401a178e20000000000008a
564085,517493,230,46592,006f701a95707a0290ac8b90b3719e8ee5b21036088300b745f1a95a4d3f3836523f5c83673c797f4d4d263b0000000000000000000000000000000000000000000000000000000000000001000000000000000000000000000000000000000000000000000000000000000d000000000000000000000000000000000000000000000000000000000000000d00000000000000000000000000000000000000000000000000000000000000000000000000000000000000000000000000000000000000000000000000000000000000000000000000000000000000000000000000000023dc4e
564321,562117,26,2204,0000000000000000000000000000000000000000000000000011
564353,562563,28,1790,00000000000000000000000000000000000000000000000000000022
564384,552252,28,12132,00000000000000000000000000000000000000000000000000000006
564417,564254,58,163,00000000000000000000000000000000000000000000000000000000000000000000000000000000000000000000000000000000000000000000
564475,564411,31,64,06293689b00a00000000000000000000000000000000000000000000000000
564513,517921,96,46592,00000000000000000000000000000000000000000000000000000000000001c000000000000000000000000000000000000000000000000000000000000002000000000000000000000000000000000000000000000000000000000000000014
564629,560112,106,4517,000000000000000000000000000000000000000000000000000000000000000000000000000000000000000000000000000000000000000082e7088080000000000000000000000000000000000000000000000000000000000000000000000000000000000000000000
564735,562911,6,1824,3602f482e708
564747,564742,5,5,8435ecc242
564776,508459,8,56317,872386f26fc10000
564790,564694,41,96,0000000000000000000000000000000000000000000000000000000000000000000000000000000000
564835,551843,6,12992,8435a4e90083
564845,551892,20,12953,bc7f67fa9c72f9fccf917cbcee2a50deb031462a
564872,555022,55,9850,00000000000000000000000000000000000000000000000000000000000000020000000000000000000000000000000000000000000000
564935,564519,25,416,00000000000000000000000000000000000000000000000001
564968,536458,63,28510,0000000000000000000000003d391afffed2255a2dd00325c3a96a5a8e023ff80000000000000000000000000000000000000000000000000000000064fa89
565032,560906,55,4126,82e70880800000000000000000000000000000000000000000000000000000000000000000000000000000000000000000000000000000
565087,556927,6,8160,3002ee82e708
565093,556231,4,8862,04842f8d
565099,565094,4,5,842f8df2
565104,555472,79,9632,83010b3694cce9d3f392c135dc038b147ca73ec496f7f89d938084183ff085c00000000000000000000000000000000000000000000000000000000000000000000000000000000000000000000000
565187,520996,7,44191,82e70880842f8d
565194,565097,9,97,f2ce842f8df2d88301
565236,554455,72,10781,00000000000000000000000000000000000000000000000000000000c000000000000000000000000000000000000000000000000000000000000000000000000000000000000000
565308,564957,3,351,000001
565311,532159,3,33152,3b02f9
565315,532163,4,33152,3782e708
565319,565190,12,129,80842f8df2ce842f8df2d883
565362,557394,3,7968,00b901
565370,520531,96,44839,000000000000000000000000e5d7c2a44ffddf6b295a15c148167daaaf5cf34f000000000000000000000000eb466342c4d449bc9f53a865d5cb90586f4052150000000000000000000000000000000000000000000000000000000000000008
565466,565453,12,13,000000000000000000000000
565484,565477,1,7,00
565498,565000,31,498,0000000000000000000000000000000000000000000000000000000064fa89
565530,565501,25,29,00000000000000000000000000000000000000000000000000
565555,565356,7,199,7a3ecd9e139000
565562,563746,29,1816,0000000000000000000000000000000000000000000000000000000003
565594,557786,69,7808,0000000000000000000000000000000000000000000000000000000000000000c0000000000000000000000000000000000000000000000000000000000000000000000000
565663,565087,6,576,3002ee82e708
565670,565094,88,576,842f8df2ce842f8df2d883010b3694cce9d3f392c135dc038b147ca73ec496f7f89d938084183ff085c000000000000000000000000000000000000000000000000000000000000000000000000000000000000000000000
565758,565310,21,448,013b02f9013782e70880842f8df2ce842f8df2d883
565782,565334,22,448,94272e156df8da513c69cb41cc7a99185d53f926bb87
565804,509041,7,56763,071afd498d0000
565811,565363,51,448,b90104a8c9ed67000000000000000000000000e5d7c2a44ffddf6b295a15c148167daaaf5cf34f000000000000000000000000
565862,535160,51,30702,7d43aabc515c356145049227cee54b608342c0ad00000000000000000000000000000000000000000000000000000000000000
565914,557707,13,8207,000000000000000000000000b1
565946,565498,31,448,0000000000000000000000000000000000000000000000000000000064fa89
565978,509016,32,56962,00000000000000000000000000000000000000000000000000071afd498d0000
566010,561670,25,4340,0000000000000000000000000000000000000000000000002d
566042,565594,68,448,0000000000000000000000000000000000000000000000000000000000000000c00000000000000000000000000000000000000000000000000000000000000000000000
566112,545216,3,20896,02f902
566116,565764,3,352,82e708
566120,565768,11,352,842f8df2ce842f8df2d883
566133,506613,22,59520,1a9480e38291e06339d10aab483c65695d004dbd5c69
566155,563205,3,2950,80b902
566158,533369,62,32789,642cc4081e000000000000000000000000000000000000000000000000000000000000006000000000000000000000000000000000000000000000000000
566227,506715,31,59512,0000000000000000000000000000000000000000000000000000000064fab3
566259,533470,151,32789,0000000000000000000000000000000000000000000000000000000000000001000000000000000000000000000000000000000000000000000000000000002000000000000000000000000000000000000000000000000000000000000000600000000000000000000000007d43aabc515c356145049227cee54b608342c0ad0000000000000000000000000000000000000000000000
566418,533629,256,32789,00000000000000000000000000000000000000000000000000000000000000000100000000000000000000000000000000000000000000000000000000000000200000000000000000000000007f72e0d8e9abf9133a92322b8b50bd8e0f9dcfcb00000000000000000000000000000000000000000000000000000000000000800000000000000000000000000000000000000000000000000000000000000000000000000000000000000000000000000000000000000000000000000000010000000000000000000000000000000000000000000000000000000000000000600000000000000000000000007d43aabc515c356145049227cee54b608342c0
566674,533885,13,32789,ad000000000000000000000000
566707,566578,64,129,00000000000000000000000000000000000000000000000000000000000000010000000000000000000000000000000000000000000000000000000000000000
566771,541939,44,24832,c000000000000000000000000000000000000000000000000000000000000000000000000000000000000001
566815,565759,167,1056,3b02f9013782e70880842f8df2ce842f8df2d883032d9f94272e156df8da513c69cb41cc7a99185d53f926bb87071afd498d0000b90104a8c9ed67000000000000000000000000e5d7c2a44ffddf6b295a15c148167daaaf5cf34f0000000000000000000000007d43aabc515c356145049227cee54b608342c0ad0000000000000000000000000000000000000000000000000000000000000028000000000000000000000000
566982,512888,20,54094,1011d91f541332d6c308513fd77a7d2c4bcf7dcd
567002,565946,164,1056,0000000000000000000000000000000000000000000000000000000064fa894100000000000000000000000000000000000000000000000000071afd498d00000000000000000000000000000000000000000000000000002d9e4f3e121b282b0000000000000000000000000000000000000000000000000000000000000000c00000000000000000000000000000000000000000000000000000000000000000000000
567166,565662,7,1504,003002ee82e708
567173,520487,4,46686,06842f8d
567177,565673,85,1504,f2ce842f8df2d883010b3694cce9d3f392c135dc038b147ca73ec496f7f89d938084183ff085c000000000000000000000000000000000000000000000000000000000000000000000000000000000000000000000
567264,566112,3,1152,02f902
567268,565090,15,2178,82e70804842f8df2ce842f8df2d883
567286,566134,21,1152,9480e38291e06339d10aab483c65695d004dbd5c69
567314,566866,2,448,00b9
567316,566157,61,1159,02642cc4081e00000000000000000000000000000000000000000000000000000000000000600000000000000000000000000000000000000000000000
567386,566227,31,1159,0000000000000000000000000000000000000000000000000000000064fab3
567418,566259,108,1159,000000000000000000000000000000000000000000000000000000000000000100000000000000000000000000000000000000000000000000000000000000200000000000000000000000000000000000000000000000000000000000000060000000000000000000000000
567526,567525,45,1,000000000000000000000000000000000000000000000000000000000000000000000000000000000000000000
567571,567308,7,263,47e284055d0800
567578,566419,236,1159,000000000000000000000000000000000000000000000000000000000000000100000000000000000000000000000000000000000000000000000000000000200000000000000000000000007f72e0d8e9abf9133a92322b8b50bd8e0f9dcfcb0000000000000000000000000000000000000000000000000000000000000080000000000000000000000000000000000000000000000000000000000000000000000000000000000000000000000000000000000000000000000000000001000000000000000000000000000000000000000000000000000000000000000060000000000000000000000000
567814,566886,32,928,e5d7c2a44ffddf6b295a15c148167daaaf5cf34f000000000000000000000000
567846,549512,20,18334,2c9947b165e0c718a3cbf7d39e8e80d79cc9f5d9
567866,508315,99,59551,00000000000000000000000000000000000000000000000000000000000000020000000000000000000000000000000000000000000000000000000000000000c000000000000000000000000000000000000000000000000000000000000000000000
567965,555357,8,12608,00003202f082e708
567973,566823,4,1150,80842f8d
567977,555369,11,12608,8815842f8d881f82520894
568014,514377,3,53637,800080
568017,538513,46,29504,c0000000000000000000000000000000000000000000000000000000000000000000000000000000000000000001
568063,566815,12,1248,3b02f9013782e70880842f8d
568075,555723,9,12352,8815842f8d881f8303
568086,566838,80,1248,94272e156df8da513c69cb41cc7a99185d53f926bb87071afd498d0000b90104a8c9ed67000000000000000000000000e5d7c2a44ffddf6b295a15c148167daaaf5cf34f000000000000000000000000
568166,565414,50,2752,eb466342c4d449bc9f53a865d5cb90586f405215000000000000000000000000000000000000000000000000000000000000
568218,563048,13,5170,0000000000000000000000001d
568250,565498,57,2752,0000000000000000000000000000000000000000000000000000000064fa894d00000000000000000000000000000000000000000000000000
568307,567059,31,1248,071afd498d0000000000000000000000000000000000000000000000000000
568338,567962,7,376,00000000003202
568346,567898,69,448,0000000000000000000000000000000000000000000000000000000000000000c0000000000000000000000000000000000000000000000000000000000000000000000000
568415,541119,10,27296,7102f86e82e70805842f
568425,567976,9,449,8d8815842f8d881f82
568437,568134,20,303,e5d7c2a44ffddf6b295a15c148167daaaf5cf34f
568457,555593,64,12864,80b844095ea7b3000000000000000000000000438670d41d5118003b2f42cc0466fbadd760dbf400000000000000000000000000000000000000000000000000
568521,542163,7,26358,470de4df820000
568529,555313,52,13216,000000000000000000000000000000000000000000000000000000000000000000000000000000000000000000003202f082e708
568581,541286,3,27295,16842f
568584,567976,12,608,8d8815842f8d881f82520894
568623,568015,48,608,0080c0000000000000000000000000000000000000000000000000000000000000000000000000000000000000000001
568671,556575,8,12096,3302f9012f82e708
568679,545223,3,23456,02842f
568685,568680,4,5,842f8b80
568690,556594,128,12096,827e5494d1a3abf42f9e66be86cfdea8c5c2c74f041c5e1480b901045b7d7482000000000000000000000000000000000000000000000000000000000000004000000000000000000000000000000000000000000000000000000000000000a00000000000000000000000000000000000000000000000000000000000000040
568822,505956,3,62866,623666
568828,544794,3,24034,393835
568831,545112,3,23719,653830
568847,556527,3,12320,636430
568851,544785,3,24066,396338
568854,522139,3,46715,306530
568860,521692,3,47168,396436
568870,544783,3,24087,376639
568876,520198,3,48678,663336
568882,568786,32,96,0000000000000000000000000000000000000000000000000000000000000040
568914,522166,3,46748,363535
568918,545056,3,23862,353433
568921,556763,3,12158,316430
568928,545015,3,23913,316665
568933,568928,3,5,316665
568941,521695,3,47246,343230
568944,531493,3,37451,393335
568957,540632,3,28325,383836
568963,568959,3,4,363632
568970,545019,3,23951,323233
568974,505943,3,63031,383965
568978,556530,45,12448,c00000000000000000000000000000000000000000000000000000000000000000000000000000000000000001
569024,568672,3,352,02f901
569028,568068,6,960,82e70880842f
569034,568682,8,352,8b807f842f8b8089
569042,542386,3,26656,8303a5
569046,542390,21,26656,94c9b753d73b17ddb5e87093ff04a9e31845a43af0
569074,542419,38,26655,b90124126928c400000000000000000000000000000000000000000000000000000000000000
569113,542458,96,26655,000000000000000000000000000000000000000000000000000000000000006000000000000000000000000000000000000000000000000000000000000000a00000000000000000000000000000000000000000000000000000000000000014
569229,542574,102,26655,000000000000000000000000000000000000000000000000000000000000000000000000000000000000005600020000000000000000000000000000000000000000000000000000000000030d40000000000000000000000000000000000000000000000000
569331,568306,8,1025,00071afd498d0000
569339,569209,30,130,8590cb03d394974f2b0fa761c5e72af48e30013b00000000000000000000
569370,565050,43,4320,000000000000000000000000000000000000000000000000000000000000000000000000003002ee82e708
569414,546091,3,23323,842e15
569419,569414,4,5,842e1507
569424,565680,79,3744,83010b3694cce9d3f392c135dc038b147ca73ec496f7f89d938084183ff085c00000000000000000000000000000000000000000000000000000000000000000000000000000000000000000000001
569503,568671,8,832,3302f9012f82e708
569512,569419,3,93,842e15
569517,569512,4,5,842e156f
569522,568690,128,832,827e5494d1a3abf42f9e66be86cfdea8c5c2c74f041c5e1480b901045b7d7482000000000000000000000000000000000000000000000000000000000000004000000000000000000000000000000000000000000000000000000000000000a00000000000000000000000000000000000000000000000000000000000000040
569654,506025,3,63629,353234
569660,520302,3,49358,613964
569673,568968,3,705,386332
569687,544769,3,24918,656537
569701,556478,4,13223,32316232
569705,522065,3,47640,326666
569708,556871,3,12837,653532
569713,505969,33,63744,360000000000000000000000000000000000000000000000000000000000000040
569748,506012,3,63736,623630
569751,569669,3,82,643233
569754,556852,4,12902,39363762
569761,544806,3,24955,616133
569764,556869,3,12895,656565
569767,505436,3,64331,316133
569770,540636,3,29134,363238
569779,545134,3,24645,323234
569782,522170,3,47612,383064
569785,521823,3,47962,626465
569791,556863,3,12928,363236
569794,556497,3,13297,613862
569797,556414,3,13383,643134
569802,545131,3,24671,376462
569810,522194,98,47616,c000000000000000000000000000000000000000000000000000000000000000000000000000000000000000010df9010a01842aea5400829d78940872ec4426103482a50f26ffc32acefcec61b3c980b8e4f242432a000000000000000000000000
569908,561352,20,8556,82e9cf4869653e8d9d9e07d3156b137e87861187
569928,522632,256,47296,000000000000000000000000aec3cacef9457ff2821d9f85429ce3d90b0014590000000000000000000000000000000000000000000000000000000000000005000000000000000000000000000000000000000000000000000000000000000100000000000000000000000000000000000000000000000000000000000000a00000000000000000000000000000000000000000000000000000000000000000000000000000000000000000000000000000000000000000000000000000000082e708808000000000000000000000000000000000000000000000000000000000000000000000000000000000000000000000000000010df9010a01842aea54
570184,522888,44,47296,00829d78940872ec4426103482a50f26ffc32acefcec61b3c980b8e4f242432a000000000000000000000000
570228,561372,20,8856,ff0bc8f08aad3633c9eebd1298462ecb1cfcd3d8
570248,569928,256,320,000000000000000000000000aec3cacef9457ff2821d9f85429ce3d90b0014590000000000000000000000000000000000000000000000000000000000000005000000000000000000000000000000000000000000000000000000000000000100000000000000000000000000000000000000000000000000000000000000a00000000000000000000000000000000000000000000000000000000000000000000000000000000000000000000000000000000000000000000000000000000082e708808000000000000000000000000000000000000000000000000000000000000000000000000000000000000000000000000000010df9010a01842aea54
570504,570184,44,320,00829d78940872ec4426103482a50f26ffc32acefcec61b3c980b8e4f242432a000000000000000000000000
570548,561332,20,9216,37413b5fd8edefb6d11e15114e98604815e1490f
570568,558024,256,12544,000000000000000000000000aec3cacef9457ff2821d9f85429ce3d90b0014590000000000000000000000000000000000000000000000000000000000000005000000000000000000000000000000000000000000000000000000000000000100000000000000000000000000000000000000000000000000000000000000a00000000000000000000000000000000000000000000000000000000000000000000000000000000000000000000000000000000000000000000000000000000082e70880800000000000000000000000000000000000000000000000000000000000000000000000000000000000000000000000000001eff901ec80842aea54
570824,558280,225,12544,0083015f90940872ec4426103482a50f26ffc32acefcec61b3c980b901c4d4dfd6bc0000000000000000000000000000000000000000000000000000000000000000000000000000000000000000000000000000000000000000000000000000000000000000000000000000000000000000000000000000000000000000000000000000000000000000000000000000000000000000000000000000000000000001000000000000000000000000000000000000000000000000000000000000000100000000000000000000000000000000000000000000000000000000651414
571050,560650,160,10400,00000000000000000000000000000000000000000000000000000000000000000000000000000000000000000000000000000000000000000000000000000005000000000000000000000000000000000000000000000000000000000000000000000000000000000000000000000000000000000000000000000000000001400000000000000000000000000000000000000000000000000000000000000041
571273,548905,85,22368,6c1c0000000000000000000000000000000000000000000000000000000000000082e70880800000000000000000000000000000000000000000000000000000000000000000000000000000000000000000000000
571358,523198,235,48160,01eff901ec80842aea540083015f90940872ec4426103482a50f26ffc32acefcec61b3c980b901c4d4dfd6bc0000000000000000000000000000000000000000000000000000000000000000000000000000000000000000000000000000000000000000000000000000000000000000000000000000000000000000000000000000000000000000000000000000000000000000000000000000000000000000000000000000000000000001000000000000000000000000000000000000000000000000000000000000000100000000000000000000000000000000000000000000000000000000651418
571594,548682,161,22912,0000000000000000000000000000000000000000000000000000000000000000000000000000000000000000000000000000000000000000000000000000000500000000000000000000000000000000000000000000000000000000000000000000000000000000000000000000000000000000000000000000000000000140000000000000000000000000000000000000000000000000000000000000004165
571786,571752,2,34,0041
571818,548906,87,22912,1c0000000000000000000000000000000000000000000000000000000000000082e70880800000000000000000000000000000000000000000000000000000000000000000000000000000000000000000000000002ceb
571906,560322,9,11584,842aea540082520894
571935,524511,116,47424,865af3107a40008082e7088080000000000000000000000000000000000000000000000000000000000000000000000000000000000000000000000000000000ecf8ea01842aea5400829b28940872ec4426103482a50f26ffc32acefcec61b3c980b8c4f242432a000000000000000000000000
572051,561452,32,10599,b4dfff5516dbaf2c82df3f4adbbff1e9379b88e4000000000000000000000000
572083,524659,204,47424,01e4a663fffaf1430d3a36588b2c14b72231d8b40000000000000000000000000000000000000000000000000000000000000005000000000000000000000000000000000000000000000000000000000000000100000000000000000000000000000000000000000000000000000000000000a0000000000000000000000000000000000000000000000000000000000000000082e7088080000000000000000000000000000000000000000000000000000000000000000000000000000000000000000000000000000000
572287,560223,12,12064,2ceb4d842aea540082520894
572319,571935,64,384,865af3107a40008082e7088080000000000000000000000000000000000000000000000000000000000000000000000000000000000000000000000000000000
572383,524863,4,47520,2eed8202
572388,572290,9,98,842aea540082520894
572417,524897,94,47520,8654953ff6d0008082e7088080000000000000000000000000000000000000000000000000000000000000000000000000000000000000000000000000000000000000000000000000000000000000000000000000000000000000000002
572512,525012,20,47500,45a318273749d6eb00f5f6ca3bc7cd3de26d642a
572532,572512,20,20,45a318273749d6eb00f5f6ca3bc7cd3de26d642a
572572,560992,20,11580,b8ff877ed78ba520ece21b1de7843a8a57ca47cb
572592,525112,20,47480,e93685f3bba03016f02bd1828badd6195988d950
572632,564980,20,7652,3d391afffed2255a2dd00325c3a96a5a8e023ff8
572692,565478,20,7214,9e586e1ac1bb00a67fc25e1dbd35a2f5b8eb2eab
572732,565926,20,6806,b1cb55b33bfaf20d55b20df30741fab5e28d6afd
572752,566687,20,6065,7fa2a0db85e3dee05c6ada495391f8daf995acdf
572772,566982,20,5790,1011d91f541332d6c308513fd77a7d2c4bcf7dcd
572812,567846,20,4966,2c9947b165e0c718a3cbf7d39e8e80d79cc9f5d9
572852,568230,20,4622,1dd8bf4b97d1b8e034afcca66ed38d40fb2f5185
572872,561152,20,11720,d42aa370fcd06c683b7154ffa799a8e00ac0121e
572892,561112,20,11780,859e8a75af297726c506d297613af5bd396ff61c
572932,569339,20,3593,8590cb03d394974f2b0fa761c5e72af48e30013b
572972,572952,20,20,d428952b3d78072b3ea116405541c5ad68d5e66e
572992,561352,40,11640,82e9cf4869653e8d9d9e07d3156b137e87861187ff0bc8f08aad3633c9eebd1298462ecb1cfcd3d8
573032,570548,20,2484,37413b5fd8edefb6d11e15114e98604815e1490f
573052,560331,20,12721,bd427b3326458a257d4b550b5ed2e9943e7b647d
573072,560235,20,12837,3b86cc4429ad1a15726977815ad1a5035d08fbe4
573092,525472,20,47620,161dbc3f770dc97288eed3c864daba618a209a24
573112,572051,20,1061,b4dfff5516dbaf2c82df3f4adbbff1e9379b88e4
573132,525452,20,47680,b268e06dd9826e7c47c4b6bbc9f16df2d3bdc9ae
573152,525512,56,47640,01e4a663fffaf1430d3a36588b2c14b72231d8b4000000000000000000000000000000000000000000000000000000000000000000000000
573208,567082,9,6126,00000000000000002d
573248,561536,31,11712,0000000000000000000000000000000000000000000000000000000064fa84
573280,568347,62,4933,00000000000000000000000000000000000000000000000000000000000000c0000000000000000000000000000000000000000000000000000000000000
573343,525919,32,47424,0000000000000000000000000000000000000000000000000000000000000025
573376,562656,31,10720,00000000000000000000000000000000000000000000000000000000000027
573408,550400,94,23008,00000000000000000000000000000000000000000000000000000000000000180000000000000000000000000000000000000000000000000000000000000300000000000000000000000000000000000000000000000000000000000000
573502,513470,64,60032,036000000000000000000000000000000000000000000000000000000000000003c0000000000000000000000000000000000000000000000000000000000000
573568,554990,31,18578,00000000000000000000000000000000000000000000000000000000000009
573600,535730,31,37870,0000000000000000000000000000000000000000000000000000000000000a
573632,561888,31,11744,0000000000000000000000000000000000000000000000000000000000000b
573664,556093,31,17571,0000000000000000000000000000000000000000000000000000000000000e
573696,562080,31,11616,0000000000000000000000000000000000000000000000000000000000000f
573728,573696,31,32,0000000000000000000000000000000000000000000000000000000000000f
573759,550687,32,23072,8000000000000000000000000000000000000000000000000000000000000013
573791,562143,32,11648,0000000000000000000000000000000000000000000000000000000000000013
573824,562208,31,11616,00000000000000000000000000000000000000000000000000000000000015
573855,561473,32,12382,0000000000000000000000000000000000000000000000000000000000000016
573888,550848,31,23040,00000000000000000000000000000000000000000000000000000000000019
573919,513791,63,60128,0000000000000000000000000000000000000000000000000000000000000019a0000000000000000000000000000000000000000000000000000000000000
573984,513856,63,60128,0000000000000000000000000000000000000000000000000000000000001b600000000000000000000000000000000000000000000000000000000000001d
574048,562464,31,11584,0000000000000000000000000000000000000000000000000000000000001e
574079,525855,32,48224,c000000000000000000000000000000000000000000000000000000000000020
574112,564282,31,9830,00000000000000000000000000000000000000000000000000000000000023
574143,564281,32,9862,0000000000000000000000000000000000000000000000000000000000000023
574176,574144,31,32,00000000000000000000000000000000000000000000000000000000000023
574208,562880,39,11328,000000000000000000000000000000000000000000000000000000000000003602f482e70882ab
574248,562920,16,11328,8502040eba5285026b44df95825a3c94
574284,562860,59,11424,87354a6ba7a1800780c000000000000000000000000000000000000000000000000000000000000000000000000000000000003602f482e70882ab
574344,574248,16,96,8502040eba5285026b44df95825a3c94
574380,574284,50,96,87354a6ba7a1800780c000000000000000000000000000000000000000000000000000000000000000000000000000000000
574430,563166,8,11264,0232f9022f830306
574438,517190,3,57248,3a843a
574444,563180,128,11264,83048d9c94cb566e3b6934fa77258d68ea18e931fa75e1aaaa80b902046c459a2800000000000000000000000038de71124f7a447a01d67945a51edce9ff49125100000000000000000000000000000000000000000000000000000000000000800000000000000000000000000000000000000000000000000000000064fad9
574573,551373,100,23200,00000000000000000000000000000000000000000000000000000000000001400000000000000000000000000000000000000000000000000000000000000084704316e5000000000000000000000000000000000000000000000000000000000000006f
574705,569177,32,5528,0000000000000000000000000000000000000000000000000000000000000014
574737,574673,63,64,a3bff6519e716b0b479a48a3e1ebf774449f86fa7ba7bf1362930dfaece9f1f600000000000000000000000000000000000000000000000000000000000000
574800,572203,29,2597,0000000000000000000000000000000000000000000000000000000082
574958,563694,88,11264,1c00000000000000000000000000000000000000000000000000000000000082e708808000000000000000000000000000000000000000000000000000000000000000000000000000000000000000000392f9038f830305
575047,574439,6,608,843ad88e1183
575053,563789,63,11264,13f7c094a658742d33ebd2ce2f0bdff73515aa797fd161d980b90364252f7b0100000000000000000000000000000000000000000000000000000000000000
575117,563853,64,11264,00000000000000000000000045f1a95a4d3f3836523f5c83673c797f4d4d263b0000000000000000000000000000000000000000000000000000000000043238
575181,563473,32,11708,965b76bdec6e193347f103cb9ea805908d191a800a9d444d190fbf787b494e72
575213,563473,63,11740,965b76bdec6e193347f103cb9ea805908d191a800a9d444d190fbf787b494e7200000000000000000000000000000000000000000000000000000000000000
575276,564012,71,11264,c000000000000000000000000000000000000000000000000000000000000002740000000000000000000000004d73adb72bc3dd368966edd0f0b2148401a178e2000000000000
575349,575115,2,234,006e
575371,564107,205,11264,00b745f1a95a4d3f3836523f5c83673c797f4d4d263b0000000000000000000000000000000000000000000000000000000000000001000000000000000000000000000000000000000000000000000000000000000d000000000000000000000000000000000000000000000000000000000000000d000000000000000000000000000000000000000000000000000000000000000000000000000000000000000000000000000000000000000000000000000000000000000000000000000000000000000000000000000000
575585,575551,25,34,00000000000000000000000000000000000000000000000000
575617,575549,27,68,000000000000000000000000000000000000000000000000000000
575648,573795,28,1853,00000000000000000000000000000000000000000000000000000013
575681,575518,58,163,00000000000000000000000000000000000000000000000000000000000000000000000000000000000000000000000000000000000000000000
575739,575675,31,64,132e6a8eb90100000000000000000000000000000000000000000000000000
575777,564513,96,11264,00000000000000000000000000000000000000000000000000000000000001c000000000000000000000000000000000000000000000000000000000000002000000000000000000000000000000000000000000000000000000000000000014
575873,512728,20,63145,6232e78d54c4845c977fc9e11d7e61c5316d12d1
575893,570704,106,5189,000000000000000000000000000000000000000000000000000000000000000000000000000000000000000000000000000000000000000082e7088080000000000000000000000000000000000000000000000000000000000000000000000000000000000000000000
576019,513693,4,62326,00146000
576027,574539,2,1488,0080
576033,576027,1,6,00
576045,566219,2,9826,0035
576052,550173,2,25879,0081
576060,576053,3,7,811460
576067,576060,3,7,811460
576074,576067,3,7,811460
576081,576074,3,7,811460
576088,576052,4,36,00811460
576103,576026,3,77,600080
576107,576094,5,13,6084565b63
576116,576103,9,13,600080a16084565b63
576129,576116,9,13,600080a16084565b63
576142,576129,9,13,600080a16084565b63
576155,576142,8,13,600080a16084565b
576164,576155,4,9,600080a1
576178,576164,3,14,600080
576186,538563,4,37623,5082e708
576192,573185,32,3007,000000000000000000000000000000000000000000000000000000000000002d
576226,576003,5,223,843109cbb9
576261,576178,3,83,600080
576264,572425,54,3839,82e708808000000000000000000000000000000000000000000000000000000000000000000000000000000000000000000000000000
576319,542367,3,33952,5b02f9
576323,542371,6,33952,5782e7088084
576329,576227,4,102,3109cbb9
576333,576003,7,330,843109cbb98302
576343,563060,20,13283,1d0188c4b276a09366d05d6be06af61a73bc7535
576369,568113,3,8256,0000b9
576378,569113,63,7265,000000000000000000000000000000000000000000000000000000000000006000000000000000000000000000000000000000000000000000000000000000
576442,534187,44,42255,0000000000000000000000000000000000000000000000000000000000000120000000000000000000000000
576486,575820,32,666,0000000000000000000000000000000000000002000000000000000000000000
576518,563021,20,13497,176211869ca2b568f2a7d4ee941e073a821ee1ff
576538,552101,20,24437,eeeeeeeeeeeeeeeeeeeeeeeeeeeeeeeeeeeeeeee
576558,539998,42,36560,eeeeeeeeeeeeeeeeeeeeeeee000000000000000000000000000000000000000000000000000000000000
576600,575838,34,762,00020000000000000000000000000000000000000000000000000000000000000000
576634,572447,64,4187,00000000000000000000000000000000000000000000000000000000000000000000000000000000000000000000000000000000000000000000000000000002
576698,554826,63,21872,000000000000000000000000000000000000000000000000000000000000004000000000000000000000000000000000000000000000000000000000000001
576762,576748,12,14,000000000000000000000000
576794,576378,94,416,000000000000000000000000000000000000000000000000000000000000006000000000000000000000000000000000000000000000000000000000000000c0000000000000000000000000000000000000000000000000000000000000
576888,576696,3,192,000200
576892,576875,14,17,0000000000000000000000000000
576907,554617,15,22290,ffffffffffffffffffffffffffffff
576924,576892,30,32,00000000000000000000000000007fffffffffffffffffffffffffffffff
576954,571625,95,5329,0000000000000000000000000000000000000000000000000000000000000000050000000000000000000000000000000000000000000000000000000000000000000000000000000000000000000000000000000000000000000000000000
577049,569144,64,7905,6000000000000000000000000000000000000000000000000000000000000000a000000000000000000000000000000000000000000000000000000000000000
577114,576890,16,224,00010000000000000000000000000000
577130,520740,13,56390,fffffffffffffffffffffffffc
577146,568346,69,8800,0000000000000000000000000000000000000000000000000000000000000000c0000000000000000000000000000000000000000000000000000000000000000000000000
577215,565183,7,12032,5102f84e82e708
577223,554692,5,22531,843105c7de
577228,554531,7,22697,843105c7de8301
577264,577203,12,61,000000000000000000000000
577276,512748,20,64528,786c772c1b232c927d244ce96bbf36b98847c5c1
577297,577003,46,294,00000000000000000000000000000000000000000000000000000000000000000000000000000000000000000000
577346,556580,5,20766,82e7080b84
577351,577224,10,127,3105c7de843105c7de83
577392,574635,2,2757,0084
577399,576279,40,1120,00000000000000000000000000000000000000000000000000000000000000000000000000000003
577453,576342,21,1111,941d0188c4b276a09366d05d6be06af61a73bc7535
577474,575077,3,2397,80b903
577477,576373,256,1104,24d3115a8a000000000000000000000000000000000000000000000000000000000000006000000000000000000000000000000000000000000000000000000000000000c000000000000000000000000000000000000000000000000000000000000001200000000000000000000000000000000000000000000000000000000000000002000000000000000000000000176211869ca2b568f2a7d4ee941e073a821ee1ffeeeeeeeeeeeeeeeeeeeeeeeeeeeeeeeeeeeeeeeeeeeeeeeeeeeeeeeeeeeeeeee0000000000000000000000000000000000000000000000000000000000000002000000000000000000000000000000000000000000000000000000
577733,576629,2,1104,0000
577738,576634,256,1104,0000000000000000000000000000000000000000000000000000000000000000000000000000000000000000000000000000000000000000000000000000000200000000000000000000000000000000000000000000000000000000000000400000000000000000000000000000000000000000000000000000000000000120000000000000000000000000e2c67a9b15e9e7ff8a9cb0dfb8fee5609923e5db000000000000000000000000000000000000000000000000000000000000006000000000000000000000000000000000000000000000000000000000000000c00000000000000000000000000000000000000000000000000000000000000002
577994,576890,1,1104,00
577995,576923,31,1072,0200000000000000000000000000007fffffffffffffffffffffffffffffff
578027,576891,31,1136,0100000000000000000000000000007fffffffffffffffffffffffffffffff
578058,576954,160,1104,00000000000000000000000000000000000000000000000000000000000000000500000000000000000000000000000000000000000000000000000000000000000000000000000000000000000000000000000000000000000000000000006000000000000000000000000000000000000000000000000000000000000000a00000000000000000000000000000000000000000000000000000000000000001
578219,577115,24,1104,010000000000000000000000000000ffffffffffffffffff
578250,572199,85,6051,000000000000000000000000000000000000000000000000000000000000000082e7088080000000000000000000000000000000000000000000000000000000000000000000000000000000000000000000000000
578339,577444,5,895,843103f0b4
578368,568457,3,9911,80b844
578375,573970,13,4405,0000000000000000000000001a
578404,578386,1,18,00
578407,578186,32,221,0000000000000000000000000000000000000000000000000000000000000001
578439,560359,56,18080,82e7088080000000000000000000000000000000000000000000000000000000000000000000000000000000000000000000000000000001
578495,566815,167,11680,3b02f9013782e70880842f8df2ce842f8df2d883032d9f94272e156df8da513c69cb41cc7a99185d53f926bb87071afd498d0000b90104a8c9ed67000000000000000000000000e5d7c2a44ffddf6b295a15c148167daaaf5cf34f0000000000000000000000007d43aabc515c356145049227cee54b608342c0ad0000000000000000000000000000000000000000000000000000000000000028000000000000000000000000
578682,567002,89,11680,0000000000000000000000000000000000000000000000000000000064fa894100000000000000000000000000000000000000000000000000071afd498d00000000000000000000000000000000000000000000000000002d
578778,556154,77,22624,0000000000000000000000000000000000000000000000000000000000000000c00000000000000000000000000000000000000000000000000000000000000000000000013302f9012f82e708
578855,568679,139,10176,02842f8b807f842f8b8089827e5494d1a3abf42f9e66be86cfdea8c5c2c74f041c5e1480b901045b7d7482000000000000000000000000000000000000000000000000000000000000004000000000000000000000000000000000000000000000000000000000000000a00000000000000000000000000000000000000000000000000000000000000040
578995,545016,3,33979,666532
579001,569765,3,9236,656531
579006,521684,3,57322,333737
579010,556377,3,22633,396335
579019,544709,3,34310,346632
579022,520289,3,58733,633931
579025,569782,3,9243,383064
579033,568835,3,10198,303730
579038,521737,3,57301,303038
579043,569668,3,9375,656432
579046,556829,3,22217,636662
579058,578962,32,96,0000000000000000000000000000000000000000000000000000000000000040
579090,556413,3,22677,306431
579096,569807,3,9289,313862
579107,556733,4,22374,34616138
579111,522154,3,56957,386334
579115,568917,3,10198,653534
579123,520235,3,58888,323664
579132,556781,3,22351,633437
579136,522186,3,56950,373539
579139,520335,3,58804,653934
579154,545170,53,33984,c000000000000000000000000000000000000000000000000000000000000000000000000000000000000000027402f9027082e708
579208,569032,12,10176,842f8b807f842f8b80898303
579222,554701,60,24521,94f82537fb6c56a3b50092d3951f84f5f6c835b4f580b902445ae401dc0000000000000000000000000000000000000000000000000000000064fa85
579283,554762,176,24521,000000000000000000000000000000000000000000000000000000000000004000000000000000000000000000000000000000000000000000000000000000020000000000000000000000000000000000000000000000000000000000000040000000000000000000000000000000000000000000000000000000000000016000000000000000000000000000000000000000000000000000000000000000e404e45aaf000000000000000000000000
579459,534840,32,44619,a219439258ca9da29e9cc4ce5596924745e12b93000000000000000000000000
579491,554970,113,24521,e5d7c2a44ffddf6b295a15c148167daaaf5cf34f00000000000000000000000000000000000000000000000000000000000009c400000000000000000000000000000000000000000000000000000000000000020000000000000000000000000000000000000000000000000000000000
579607,578744,27,863,00000000000000000000000000000000000000000000000000002d
579639,555118,121,24521,000000000000000000000000000000000000000000000000000000000000000000000000000000000000000000000000000000000000000000000000000000000000000000000000000000000000000000000000000000000000004449404b7c00000000000000000000000000000000000000000000000000
579760,579632,19,128,002d2dc9225f6f000000000000000000000000
579799,565236,72,14563,00000000000000000000000000000000000000000000000000000000c000000000000000000000000000000000000000000000000000000000000000000000000000000000000000
579871,568415,7,11456,7102f86e82e708
579878,578855,12,1023,02842f8b807f842f8b808982
579892,563020,40,16872,94176211869ca2b568f2a7d4ee941e073a821ee1ff80b844095ea7b3000000000000000000000000
579932,533190,48,46742,80e38291e06339d10aab483c65695d004dbd5c6900000000000000000000000000000000000000000000000000000000
579980,538509,49,41471,2d0df155c00000000000000000000000000000000000000000000000000000000000000000000000000000000000000000
580029,577213,9,2816,00005102f84e82e708
580044,580039,4,5,842e14cb
580051,573629,2,6422,000a
580080,527897,13,52183,000000000000000000000000d5
580093,580091,1,2,00
580112,557904,100,22208,c0000000000000000000000000000000000000000000000000000000000000000000000000000000000000000000010df9010a01842aea5400829d78940872ec4426103482a50f26ffc32acefcec61b3c980b8e4f242432a000000000000000000000000
580212,573072,20,7140,3b86cc4429ad1a15726977815ad1a5035d08fbe4
580232,547112,256,33120,000000000000000000000000aec3cacef9457ff2821d9f85429ce3d90b0014590000000000000000000000000000000000000000000000000000000000000005000000000000000000000000000000000000000000000000000000000000000100000000000000000000000000000000000000000000000000000000000000a00000000000000000000000000000000000000000000000000000000000000000000000000000000000000000000000000000000000000000000000000000000082e70880800000000000000000000000000000000000000000000000000000000000000000000000000000000000000000000000000001eff901ec80842aea54
580488,547368,225,33120,0083015f90940872ec4426103482a50f26ffc32acefcec61b3c980b901c4d4dfd6bc0000000000000000000000000000000000000000000000000000000000000000000000000000000000000000000000000000000000000000000000000000000000000000000000000000000000000000000000000000000000000000000000000000000000000000000000000000000000000000000000000000000000000001000000000000000000000000000000000000000000000000000000000000000100000000000000000000000000000000000000000000000000000000651415
580714,571594,160,9120,00000000000000000000000000000000000000000000000000000000000000000000000000000000000000000000000000000000000000000000000000000005000000000000000000000000000000000000000000000000000000000000000000000000000000000000000000000000000000000000000000000000000001400000000000000000000000000000000000000000000000000000000000000041
580938,559274,85,21664,1b0000000000000000000000000000000000000000000000000000000000000082e7088080000000000000000000000000000000000000000000000000000000000000000000000000000000000000000000000001
581023,580159,53,864,0df9010a01842aea5400829d78940872ec4426103482a50f26ffc32acefcec61b3c980b8e4f242432a000000000000000000000000
581076,573052,20,8024,bd427b3326458a257d4b550b5ed2e9943e7b647d
581096,580232,256,864,000000000000000000000000aec3cacef9457ff2821d9f85429ce3d90b0014590000000000000000000000000000000000000000000000000000000000000005000000000000000000000000000000000000000000000000000000000000000100000000000000000000000000000000000000000000000000000000000000a00000000000000000000000000000000000000000000000000000000000000000000000000000000000000000000000000000000000000000000000000000000082e70880800000000000000000000000000000000000000000000000000000000000000000000000000000000000000000000000000001eff901ec80842aea54
581352,580488,225,864,0083015f90940872ec4426103482a50f26ffc32acefcec61b3c980b901c4d4dfd6bc0000000000000000000000000000000000000000000000000000000000000000000000000000000000000000000000000000000000000000000000000000000000000000000000000000000000000000000000000000000000000000000000000000000000000000000000000000000000000000000000000000000000000001000000000000000000000000000000000000000000000000000000000000000100000000000000000000000000000000000000000000000000000000651415
581578,580714,160,864,00000000000000000000000000000000000000000000000000000000000000000000000000000000000000000000000000000000000000000000000000000005000000000000000000000000000000000000000000000000000000000000000000000000000000000000000000000000000000000000000000000000000001400000000000000000000000000000000000000000000000000000000000000041
581802,559274,97,22528,1b0000000000000000000000000000000000000000000000000000000000000082e7088080000000000000000000000000000000000000000000000000000000000000000000000000000000000000000000000001eff901ec80842aea54008301
581901,560429,220,21472,940872ec4426103482a50f26ffc32acefcec61b3c980b901c4d4dfd6bc0000000000000000000000000000000000000000000000000000000000000000000000000000000000000000000000000000000000000000000000000000000000000000000000000000000000000000000000000000000000000000000000000000000000000000000000000000000000000000000000000000000000000001000000000000000000000000000000000000000000000000000000000000000100000000000000000000000000000000000000000000000000000000652211
582122,581578,160,544,00000000000000000000000000000000000000000000000000000000000000000000000000000000000000000000000000000000000000000000000000000005000000000000000000000000000000000000000000000000000000000000000000000000000000000000000000000000000000000000000000000000000001400000000000000000000000000000000000000000000000000000000000000041
582324,582117,2,207,0065
582328,575575,2,6753,0021
582346,581802,84,544,1b0000000000000000000000000000000000000000000000000000000000000082e70880800000000000000000000000000000000000000000000000000000000000000000000000000000000000000000000000
582430,524382,13,58048,002ceb4f842aea540082520894
582463,524319,76,58144,865af3107a40008082e70880800000000000000000000000000000000000000000000000000000000000000000000000000000000000000000000000000000002ceb4f842aea540082520894
582559,582463,76,96,865af3107a40008082e70880800000000000000000000000000000000000000000000000000000000000000000000000000000000000000000000000000000002ceb4f842aea540082520894
582655,549215,95,33440,865af3107a40008082e708808000000000000000000000000000000000000000000000000000000000000000000000000000000000000000000000000000000000000000000000000000000000000000000000000000000000000000000000
582752,572512,40,10240,45a318273749d6eb00f5f6ca3bc7cd3de26d642a45a318273749d6eb00f5f6ca3bc7cd3de26d642a
582792,572572,40,10220,b8ff877ed78ba520ece21b1de7843a8a57ca47cbe93685f3bba03016f02bd1828badd6195988d950
582852,576235,20,6617,02ec8af780b1a5a159a8b37be8a43cbb34e36e7a
582872,549752,20,33120,42601170d8cb28522671979bd89a708b93ac11b1
582892,577276,20,5616,786c772c1b232c927d244ce96bbf36b98847c5c1
582932,561072,20,21860,94e9dbee7f3bfdd887fedc8227b4b0c2cb69bf9e
582955,582780,1,175,00
582972,578662,20,4310,c75f2eaf9f0cc1bcc5ab628a12f20ba35bf82418
583012,579779,20,3233,fb0efcb02b94811fc32e6d6fcb3982c61f95a829
583032,549452,20,33580,2d318c186f321ff6e9e60fc3ec8798762c5cd76d
583072,580212,20,2860,3b86cc4429ad1a15726977815ad1a5035d08fbe4
583092,571915,20,11177,23014ee5e9297351a8ba16816653b11a51cc878a
583112,581076,20,2036,bd427b3326458a257d4b550b5ed2e9943e7b647d
583132,572299,20,10833,81a2928da93433dcae3b07599856fd8b18403997
583152,572397,20,10755,1ad8e2b7f3c8a9f5bea8781d293f01561125c3c3
583172,549912,92,33260,f269e8574583c27fe74b69b3f998a64efd8d0448c65347b43019f8f453d7b486d259fd6146da334e40082e6f1c15d2b27b3de80cb7ad04e9ed1219000000000000000000000000000000000000000000000000000000000000000000
583296,573248,31,10048,0000000000000000000000000000000000000000000000000000000064fa84
583328,578779,62,4549,00000000000000000000000000000000000000000000000000000000000000c0000000000000000000000000000000000000000000000000000000000000
583392,583360,30,32,000000000000000000000000000000000000000000000000000000000000
583423,574304,32,9119,0000000000000000000000000000000000000000000000000000000000000036
583456,567450,62,16006,0000000000000000000000000000000000000000000000000000000000000020000000000000000000000000000000000000000000000000000000000000
583519,543515,32,40004,0000000000000000000000000000000000000000000000000000000000000004
583552,583520,31,32,00000000000000000000000000000000000000000000000000000000000004
583583,529496,32,54087,c000000000000000000000000000000000000000000000000000000000000008
583616,573600,31,10016,0000000000000000000000000000000000000000000000000000000000000a
583648,561888,62,21760,0000000000000000000000000000000000000000000000000000000000000ba0000000000000000000000000000000000000000000000000000000000000
583711,573663,32,10048,200000000000000000000000000000000000000000000000000000000000000e
583744,562080,94,21664,0000000000000000000000000000000000000000000000000000000000000fa00000000000000000000000000000000000000000000000000000000000001100000000000000000000000000000000000000000000000000000000000000
583840,573856,31,9984,00000000000000000000000000000000000000000000000000000000000016
583872,550784,31,33088,00000000000000000000000000000000000000000000000000000000000017
583904,562400,62,21504,0000000000000000000000000000000000000000000000000000000000001c60000000000000000000000000000000000000000000000000000000000000
583968,574048,31,9920,0000000000000000000000000000000000000000000000000000000000001e
583999,583807,31,192,00000000000000000000000000000000000000000000000000000000000000
584032,562496,31,21536,0000000000000000000000000000000000000000000000000000000000001f
584064,562560,62,21504,0000000000000000000000000000000000000000000000000000000000002220000000000000000000000000000000000000000000000000000000000000
584128,574176,31,9952,00000000000000000000000000000000000000000000000000000000000023
584159,551103,32,33056,e000000000000000000000000000000000000000000000000000000000000026
584192,573376,31,10816,00000000000000000000000000000000000000000000000000000000000027
584224,584192,31,32,00000000000000000000000000000000000000000000000000000000000027
584256,562720,62,21536,0000000000000000000000000000000000000000000000000000000000002920000000000000000000000000000000000000000000000000000000000000
584320,582593,31,1727,0000000000000000000000000000000000000000000000000000000000002c
584352,572353,31,11999,0000000000000000000000000000000000000000000000000000000000002e
584384,569377,31,15007,00000000000000000000000000000000000000000000000000000000000030
584416,557825,31,26591,00000000000000000000000000000000000000000000000000000000000031
584448,568545,31,15903,00000000000000000000000000000000000000000000000000000000000032
584480,584448,31,32,00000000000000000000000000000000000000000000000000000000000032
584512,574304,39,10208,000000000000000000000000000000000000000000000000000000000000003602f482e70882ab
584552,574344,16,10208,8502040eba5285026b44df95825a3c94
584588,574284,59,10304,87354a6ba7a1800780c000000000000000000000000000000000000000000000000000000000000000000000000000000000003602f482e70882ab
584648,584552,16,96,8502040eba5285026b44df95825a3c94
584684,584588,50,96,87354a6ba7a1800780c000000000000000000000000000000000000000000000000000000000000000000000000000000000
584734,577438,5,7296,034ff9034c
584745,577449,256,7296,83027132941d0188c4b276a09366d05d6be06af61a73bc753580b90324d3115a8a000000000000000000000000000000000000000000000000000000000000006000000000000000000000000000000000000000000000000000000000000000c000000000000000000000000000000000000000000000000000000000000001200000000000000000000000000000000000000000000000000000000000000002000000000000000000000000176211869ca2b568f2a7d4ee941e073a821ee1ffeeeeeeeeeeeeeeeeeeeeeeeeeeeeeeeeeeeeeeeeeeeeeeeeeeeeeeeeeeeeeeee00000000000000000000000000000000000000000000000000000000000000
585001,577705,29,7296,0200000000000000000000000000000000000000000000000000000000
585034,577738,256,7296,0000000000000000000000000000000000000000000000000000000000000000000000000000000000000000000000000000000000000000000000000000000200000000000000000000000000000000000000000000000000000000000000400000000000000000000000000000000000000000000000000000000000000120000000000000000000000000e2c67a9b15e9e7ff8a9cb0dfb8fee5609923e5db000000000000000000000000000000000000000000000000000000000000006000000000000000000000000000000000000000000000000000000000000000c00000000000000000000000000000000000000000000000000000000000000002
585290,577994,249,7296,000200000000000000000000000000007fffffffffffffffffffffffffffffff010100000000000000000000000000007fffffffffffffffffffffffffffffff00000000000000000000000000000000000000000000000000000000000000000500000000000000000000000000000000000000000000000000000000000000000000000000000000000000000000000000000000000000000000000000006000000000000000000000000000000000000000000000000000000000000000a0000000000000000000000000000000000000000000000000000000000000000101010000000000000000000000000000ffffffffffffffffff
585539,564830,2,20709,00cd
585546,581256,84,4290,000000000000000000000000000000000000000000000000000000000000000082e70880800000000000000000000000000000000000000000000000000000000000000000000000000000000000000000000000
585630,574430,8,11200,0232f9022f830306
585639,574439,133,11200,843ad88e1183048d9c94cb566e3b6934fa77258d68ea18e931fa75e1aaaa80b902046c459a2800000000000000000000000038de71124f7a447a01d67945a51edce9ff49125100000000000000000000000000000000000000000000000000000000000000800000000000000000000000000000000000000000000000000000000064fad9
585773,574573,99,11200,00000000000000000000000000000000000000000000000000000000000001400000000000000000000000000000000000000000000000000000000000000084704316e500000000000000000000000000000000000000000000000000000000000000
585905,575841,32,10064,0000000000000000000000000000000000000000000000000000000000000014
585937,585873,63,64,8a56308391da8cd6c36bc57a57c08589db8e19d683d0e99e1803552eea1d239c00000000000000000000000000000000000000000000000000000000000000
586000,585550,29,450,0000000000000000000000000000000000000000000000000000000082
586158,551758,81,34400,1c00000000000000000000000000000000000000000000000000000000000082e7088080000000000000000000000000000000000000000000000000000000000000000000000000000000000000000000
586239,564831,3,21408,cdf8cb
586243,564835,7,21408,8435a4e9008303
586252,564844,59,21408,94bc7f67fa9c72f9fccf917cbcee2a50deb031462a80b8a45f4b9bde00000000000000000000000000000000000000000000000000000000000000
586311,585774,30,537,000000000000000000000000000000000000000000000000000000000001
586343,586316,25,27,00000000000000000000000000000000000000000000000001
586376,564968,63,21408,0000000000000000000000003d391afffed2255a2dd00325c3a96a5a8e023ff80000000000000000000000000000000000000000000000000000000064fa89
586440,581288,55,5152,82e70880800000000000000000000000000000000000000000000000000000000000000000000000000000000000000000000000000001
586500,586243,6,257,8435a4e90083
586509,542006,22,44503,94032b241de86a8660f1ae0691a4760b426ea246d787
586531,564777,7,21754,2386f26fc10000
586538,542035,83,44503,b9012475ceafe6000000000000000000000000000000000000000000000000000000000000002000000000000000000000000000000000000000000000000000000000000000a0000000000000000000000000
586641,584133,26,2508,0000000000000000000000000000000000000000000000000023
586667,586532,6,135,86f26fc10000
586673,586672,29,1,0000000000000000000000000000000000000000000000000000000000
586704,567385,31,19319,5e0000000000000000000000000000000000000000000000000000000064fa
586737,542234,96,44503,000000000000000000000000000000000000000000000000000000000000002be5d7c2a44ffddf6b295a15c148167daaaf5cf34f0001f4176211869ca2b568f2a7d4ee941e073a821ee1ff000000000000000000000000000000000000000000
586833,586440,45,393,82e708808000000000000000000000000000000000000000000000000000000000000000000000000000000000
586878,557022,12,29856,011b02f9011782e70880842f
586892,521900,3,64992,8b842f
586902,557046,22,29856,948731d54e9d02c286767d56ac03e8037c07e01e9888
586932,557076,37,29856,b8e41114cd2a00000000000000000000000000000000000000000000000000000000000000
586970,586957,12,13,000000000000000000000000
587002,585450,56,1552,00000000000000000000000000000000000000000000000000000000000000a0000000000000000000000000000000000000000000000000
587066,587034,25,32,00000000000000000000000000000000000000000000000002
587098,585905,32,1193,0000000000000000000000000000000000000000000000000000000000000014
587130,586982,32,148,ed826ce2c8a16ed83e504bd94d9f6f4262691850000000000000000000000000
587162,578810,37,8352,c0000000000000000000000000000000000000000000000000000000000000000000000001
587199,586879,8,320,1b02f9011782e708
587208,586888,12,320,842f912e8b842f912e958307
587222,557046,23,30176,948731d54e9d02c286767d56ac03e8037c07e01e988801
587251,557075,51,30176,96b8e41114cd2a000000000000000000000000000000000000000000000000000000000000006e000000000000000000000000
587321,538738,57,48583,ed00000000000000000000000000000000000000000000000000000000000000a0000000000000000000000000000000000000000000000000
587385,587173,26,212,0000000000000000000000000000000000000000000000000001
587417,575840,33,11577,000000000000000000000000000000000000000000000000000000000000000014
587450,587302,32,148,fe71606ff0d7ebbbeaed320a542290939d0703ed000000000000000000000000
587482,587162,37,320,c0000000000000000000000000000000000000000000000000000000000000000000000001
587519,578495,11,9024,3b02f9013782e70880842f
587530,587210,9,320,912e8b842f912e9583
587541,587517,1,24,00
587542,578518,144,9024,94272e156df8da513c69cb41cc7a99185d53f926bb87071afd498d0000b90104a8c9ed67000000000000000000000000e5d7c2a44ffddf6b295a15c148167daaaf5cf34f0000000000000000000000007d43aabc515c356145049227cee54b608342c0ad0000000000000000000000000000000000000000000000000000000000000028000000000000000000000000
587706,586705,31,1001,0000000000000000000000000000000000000000000000000000000064fa89
587738,578714,133,9024,00000000000000000000000000000000000000000000000000071afd498d00000000000000000000000000000000000000000000000000002da0a9d1f1764c5e0000000000000000000000000000000000000000000000000000000000000000c0000000000000000000000000000000000000000000000000000000000000000000000001
587871,587519,21,352,3b02f9013782e70880842f912e8b842f912e958303
587894,587542,22,352,94272e156df8da513c69cb41cc7a99185d53f926bb87
587921,587569,53,352,0000b90104a8c9ed67000000000000000000000000e5d7c2a44ffddf6b295a15c148167daaaf5cf34f000000000000000000000000
587974,555978,51,31996,176211869ca2b568f2a7d4ee941e073a821ee1ff00000000000000000000000000000000000000000000000000000000000000
588026,545783,60,42243,000000000000000000000000e821e4b24562b8f659dbd1997bd42c8e9b01a8cc00000000000000000000000000000000000000000000000000000000
588086,587734,29,352,64fa895900000000000000000000000000000000000000000000000000
588115,587916,7,199,415eb3d7de0000
588122,587842,29,280,0000000000000000000000000000000000000000000000000000000001
588154,587802,68,352,0000000000000000000000000000000000000000000000000000000000000000c00000000000000000000000000000000000000000000000000000000000000000000000
588224,576320,3,11904,02f903
588228,544868,6,43360,82e70808842f
588234,587882,9,352,912e8b842f912e9583
588267,584770,3,3497,80b903
588271,542967,67,45304,ac9650d8000000000000000000000000000000000000000000000000000000000000002000000000000000000000000000000000000000000000000000000000000000
588339,567674,62,20665,0000000000000000000000000000000000000000000000000000000000000080000000000000000000000000000000000000000000000000000000000000
588402,534795,32,53607,6000000000000000000000000000000000000000000000000000000000000002
588435,588403,31,32,00000000000000000000000000000000000000000000000000000000000002
588467,588339,31,128,00000000000000000000000000000000000000000000000000000000000000
588503,573536,31,14967,00000000000000000000000000000000000000000000000000000000000006
588535,545861,27,42674,000000000000000000000000000000000000000000000000000092
588567,582129,57,6438,000000000000000000000000000000000000000000000000000000000000000000000000000000000000000000000000000000000000000005
588631,579251,31,9380,0000000000000000000000000000000000000000000000000000000064fa85
588663,586281,59,2382,0000000000000000000000000000000000000000000000000000000000000000000000000000000000000000000000000000000000000000000000
588727,588503,58,224,000000000000000000000000000000000000000000000000000000000000068f0000000000000000000000000000000000000000000000000000
588785,588784,22,1,00000000000000000000000000000000000000000000
588807,554616,16,34191,ffffffffffffffffffffffffffffffff
588823,588791,48,32,00000000000000000000000000000000ffffffffffffffffffffffffffffffff00000000000000000000000000000000
588871,579687,72,9184,000000000000000000000000000000000000000000000000000000000000000000000000000000000000004449404b7c000000000000000000000000000000000000000000000000
588943,588623,20,320,054607fc96a5f934000000000000000000000000
588983,588855,59,128,0000000000000000000000000000000000000000000000000000000000000000000000000000000000000000000000000000000000000000000000
589047,587962,63,1085,000000000000000000000000176211869ca2b568f2a7d4ee941e073a821ee1ff00000000000000000000000000000000000000000000000000000000000000
589110,578322,14,10788,000000000000000000000000006c
589124,588964,47,160,325d0121bec268af0c44c30e428ace5d68551c00000000000000000000000000000000000000000000000000000000
589171,566771,44,22400,c000000000000000000000000000000000000000000000000000000000000000000000000000000000000001
589215,578847,8,10368,3302f9012f82e708
589224,588232,10,992,842f912e8b842f912e95
589234,578866,128,10368,827e5494d1a3abf42f9e66be86cfdea8c5c2c74f041c5e1480b901045b7d7482000000000000000000000000000000000000000000000000000000000000004000000000000000000000000000000000000000000000000000000000000000a00000000000000000000000000000000000000000000000000000000000000040
589362,545159,3,44203,373330
589368,544718,3,44650,336339
589371,569788,3,19583,356361
589374,569680,5,19694,3835396366
589380,568840,3,20540,663731
589387,556875,3,32512,373464
589394,589384,3,10,666434
589399,556370,3,33029,383031
589402,544774,3,44628,313436
589406,568942,3,20464,323039
589410,545068,4,44342,61336433
589416,545053,3,44363,623162
589426,569714,33,19712,000000000000000000000000000000000000000000000000000000000000004064
589459,556839,3,32620,373832
589462,589416,3,46,623162
589469,528803,3,60666,383532
589472,569689,3,19783,373735
589477,531707,3,57770,336338
589482,545058,4,44424,33373137
589488,544790,3,44698,363065
589491,544768,3,44723,346565
589512,579109,4,10403,61383863
589516,556730,4,32786,36353034
589523,543503,44,46020,0000000000000000000000000000000000000000000000000000000000000000000000000000000000000004
589567,566111,3,23456,9402f9
589571,566115,4,23456,9082e708
589575,544871,4,44704,08842f8d
589579,578507,8,11072,f2ce842f8df2d883
589590,566134,23,23456,9480e38291e06339d10aab483c65695d004dbd5c6980b9
589619,584842,55,4777,00000000000000000000000000000000000000000000000000000000000001200000000000000000000000000000000000000000000000
589683,567386,31,22297,0000000000000000000000000000000000000000000000000000000064fab3
589715,579447,32,10268,000000000000000000000000a219439258ca9da29e9cc4ce5596924745e12b93
589747,554600,32,35147,ffffffffffffffffffffffffffffffffffffffffffffffffffffffffffffffff
589779,589683,31,96,0000000000000000000000000000000000000000000000000000000064fab3
589811,562399,32,27412,000000000000000000000000000000000000000000000000000000000000001c
589907,567418,108,22489,000000000000000000000000000000000000000000000000000000000000000100000000000000000000000000000000000000000000000000000000000000200000000000000000000000000000000000000000000000000000000000000060000000000000000000000000
590015,534840,48,55175,a219439258ca9da29e9cc4ce5596924745e12b9300000000000000000000000000000000000000000000000000000000
590067,579315,108,10752,000000000000000000000000000000000000000000000000000000000000000200000000000000000000000000000000000000000000000000000000000000400000000000000000000000000000000000000000000000000000000000000160000000000000000000000000
590195,567674,140,22521,0000000000000000000000000000000000000000000000000000000000000080000000000000000000000000000000000000000000000000000000000000000000000000000000000000000000000000000000000000000000000000000001000000000000000000000000000000000000000000000000000000000000000060000000000000000000000000
590335,590015,32,320,a219439258ca9da29e9cc4ce5596924745e12b93000000000000000000000000
590387,582674,76,7713,00000000000000000000000000000000000000000000000000000000000000000000000000000000000000000000000000000000000000000000000000000000000000000000000000000000
590463,590367,51,96,4a1a485c5dd548c7c57e7f329442a78df5e5a24600000000000000000000000000000000000000000000000000000000000000
590514,566546,141,23968,800000000000000000000000000000000000000000000000000000000000000000000000000000000000000000000000000000000000000000000000000000010000000000000000000000000000000000000000000000000000000000000000600000000000000000000000007d43aabc515c356145049227cee54b608342c0ad000000000000000000000000
590675,567866,101,22809,00000000000000000000000000000000000000000000000000000000000000020000000000000000000000000000000000000000000000000000000000000000c0000000000000000000000000000000000000000000000000000000000000000000000000
590776,568568,13,22208,000000000000003202f082e708
590790,589576,10,1214,842f8df2ce842f8df2d8
590800,582631,4,8169,82520894
590830,568014,49,22816,800080c0000000000000000000000000000000000000000000000000000000000000000000000000000000000000000001
590879,587199,8,3680,1b02f9011782e708
590888,590795,3,93,842f8d
590893,590888,4,5,842f8d49
590898,586898,3,4000,83076a
590902,587222,23,3680,948731d54e9d02c286767d56ac03e8037c07e01e988801
590932,586932,50,4000,b8e41114cd2a000000000000000000000000000000000000000000000000000000000000006f000000000000000000000000
591002,587322,57,3680,00000000000000000000000000000000000000000000000000000000000000a000000000000000000000000000000000000000000000000001
591064,590852,27,212,000000000000000000000000000000000000000000000000000001
591097,587417,33,3680,000000000000000000000000000000000000000000000000000000000000000014
591130,590982,32,148,58c45a80ce70cb14824ead2c395bed7207b58f52000000000000000000000000
591162,568378,44,22784,c00000000000000000000000000000000000000000000000000000000000000000000000007102f86e82e708
591207,590888,10,319,842f8d4986842f8d4990
591241,578368,71,12873,80b844a22cb4650000000000000000000000001a7b46c660603ebb5fbe3ae51e80ad21df00bdd10000000000000000000000000000000000000000000000000000000000000001
591313,555505,53,35808,000000000000000000000000000000000000000000000000000000000000000000000000000000000000000000007102f86e82e708
591367,591207,11,160,842f8d4986842f8d499082
591380,579892,40,11488,94176211869ca2b568f2a7d4ee941e073a821ee1ff80b844095ea7b3000000000000000000000000
591420,557367,20,34053,678aa4bf4e210cf2166753e054d5b7c31cc7fa86
591440,588595,29,2845,0000000000000000000000000000000000000000000000000000000005
591473,585585,46,5888,00000000000000000000000000000000000000000000000000000000000000000000000000000000000000000002
591519,588223,3,3296,b402f9
591523,588227,4,3296,b082e708
591528,579208,11,12320,842f8b807f842f8b808983
591542,579222,24,12320,94f82537fb6c56a3b50092d3951f84f5f6c835b4f580b902
591567,579247,35,12320,5ae401dc0000000000000000000000000000000000000000000000000000000064fa85
591603,579283,127,12320,00000000000000000000000000000000000000000000000000000000000000400000000000000000000000000000000000000000000000000000000000000002000000000000000000000000000000000000000000000000000000000000004000000000000000000000000000000000000000000000000000000000000001
591730,532601,33,59129,a00000000000000000000000000000000000000000000000000000000000000124
591763,543835,80,47928,b858183f00000000000000000000000000000000000000000000000000000000000000200000000000000000000000000000000000000000000000000000000000000080000000000000000000000000
591843,591647,48,196,000000000000000000000000000000000000000200000000000000000000000000000000000000000000000000000000
591895,589542,25,2353,00000000000000000000000000000000000000000000000004
591927,543999,32,47928,0000000000000000000000000000000000000000000000000000000000000042
591959,568166,21,23793,eb466342c4d449bc9f53a865d5cb90586f40521500
591980,544052,25,47928,09c47d43aabc515c356145049227cee54b608342c0ad0009c4
592005,532885,81,59120,e5d7c2a44ffddf6b295a15c148167daaaf5cf34f00000000000000000000000000000000000000000000000000000000000000000000000000000000000000000000000000000000000000000000000000
592086,588886,57,3200,000000000000000000000000000000000000000000000000000000004449404b7c000000000000000000000000000000000000000000000000
592143,591919,20,224,0409f9f22ca85b34000000000000000000000000
592183,590711,72,1472,00000000000000000000000000000000000000000000000000000000c000000000000000000000000000000000000000000000000000000000000000000000000000000000000000
592255,569407,6,22848,3002ee82e708
592261,556583,3,35678,0b842f
592264,591530,9,734,8b807f842f8b808983
592273,569425,86,22848,010b3694cce9d3f392c135dc038b147ca73ec496f7f89d938084183ff085c000000000000000000000000000000000000000000000000000000000000000000000000000000000000000000000013302f9012f82e708
592359,587207,3,5152,0d842f
592362,578858,136,13504,8b807f842f8b8089827e5494d1a3abf42f9e66be86cfdea8c5c2c74f041c5e1480b901045b7d7482000000000000000000000000000000000000000000000000000000000000004000000000000000000000000000000000000000000000000000000000000000a00000000000000000000000000000000000000000000000000000000000000040
592500,556836,3,35664,313466
592512,544811,3,47701,323434
592516,556383,3,36133,316562
592519,544778,4,47741,65333135
592523,579115,4,13408,65353466
592531,579133,4,13398,34373637
592536,545167,3,47369,306330
592544,545145,3,47399,313366
592548,579111,3,13437,386334
592561,569713,33,22848,360000000000000000000000000000000000000000000000000000000000000040
592598,556830,3,35768,666262
592603,579008,3,13595,373339
592606,540642,3,51964,343838
592610,569708,3,22902,653532
592613,589412,3,3201,643337
592619,568849,3,23770,306539
592622,556759,3,35863,333461
592642,568865,3,23777,663933
592647,592522,3,125,356535
592651,589392,3,3259,316466
592654,556378,4,36276,63353864
592658,579154,45,13504,c00000000000000000000000000000000000000000000000000000000000000000000000000000000000000002
592703,591519,8,1184,b402f902b082e708
592711,589575,3,3136,08842f
592714,592264,9,450,8b807f842f8b808983
592726,557366,21,35360,94678aa4bf4e210cf2166753e054d5b7c31cc7fa86
592747,591563,256,1184,80b902845ae401dc0000000000000000000000000000000000000000000000000000000064fa85ed00000000000000000000000000000000000000000000000000000000000000400000000000000000000000000000000000000000000000000000000000000002000000000000000000000000000000000000000000000000000000000000004000000000000000000000000000000000000000000000000000000000000001a00000000000000000000000000000000000000000000000000000000000000124b858183f00000000000000000000000000000000000000000000000000000000000000200000000000000000000000000000000000000000
593003,591819,72,1184,000000000000000000000080000000000000000000000000000000000000000000000000000000000000000200000000000000000000000000000000000000000000000000000000
593079,583590,25,9489,00000000000000000000000000000000000000000000000008
593111,591927,32,1184,0000000000000000000000000000000000000000000000000000000000000042
593143,590335,22,2808,a219439258ca9da29e9cc4ce5596924745e12b930000
593166,589059,21,4107,176211869ca2b568f2a7d4ee941e073a821ee1ff00
593189,592005,138,1184,e5d7c2a44ffddf6b295a15c148167daaaf5cf34f00000000000000000000000000000000000000000000000000000000000000000000000000000000000000000000000000000000000000000000000000000000000000000000000000000000000000000000000000000000004449404b7c000000000000000000000000000000000000000000000000
593327,593103,20,224,088d2a8a14d6a6fe000000000000000000000000
593367,592183,72,1184,00000000000000000000000000000000000000000000000000000000c000000000000000000000000000000000000000000000000000000000000000000000000000000000000000
593439,565183,10,28256,5102f84e82e70880842f
593449,592264,10,1185,8b807f842f8b80898301
593459,565203,107,28256,0a3b949dba31e492b7e98b8195e254ee13b6b027e4a59d80a4a7f68792766f746500000000000000000000000000000000000000000000000000000000c0000000000000000000000000000000000000000000000000000000000000000000000000000000000000000000
593566,568414,11,25152,007102f86e82e70805842f
593577,579881,51,13696,8b807f842f8b808982eb8694176211869ca2b568f2a7d4ee941e073a821ee1ff80b844095ea7b3000000000000000000000000
593648,576194,30,17454,00000000000000000000000000000000000000000000000000000000002d
593680,580112,100,13568,c0000000000000000000000000000000000000000000000000000000000000000000000000000000000000000000010df9010a01842aea5400829d78940872ec4426103482a50f26ffc32acefcec61b3c980b8e4f242432a000000000000000000000000
593780,583092,20,10688,23014ee5e9297351a8ba16816653b11a51cc878a
593800,546248,256,47552,000000000000000000000000aec3cacef9457ff2821d9f85429ce3d90b0014590000000000000000000000000000000000000000000000000000000000000005000000000000000000000000000000000000000000000000000000000000000100000000000000000000000000000000000000000000000000000000000000a00000000000000000000000000000000000000000000000000000000000000000000000000000000000000000000000000000000000000000000000000000000082e70880800000000000000000000000000000000000000000000000000000000000000000000000000000000000000000000000000001eff901ec80842aea54
594056,546504,225,47552,0083015f90940872ec4426103482a50f26ffc32acefcec61b3c980b901c4d4dfd6bc0000000000000000000000000000000000000000000000000000000000000000000000000000000000000000000000000000000000000000000000000000000000000000000000000000000000000000000000000000000000000000000000000000000000000000000000000000000000000000000000000000000000000001000000000000000000000000000000000000000000000000000000000000000100000000000000000000000000000000000000000000000000000000651417
594282,582122,160,12160,00000000000000000000000000000000000000000000000000000000000000000000000000000000000000000000000000000000000000000000000000000005000000000000000000000000000000000000000000000000000000000000000000000000000000000000000000000000000000000000000000000000000001400000000000000000000000000000000000000000000000000000000000000041
594506,580938,138,13568,1b0000000000000000000000000000000000000000000000000000000000000082e70880800000000000000000000000000000000000000000000000000000000000000000000000000000000000000000000000010df9010a01842aea5400829d78940872ec4426103482a50f26ffc32acefcec61b3c980b8e4f242432a000000000000000000000000
594644,583132,20,11512,81a2928da93433dcae3b07599856fd8b18403997
594664,570568,256,24096,000000000000000000000000aec3cacef9457ff2821d9f85429ce3d90b0014590000000000000000000000000000000000000000000000000000000000000005000000000000000000000000000000000000000000000000000000000000000100000000000000000000000000000000000000000000000000000000000000a00000000000000000000000000000000000000000000000000000000000000000000000000000000000000000000000000000000000000000000000000000000082e70880800000000000000000000000000000000000000000000000000000000000000000000000000000000000000000000000000001eff901ec80842aea54
594920,570824,225,24096,0083015f90940872ec4426103482a50f26ffc32acefcec61b3c980b901c4d4dfd6bc0000000000000000000000000000000000000000000000000000000000000000000000000000000000000000000000000000000000000000000000000000000000000000000000000000000000000000000000000000000000000000000000000000000000000000000000000000000000000000000000000000000000000001000000000000000000000000000000000000000000000000000000000000000100000000000000000000000000000000000000000000000000000000651414
595146,594282,160,864,00000000000000000000000000000000000000000000000000000000000000000000000000000000000000000000000000000000000000000000000000000005000000000000000000000000000000000000000000000000000000000000000000000000000000000000000000000000000000000000000000000000000001400000000000000000000000000000000000000000000000000000000000000041
595370,559274,256,36096,1b0000000000000000000000000000000000000000000000000000000000000082e7088080000000000000000000000000000000000000000000000000000000000000000000000000000000000000000000000001eff901ec80842aea540083015f90940872ec4426103482a50f26ffc32acefcec61b3c980b901c4d4dfd6bc0000000000000000000000000000000000000000000000000000000000000000000000000000000000000000000000000000000000000000000000000000000000000000000000000000000000000000000000000000000000000000000000000000000000000000000000000000000000000000000000000000000000000001
595626,559530,63,36096,000000000000000000000000000000000000000000000000000000000000000100000000000000000000000000000000000000000000000000000000651416
595690,595146,160,544,00000000000000000000000000000000000000000000000000000000000000000000000000000000000000000000000000000000000000000000000000000005000000000000000000000000000000000000000000000000000000000000000000000000000000000000000000000000000000000000000000000000000001400000000000000000000000000000000000000000000000000000000000000041
595914,582346,85,13568,1b0000000000000000000000000000000000000000000000000000000000000082e7088080000000000000000000000000000000000000000000000000000000000000000000000000000000000000000000000000
595999,571999,52,24000,ecf8ea01842aea5400829b28940872ec4426103482a50f26ffc32acefcec61b3c980b8c4f242432a000000000000000000000000
596051,583152,20,12899,1ad8e2b7f3c8a9f5bea8781d293f01561125c3c3
596071,572071,218,24000,00000000000000000000000001e4a663fffaf1430d3a36588b2c14b72231d8b40000000000000000000000000000000000000000000000000000000000000005000000000000000000000000000000000000000000000000000000000000000100000000000000000000000000000000000000000000000000000000000000a0000000000000000000000000000000000000000000000000000000000000000082e70880800000000000000000000000000000000000000000000000000000000000000000000000000000000000000000000000000000002ceb
596289,582625,10,13664,4f842aea540082520894
596319,560255,76,36064,865af3107a40008082e70880800000000000000000000000000000000000000000000000000000000000000000000000000000000000000000000000000000002ceb4e842aea540082520894
596397,588024,2,8373,0028
596404,596133,2,271,0005
596415,572319,68,24096,865af3107a40008082e70880800000000000000000000000000000000000000000000000000000000000000000000000000000000000000000000000000000002eed8202
596484,596386,9,98,842aea540082520894
596513,572417,94,24096,8654953ff6d0008082e7088080000000000000000000000000000000000000000000000000000000000000000000000000000000000000000000000000000000000000000000000000000000000000000000000000000000000000000002
596608,572512,80,24096,45a318273749d6eb00f5f6ca3bc7cd3de26d642a45a318273749d6eb00f5f6ca3bc7cd3de26d642a4ff7308017c6c7ccfce40c2e08efce91259d639fb8ff877ed78ba520ece21b1de7843a8a57ca47cb
596688,586388,20,10300,3d391afffed2255a2dd00325c3a96a5a8e023ff8
596708,586621,20,10087,fcdb212e7e7588d2dd2cc44c30f6c79fb507db4b
596728,587130,20,9598,ed826ce2c8a16ed83e504bd94d9f6f4262691850
596748,587450,20,9298,fe71606ff0d7ebbbeaed320a542290939d0703ed
596768,587686,20,9082,97bd845f07c2f1557290c0fad634345510d0a677
596788,588038,20,8750,e821e4b24562b8f659dbd1997bd42c8e9b01a8cc
596808,589123,20,7685,6c325d0121bec268af0c44c30e428ace5d68551c
596848,590655,20,6193,eb30f3f6c9e5501283aed59745ba19ba6ab856cb
596868,572892,20,23976,859e8a75af297726c506d297613af5bd396ff61c
596888,591130,20,5758,58c45a80ce70cb14824ead2c395bed7207b58f52
596928,561272,20,35656,905ef06810b5d168d0c8d351593ed5d1880dbc28
596948,592163,20,4785,02b03934f71bb6de4465051de5eee5c05e09774a
596991,596636,1,355,00
597008,593347,20,3661,8305fba9ed35363d691bd30935c602aba23bbe5f
597068,593780,20,3288,23014ee5e9297351a8ba16816653b11a51cc878a
597088,582443,20,14645,b1a8a26c3fe0a142d71053bcc8664108d4cd4575
597108,594644,20,2464,81a2928da93433dcae3b07599856fd8b18403997
597128,582635,20,14493,c0416708b0f643119608167749906c515b819899
597148,582539,20,14609,3aa95afda96ad4a75522d8f54b6b8c8867f0526c
597168,596051,20,1117,1ad8e2b7f3c8a9f5bea8781d293f01561125c3c3
597188,561432,20,35756,9dbad420963e53775a51ea9aad4afa3af6e5d753
597208,561412,20,35796,f6f8b5bc021ff67a9932346447dd7e78aa674224
597228,573152,52,24076,01e4a663fffaf1430d3a36588b2c14b72231d8b40000000000000000000000000000000000000000000000000000000000000000
597312,583296,31,14016,0000000000000000000000000000000000000000000000000000000064fa84
597344,590708,62,6636,00000000000000000000000000000000000000000000000000000000000000c0000000000000000000000000000000000000000000000000000000000000
597408,597376,31,32,00000000000000000000000000000000000000000000000000000000000036
597440,597408,30,32,000000000000000000000000000000000000000000000000000000000000
597472,597344,31,128,00000000000000000000000000000000000000000000000000000000000000
597504,588192,31,9312,00000000000000000000000000000000000000000000000000000000000003
597535,561823,32,35712,e000000000000000000000000000000000000000000000000000000000000005
597568,583234,31,14334,00000000000000000000000000000000000000000000000000000000000007
597600,573632,62,23968,0000000000000000000000000000000000000000000000000000000000000b20000000000000000000000000000000000000000000000000000000000000
597663,597472,31,191,00000000000000000000000000000000000000000000000000000000000000
597694,583742,33,13952,0e600000000000000000000000000000000000000000000000000000000000000f
597727,597663,31,64,00000000000000000000000000000000000000000000000000000000000000
597760,583808,31,13952,00000000000000000000000000000000000000000000000000000000000012
597791,550719,32,47072,e000000000000000000000000000000000000000000000000000000000000014
597824,597792,31,32,00000000000000000000000000000000000000000000000000000000000014
597855,573823,63,24032,a00000000000000000000000000000000000000000000000000000000000001500000000000000000000000000000000000000000000000000000000000000
597919,583839,32,14080,6000000000000000000000000000000000000000000000000000000000000016
597952,597250,31,702,00000000000000000000000000000000000000000000000000000000000017
597984,573409,31,24575,00000000000000000000000000000000000000000000000000000000000018
598016,573920,31,24096,00000000000000000000000000000000000000000000000000000000000019
598048,573984,31,24064,0000000000000000000000000000000000000000000000000000000000001b
598080,574016,31,24064,0000000000000000000000000000000000000000000000000000000000001d
598112,592952,31,5160,00000000000000000000000000000000000000000000000000000000000020
598144,551008,62,47136,00000000000000000000000000000000000000000000000000000000000020a0000000000000000000000000000000000000000000000000000000000000
598207,584063,32,14144,4000000000000000000000000000000000000000000000000000000000000022
598240,561632,31,36608,0000000000000000000000000000000000000000000000000000000000002a
598272,586738,31,11534,0000000000000000000000000000000000000000000000000000000000002b
598303,550079,32,48224,a00000000000000000000000000000000000000000000000000000000000002c
598336,598304,30,32,000000000000000000000000000000000000000000000000000000000000
598367,592224,32,6143,0000000000000000000000000000000000000000000000000000000000000030
598399,584479,32,13920,4000000000000000000000000000000000000000000000000000000000000032
598432,598400,31,32,00000000000000000000000000000000000000000000000000000000000032
598463,583359,32,15104,c000000000000000000000000000000000000000000000000000000000000033
598495,543802,32,54693,2000000000000000000000000000000000000000000000000000000000000001
598541,590902,22,7639,948731d54e9d02c286767d56ac03e8037c07e01e9888
598571,590932,37,7639,b8e41114cd2a00000000000000000000000000000000000000000000000000000000000000
598609,598596,12,13,000000000000000000000000
598641,596167,56,2474,00000000000000000000000000000000000000000000000000000000000000a0000000000000000000000000000000000000000000000000
598703,597892,27,811,000000000000000000000000000000000000000000000000000015
598736,591097,33,7639,000000000000000000000000000000000000000000000000000000000000000014
598769,598621,32,148,8cd398f7b6a869ada246818a6ee3f26346de3ca9000000000000000000000000
598801,596521,45,2280,82e708808000000000000000000000000000000000000000000000000000000000000000000000000000000000
598847,590879,3,7968,1b02f9
598851,586883,6,11968,1782e7088084
598857,534535,4,64322,3b9aca00
598861,534534,6,64327,843b9aca0083
598870,557366,22,41504,94678aa4bf4e210cf2166753e054d5b7c31cc7fa8687
598899,543668,37,55231,b901e45ae401dc0000000000000000000000000000000000000000000000000000000064fa
598938,543707,208,55231,0000000000000000000000000000000000000000000000000000000000000040000000000000000000000000000000000000000000000000000000000000000100000000000000000000000000000000000000000000000000000000000000200000000000000000000000000000000000000000000000000000000000000124b858183f00000000000000000000000000000000000000000000000000000000000000200000000000000000000000000000000000000000000000000000000000000080000000000000000000000000
599166,597573,26,1593,0000000000000000000000000000000000000000000000000007
599192,598893,6,299,fe5437920906
599198,597441,30,1757,000000000000000000000000000000000000000000000000000000000038
599230,543999,53,55231,0000000000000000000000000000000000000000000000000000000000000042e5d7c2a44ffddf6b295a15c148167daaaf5cf34f00
599283,593164,23,6119,0064176211869ca2b568f2a7d4ee941e073a821ee1ff00
599306,599283,2,23,0064
599308,534840,51,64468,a219439258ca9da29e9cc4ce5596924745e12b9300000000000000000000000000000000000000000000000000000000000000
599359,588159,64,11200,000000000000000000000000000000000000000000000000000000c0000000000000000000000000000000000000000000000000000000000000000000000003
599423,575039,7,24384,92f9038f830305
599430,551238,3,48192,38843a
599436,563788,129,35648,8313f7c094a658742d33ebd2ce2f0bdff73515aa797fd161d980b90364252f7b01000000000000000000000000000000000000000000000000000000000000006f00000000000000000000000045f1a95a4d3f3836523f5c83673c797f4d4d263b0000000000000000000000000000000000000000000000000000000000043238
599565,574737,32,24828,a3bff6519e716b0b479a48a3e1ebf774449f86fa7ba7bf1362930dfaece9f1f6
599597,574737,63,24860,a3bff6519e716b0b479a48a3e1ebf774449f86fa7ba7bf1362930dfaece9f1f600000000000000000000000000000000000000000000000000000000000000
599660,564012,72,35648,c000000000000000000000000000000000000000000000000000000000000002740000000000000000000000004d73adb72bc3dd368966edd0f0b2148401a178e20000000000008a
599733,564085,256,35648,006f701a95707a0290ac8b90b3719e8ee5b21036088300b745f1a95a4d3f3836523f5c83673c797f4d4d263b0000000000000000000000000000000000000000000000000000000000000001000000000000000000000000000000000000000000000000000000000000000d000000000000000000000000000000000000000000000000000000000000000d00000000000000000000000000000000000000000000000000000000000000000000000000000000000000000000000000000000000000000000000000000000000000000000000000000000000000000000000000000023dc4efd3e76df838e0000000000000000000000000000000000000000
599989,564341,4,35648,00000000
600001,599075,27,926,000000000000000000000000000000000000000000000000000020
600032,597540,27,2492,000000000000000000000000000000000000000000000000000005
600065,595696,58,4369,00000000000000000000000000000000000000000000000000000000000000000000000000000000000000000000000000000000000000000005
600123,600059,30,64,ba533c7b8c07000000000000000000000000000000000000000000000000
600161,575777,96,24384,00000000000000000000000000000000000000000000000000000000000001c000000000000000000000000000000000000000000000000000000000000002000000000000000000000000000000000000000000000000000000000000000014
600277,594800,105,5477,000000000000000000000000000000000000000000000000000000000000000000000000000000000000000000000000000000000000000082e70880800000000000000000000000000000000000000000000000000000000000000000000000000000000000000000
600387,599427,3,960,830305
600390,563174,3,37216,39843a
600400,599440,21,960,94a658742d33ebd2ce2f0bdff73515aa797fd161d9
600421,555755,10,44666,870221b262dd8000b901
600436,585841,32,14595,0000000000000000000000000000000000000000000000000000000000000066
600468,600455,12,13,000000000000000000000000
600480,569047,20,31433,c9b753d73b17ddb5e87093ff04a9e31845a43af0
600500,569275,32,31225,0000000000000000000000000000000000000000000000000000000000030d40
600532,585937,32,14595,8a56308391da8cd6c36bc57a57c08589db8e19d683d0e99e1803552eea1d239c
600564,585937,63,14627,8a56308391da8cd6c36bc57a57c08589db8e19d683d0e99e1803552eea1d239c00000000000000000000000000000000000000000000000000000000000000
600628,600615,12,13,000000000000000000000000
600640,542554,51,58086,5065d26cf60080425710e2d76079bb4e3e3419c900000000000000000000000000000000000000000000000000000000000000
600692,599693,38,999,0000000000000000000000004d73adb72bc3dd368966edd0f0b2148401a178e2000000000000
600732,600466,2,266,0066
600742,586387,2,14355,003d
600754,599755,2,999,00b7
600756,600480,20,276,c9b753d73b17ddb5e87093ff04a9e31845a43af0
600776,600640,44,136,5065d26cf60080425710e2d76079bb4e3e3419c9000000000000000000000000000000000000000000000000
600820,600333,42,487,82e708808000000000000000000000000000000000000000000000000000000000000000000000000000
600862,592350,9,8512,013302f9012f82e708
600906,592394,4,8512,80b90104
600914,588026,13,12888,000000000000000000000000e8
600946,600914,44,32,000000000000000000000000e815264a16e15dd1d8c9404905432a0d60fad92b000000000000000000000000
600990,564431,45,36559,000000000000000000000000000000000000000000000000000000000000000000000000000000000000000006
601040,599895,65,1145,0000000000000000000000000000000000000000000000000000000000000000000000000000000000000000000000000000000000000000000000000000000000
601106,600500,30,606,000000000000000000000000000000000000000000000000000000000003
601138,590707,76,10431,0000000000000000000000000000000000000000000000000000000000000000c000000000000000000000000000000000000000000000000000000000000000000000000000000000000000
601214,579870,10,21344,007102f86e82e7080284
601257,593609,19,7648,80b844095ea7b3000000000000000000000000
601281,573012,3,28269,ff0bc8
601296,542833,77,58463,ffffffffffffffffffffffffffffffffffffffffffffffffffffffffffffffffc00000000000000000000000000000000000000000000000000000000000000000000000000000000000000000
601373,600861,10,512,00013302f9012f82e708
601384,586500,5,14884,8435a4e900
601389,601384,5,5,8435a4e900
601397,568693,126,32704,94d1a3abf42f9e66be86cfdea8c5c2c74f041c5e1480b901045b7d7482000000000000000000000000000000000000000000000000000000000000004000000000000000000000000000000000000000000000000000000000000000a0000000000000000000000000000000000000000000000000000000000000004066
601530,556390,3,45140,373364
601533,556418,3,45115,396239
601542,589505,3,12037,653462
601548,568824,3,32724,663137
601566,592509,3,9057,313062
601569,568847,3,32722,636430
601579,569778,3,31801,663232
601586,556338,33,45248,000000000000000000000000000000000000000000000000000000000000004038
601620,569805,3,31815,333931
601625,545139,3,56486,373362
601628,556518,3,45110,396232
601634,545063,3,56571,376134
601638,592551,3,9087,626134
601647,578996,4,22651,65323537
601652,592514,3,9138,343631
601656,544810,3,56846,653234
601669,592625,3,9044,626137
601678,568934,3,32744,666538
601681,545169,46,56512,30c00000000000000000000000000000000000000000000000000000000000000000000000000000000000000002
601727,576319,3,25408,5b02f9
601731,576323,16,25408,5782e70880843109cbb9843109cbb983
601750,586509,22,15241,94032b241de86a8660f1ae0691a4760b426ea246d787
601778,567314,3,34464,00b902
601782,542967,131,58815,ac9650d800000000000000000000000000000000000000000000000000000000000000200000000000000000000000000000000000000000000000000000000000000002000000000000000000000000000000000000000000000000000000000000004000000000000000000000000000000000000000000000000000000000000001
601913,592914,33,8999,a00000000000000000000000000000000000000000000000000000000000000124
601946,586541,80,15405,75ceafe6000000000000000000000000000000000000000000000000000000000000002000000000000000000000000000000000000000000000000000000000000000a0000000000000000000000000
602046,601988,25,58,00000000000000000000000000000000000000000000000000
602071,601772,7,299,53b1f542096400
602078,601821,29,257,0000000000000000000000000000000000000000000000000000000002
602110,598906,30,3204,0000000000000000000000000000000000000000000000000000000064fa
602142,586737,53,15405,000000000000000000000000000000000000000000000000000000000000002be5d7c2a44ffddf6b295a15c148167daaaf5cf34f00
602197,589059,64,13138,176211869ca2b568f2a7d4ee941e073a821ee1ff0000000000000000000000000000000000000000000000000000000000000000000000000000000000000000
602261,543510,104,58751,0000000000000000000000000000000000000000000000000000000000000000000000000412210e8a00000000000000000000000000000000000000000000000000000000c000000000000000000000000000000000000000000000000000000000000000000000
602365,601943,2,422,0001
602372,601741,3,631,843109
602381,544214,22,58167,948731d54e9d02c286767d56ac03e8037c07e01e9887
602408,598569,52,3839,161eb8e41114cd2a00000000000000000000000000000000000000000000000000000000000000b8000000000000000000000000
602480,601458,57,1022,00000000000000000000000000000000000000000000000000000000000000a000000000000000000000000000000000000000000000000000
602542,602484,27,58,000000000000000000000000000000000000000000000000000000
602575,600224,33,2351,000000000000000000000000000000000000000000000000000000000000000014
602608,602460,32,148,45ddf217e45b6098c7f82e0de475ac4c737a20d8000000000000000000000000
602640,600333,47,2307,82e7088080000000000000000000000000000000000000000000000000000000000000000000000000000000000000
602693,577228,7,25465,843105c7de8301
602729,602659,28,70,00000000000000000000000000000000000000000000000000000000
602760,578438,55,24322,0182e708808000000000000000000000000000000000000000000000000000000000000000000000000000000000000000000000000000
602818,555716,5,47102,82e7080384
602827,602822,4,5,843008fb
602832,596489,4,6343,82520894
602864,590831,47,12033,0080c00000000000000000000000000000000000000000000000000000000000000000000000000000000000000000
602911,569407,8,33504,3002ee82e7082684
602922,589228,3,13694,8b842f
602928,592272,90,10656,83010b3694cce9d3f392c135dc038b147ca73ec496f7f89d938084183ff085c000000000000000000000000000000000000000000000000000000000000000000000000000000000000000000000013302f9012f82e7080d842f
603018,602920,8,98,90c08b842f90c095
603026,569522,129,33504,827e5494d1a3abf42f9e66be86cfdea8c5c2c74f041c5e1480b901045b7d7482000000000000000000000000000000000000000000000000000000000000004000000000000000000000000000000000000000000000000000000000000000a0000000000000000000000000000000000000000000000000000000000000004064
603155,579132,3,24023,633437
603159,556503,3,46656,643762
603168,579094,3,24074,346531
603171,601648,3,1523,323537
603176,569747,3,33429,396236
603189,568862,3,34327,366261
603196,592534,4,10662,37633063
603200,568844,3,34356,656466
603204,537748,4,65456,35363237
603208,589366,3,13842,666533
603215,589506,3,13709,346266
603218,592562,33,10656,000000000000000000000000000000000000000000000000000000000000004031
603256,568846,3,34410,666364
603259,545122,3,58137,643834
603262,540605,3,62657,393939
603265,544812,3,58453,343439
603273,579039,3,24234,303863
603276,568878,3,34398,366563
603280,545050,4,58230,62303862
603284,601564,3,1720,613531
603292,545158,3,58134,623733
603296,592554,3,10742,653863
603304,603164,3,140,326638
603310,592518,3,10792,626533
603314,602866,51,448,c000000000000000000000000000000000000000000000000000000000000000000000000000000000000000003002ee82e708
603365,567173,3,36192,06842f
603368,602920,95,448,90c08b842f90c09583010b3694cce9d3f392c135dc038b147ca73ec496f7f89d938084183ff085c000000000000000000000000000000000000000000000000000000000000000000000000000000000000000000000013302f9012f82e708
603464,603016,138,448,842f90c08b842f90c095827e5494d1a3abf42f9e66be86cfdea8c5c2c74f041c5e1480b901045b7d7482000000000000000000000000000000000000000000000000000000000000004000000000000000000000000000000000000000000000000000000000000000a00000000000000000000000000000000000000000000000000000000000000040
603603,556488,4,47115,31366264
603608,545054,3,58554,316235
603615,592628,3,10987,636133
603624,589389,3,14235,643636
603630,544792,3,58838,656139
603633,603198,3,435,306365
603636,556426,3,47210,656364
603650,544695,3,58955,376633
603654,568966,3,34688,666438
603660,568932,3,34728,373166
603663,603202,3,461,663835
603666,579058,33,24608,000000000000000000000000000000000000000000000000000000000000004030
603699,592608,3,11091,383665
603703,568965,3,34738,326664
603706,603257,3,449,636464
603710,601528,3,2182,623937
603713,556422,3,47291,303337
603717,592631,3,11086,343031
603736,568879,3,34857,656330
603739,544716,3,59023,663833
603744,556511,3,47233,663631
603749,540844,3,62905,633266
603753,601662,3,2091,326536
603759,556722,3,47037,396364
603762,556530,53,47232,c000000000000000000000000000000000000000000000000000000000000000000000000000000000000000013302f9012f82e708
603815,567271,3,36544,04842f
603818,603466,136,352,90c08b842f90c095827e5494d1a3abf42f9e66be86cfdea8c5c2c74f041c5e1480b901045b7d7482000000000000000000000000000000000000000000000000000000000000004000000000000000000000000000000000000000000000000000000000000000a00000000000000000000000000000000000000000000000000000000000000040
603956,556824,3,47132,373862
603969,589394,3,14575,666434
603974,556846,3,47128,383864
603979,578994,3,24985,356665
603986,603633,3,353,306365
603989,579104,3,24885,353834
603999,603303,3,696,613266
604004,592633,3,11371,313033
604011,556761,3,47250,616631
604014,603305,3,709,663862
604018,568882,33,35136,000000000000000000000000000000000000000000000000000000000000004036
604053,556470,3,47583,356636
604057,601657,3,2400,323438
604060,601577,3,2483,323966
604064,603640,3,424,313633
604073,556387,3,47686,393231
604076,568850,3,35226,653963
604080,568914,3,35166,363535
604083,603196,3,887,376330
604090,601570,3,2520,643038
604097,604092,3,5,383530
604105,545165,3,58940,623530
604110,568943,3,35167,303933
604114,603762,53,352,c000000000000000000000000000000000000000000000000000000000000000000000000000000000000000013302f9012f82e708
604167,589223,3,14944,0e842f
604170,603818,136,352,90c08b842f90c095827e5494d1a3abf42f9e66be86cfdea8c5c2c74f041c5e1480b901045b7d7482000000000000000000000000000000000000000000000000000000000000004000000000000000000000000000000000000000000000000000000000000000a00000000000000000000000000000000000000000000000000000000000000040
604312,589461,3,14851,326231
604315,540635,3,63680,383632
604320,568826,3,35494,373439
604323,540596,3,63727,363034
604327,579003,3,25324,313762
604333,568848,3,35485,643065
604346,545144,3,59202,343133
604349,544686,3,59663,373839
604356,603293,3,1063,373364
604363,556481,3,47882,326163
604366,569674,3,34692,633239
604369,556433,33,47936,340000000000000000000000000000000000000000000000000000000000000040
604403,604354,4,49,34643733
604407,603709,3,698,616239
604412,556765,3,47647,303736
604415,592523,3,11892,653534
604419,568869,3,35550,353766
604422,601549,3,2873,313765
604425,603745,3,680,363163
604431,603986,3,445,306365
604434,604069,4,365,62383237
604439,568862,4,35577,36626166
604444,579011,3,25433,633565
604447,579102,5,25345,3732353834
604452,556780,3,47672,626334
604456,576023,3,28433,393033
604462,589458,3,15004,643738
604466,604114,45,352,c00000000000000000000000000000000000000000000000000000000000000000000000000000000000000001
604511,553983,8,50528,f402f901f082e708
604519,544871,11,59648,08842f8de966842f8de96f
604534,589590,23,14944,9480e38291e06339d10aab483c65695d004dbd5c6980b9
604563,567642,63,36921,0000000000000000000000007f72e0d8e9abf9133a92322b8b50bd8e0f9dcfcb00000000000000000000000000000000000000000000000000000000000000
604626,584841,32,19785,c000000000000000000000000000000000000000000000000000000000000001
604659,602273,25,2386,00000000000000000000000000000000000000000000000004
604691,595754,63,8937,000000000000000000000000000000000000000000000000000000000000000000000000000000000000000000000000000000000000000000000000000001
604755,601818,44,2937,0000000000000000000000000000000000000000000000000000000000000002000000000000000000000000
604799,566367,44,38432,7d43aabc515c356145049227cee54b608342c0ad000000000000000000000000000000000000000000000001
604851,539818,107,65033,0000000000000000000000000000000000000000000000000000000000000000000000000000000000000000000000000000000000000000000000000000000000000000000000000000000000000000000000000000000000000000000000200000000000000000000000
604958,566686,52,38272,007fa2a0db85e3dee05c6ada495391f8daf995acdf00000000000000000000000000000000000000000000000000000000000000
605010,601169,44,3841,00c0000000000000000000000000000000000000000000000000000000000000000000000000000000000000
605054,566110,9,38944,029402f9029082e708
605063,555719,3,49344,03842f
605066,593449,10,11617,8b807f842f8b80898301
605078,566134,86,38944,9480e38291e06339d10aab483c65695d004dbd5c6980b902642cc4081e000000000000000000000000000000000000000000000000000000000000006000000000000000000000000000000000000000000000000000
605171,589779,31,15392,0000000000000000000000000000000000000000000000000000000064fab3
605203,566259,151,38944,0000000000000000000000000000000000000000000000000000000000000001000000000000000000000000000000000000000000000000000000000000002000000000000000000000000000000000000000000000000000000000000000600000000000000000000000007d43aabc515c356145049227cee54b608342c0ad0000000000000000000000000000000000000000000000
605354,602814,2,2540,0033
605363,566419,256,38944,000000000000000000000000000000000000000000000000000000000000000100000000000000000000000000000000000000000000000000000000000000200000000000000000000000007f72e0d8e9abf9133a92322b8b50bd8e0f9dcfcb00000000000000000000000000000000000000000000000000000000000000800000000000000000000000000000000000000000000000000000000000000000000000000000000000000000000000000000000000000000000000000000010000000000000000000000000000000000000000000000000000000000000000600000000000000000000000007d43aabc515c356145049227cee54b608342c0ad
605619,566675,12,38944,000000000000000000000000
605651,566707,107,38944,00000000000000000000000000000000000000000000000000000000000000010000000000000000000000000000000000000000000000000000000000000000c0000000000000000000000000000000000000000000000000000000000000000000000000000000000000
605758,590981,2,14777,0058
605763,593443,16,12320,82e70880842f8b807f842f8b80898301
605809,588497,2,17312,00a4
605815,605023,32,792,0000000000000000000000000000000000000000000000000000000000000002
605848,601176,46,4672,0000000000000000000000000000000000000000000000000000000000000000000000000000007102f86e82e708
605895,593575,53,12320,842f8b807f842f8b808982eb8694176211869ca2b568f2a7d4ee941e073a821ee1ff80b844095ea7b3000000000000000000000000
605948,591420,48,14528,678aa4bf4e210cf2166753e054d5b7c31cc7fa8600000000000000000000000000000000000000000000000000000000
605996,584029,2,21967,001e
606000,601328,55,4672,c0000000000000000000000000000000000000000000000000000000000000000000000000000000000000000000013302f9012f82e708
606061,606056,4,5,842e1310
606066,603826,129,2240,827e5494d1a3abf42f9e66be86cfdea8c5c2c74f041c5e1480b901045b7d7482000000000000000000000000000000000000000000000000000000000000004000000000000000000000000000000000000000000000000000000000000000a0000000000000000000000000000000000000000000000000000000000000004061
606195,545067,3,61128,656133
606200,603197,3,3003,633063
606203,589378,3,16825,663966
606207,603155,3,3052,633437
606213,603996,3,2217,633761
606216,592638,3,13578,353831
606223,592632,3,13591,303130
606227,579139,3,27088,653934
606236,603161,3,3075,623838
606239,604327,3,1912,313762
606242,579143,3,27099,376337
606248,544775,3,61473,343665
606253,592640,3,13613,316566
606258,606162,33,96,000000000000000000000000000000000000000000000000000000000000004061
606291,601637,3,4654,646261
606297,568829,3,37468,383565
606300,556758,3,49542,353334
606306,568956,3,37350,333838
606314,604091,3,2223,303835
606321,592648,3,13673,653532
606329,545147,3,61182,663431
606334,603170,3,3164,313235
606339,568860,3,37479,396436
606343,601635,3,4708,613464
606346,569787,3,36559,653563
606355,551955,44,54400,0000000000000000000000000000000000000000000000000000000000000000000000000000000000000007
606399,567263,3,39136,9b02f9
606403,567267,4,39136,9782e708
606409,606056,10,353,842e131051842e131058
606423,552022,22,54401,940cab6977a9c70e04458b740476b498b21401964186
606450,552049,3,54401,00b907
606454,552053,8,54401,a4d7304100000000
606462,595685,2,10777,0065
606502,584950,20,21552,eeeeeeeeeeeeeeeeeeeeeeeeeeeeeeeeeeeeeeee
606534,552133,20,54401,7538262ae993ca117a0e481f908209137a46268e
606558,606397,2,161,0007
606602,606558,1,44,00
606618,552217,64,54401,00000000000000000000000000000000000000000000000000000000000000c00000000000000000000000000000000000000000000000000000000000000680
606683,605575,12,1108,000000000000000000000060
606714,552313,12,54401,003201000000000000c803e8
606726,606470,20,256,2275fe0244d75b42dfcf1774f50c7bd83f6e163d
606746,550136,7,56610,0000000000005a
606753,606446,5,307,dbc8035800
606758,598188,19,8570,00000000000000000000000000000000000021
606778,606746,30,32,0000000000005adbc8035800000000000000000000000000000000000000
606810,606778,31,32,0000000000005adbc80358000000000000000000000000000000000000001c
606842,606746,31,96,0000000000005adbc803580000000000000000000000000000000000000021
606874,606842,31,32,0000000000005adbc803580000000000000000000000000000000000000021
606906,606810,31,96,0000000000005adbc80358000000000000000000000000000000000000001c
606938,606874,31,64,0000000000005adbc803580000000000000000000000000000000000000021
606970,606906,31,64,0000000000005adbc80358000000000000000000000000000000000000001c
607002,606938,31,64,0000000000005adbc803580000000000000000000000000000000000000021
607034,606970,31,64,0000000000005adbc80358000000000000000000000000000000000000001c
607066,607034,31,32,0000000000005adbc80358000000000000000000000000000000000000001c
607098,607066,31,32,0000000000005adbc80358000000000000000000000000000000000000001c
607130,607002,31,128,0000000000005adbc803580000000000000000000000000000000000000021
607162,607130,31,32,0000000000005adbc803580000000000000000000000000000000000000021
607194,607162,31,32,0000000000005adbc803580000000000000000000000000000000000000021
607226,607098,31,128,0000000000005adbc80358000000000000000000000000000000000000001c
607258,607194,31,64,0000000000005adbc803580000000000000000000000000000000000000021
607290,607258,31,32,0000000000005adbc803580000000000000000000000000000000000000021
607322,607290,31,32,0000000000005adbc803580000000000000000000000000000000000000021
607354,607226,31,128,0000000000005adbc80358000000000000000000000000000000000000001c
607386,607322,31,64,0000000000005adbc803580000000000000000000000000000000000000021
607418,607386,31,32,0000000000005adbc803580000000000000000000000000000000000000021
607450,607354,31,96,0000000000005adbc80358000000000000000000000000000000000000001c
607482,607418,31,64,0000000000005adbc803580000000000000000000000000000000000000021
607514,607450,31,64,0000000000005adbc80358000000000000000000000000000000000000001c
607546,607482,31,64,0000000000005adbc803580000000000000000000000000000000000000021
607578,607514,31,64,0000000000005adbc80358000000000000000000000000000000000000001c
607610,607546,31,64,0000000000005adbc803580000000000000000000000000000000000000021
607642,607610,31,32,0000000000005adbc803580000000000000000000000000000000000000021
607674,607578,31,96,0000000000005adbc80358000000000000000000000000000000000000001c
607706,607674,31,32,0000000000005adbc80358000000000000000000000000000000000000001c
607738,607706,30,32,0000000000005adbc8035800000000000000000000000000000000000000
607770,607738,31,32,0000000000005adbc803580000000000000000000000000000000000000015
607802,607642,31,160,0000000000005adbc803580000000000000000000000000000000000000021
607834,607706,31,128,0000000000005adbc80358000000000000000000000000000000000000001c
607866,607802,31,64,0000000000005adbc803580000000000000000000000000000000000000021
607898,607834,31,64,0000000000005adbc80358000000000000000000000000000000000000001c
607930,607866,31,64,0000000000005adbc803580000000000000000000000000000000000000021
607962,607898,31,64,0000000000005adbc80358000000000000000000000000000000000000001c
607994,607930,31,64,0000000000005adbc803580000000000000000000000000000000000000021
608026,607962,31,64,0000000000005adbc80358000000000000000000000000000000000000001c
608058,607994,31,64,0000000000005adbc803580000000000000000000000000000000000000021
608090,608026,31,64,0000000000005adbc80358000000000000000000000000000000000000001c
608122,608058,31,64,0000000000005adbc803580000000000000000000000000000000000000021
608154,608090,31,64,0000000000005adbc80358000000000000000000000000000000000000001c
608186,608122,31,64,0000000000005adbc803580000000000000000000000000000000000000021
608218,608186,31,32,0000000000005adbc803580000000000000000000000000000000000000021
608250,608218,31,32,0000000000005adbc803580000000000000000000000000000000000000021
608282,607770,31,512,0000000000005adbc803580000000000000000000000000000000000000015
608313,606905,31,1408,710000000000005adbc8035800000000000000000000000000000000000000
608346,602330,37,6016,c0000000000000000000000000000000000000000000000000000000000000000000000001
608383,594591,53,13792,0df9010a01842aea5400829d78940872ec4426103482a50f26ffc32acefcec61b3c980b8e4f242432a000000000000000000000000
608436,597148,20,11288,3aa95afda96ad4a75522d8f54b6b8c8867f0526c
608456,570248,256,38208,000000000000000000000000aec3cacef9457ff2821d9f85429ce3d90b0014590000000000000000000000000000000000000000000000000000000000000005000000000000000000000000000000000000000000000000000000000000000100000000000000000000000000000000000000000000000000000000000000a00000000000000000000000000000000000000000000000000000000000000000000000000000000000000000000000000000000000000000000000000000000082e708808000000000000000000000000000000000000000000000000000000000000000000000000000000000000000000000000000010df9010a01842aea54
608712,570504,44,38208,00829d78940872ec4426103482a50f26ffc32acefcec61b3c980b8e4f242432a000000000000000000000000
608756,597088,20,11668,b1a8a26c3fe0a142d71053bcc8664108d4cd4575
608776,594664,256,14112,000000000000000000000000aec3cacef9457ff2821d9f85429ce3d90b0014590000000000000000000000000000000000000000000000000000000000000005000000000000000000000000000000000000000000000000000000000000000100000000000000000000000000000000000000000000000000000000000000a00000000000000000000000000000000000000000000000000000000000000000000000000000000000000000000000000000000000000000000000000000000082e70880800000000000000000000000000000000000000000000000000000000000000000000000000000000000000000000000000001eff901ec80842aea54
609032,594920,225,14112,0083015f90940872ec4426103482a50f26ffc32acefcec61b3c980b901c4d4dfd6bc0000000000000000000000000000000000000000000000000000000000000000000000000000000000000000000000000000000000000000000000000000000000000000000000000000000000000000000000000000000000000000000000000000000000000000000000000000000000000000000000000000000000000001000000000000000000000000000000000000000000000000000000000000000100000000000000000000000000000000000000000000000000000000651414
609258,546730,161,62528,00000000000000000000000000000000000000000000000000000000000000000000000000000000000000000000000000000000000000000000000000000005000000000000000000000000000000000000000000000000000000000000000000000000000000000000000000000000000000000000000000000000000001400000000000000000000000000000000000000000000000000000000000000041fc
609482,594506,138,14976,1b0000000000000000000000000000000000000000000000000000000000000082e70880800000000000000000000000000000000000000000000000000000000000000000000000000000000000000000000000010df9010a01842aea5400829d78940872ec4426103482a50f26ffc32acefcec61b3c980b8e4f242432a000000000000000000000000
609620,597128,20,12492,c0416708b0f643119608167749906c515b819899
609640,608776,256,864,000000000000000000000000aec3cacef9457ff2821d9f85429ce3d90b0014590000000000000000000000000000000000000000000000000000000000000005000000000000000000000000000000000000000000000000000000000000000100000000000000000000000000000000000000000000000000000000000000a00000000000000000000000000000000000000000000000000000000000000000000000000000000000000000000000000000000000000000000000000000000082e70880800000000000000000000000000000000000000000000000000000000000000000000000000000000000000000000000000001eff901ec80842aea54
609896,609032,224,864,0083015f90940872ec4426103482a50f26ffc32acefcec61b3c980b901c4d4dfd6bc00000000000000000000000000000000000000000000000000000000000000000000000000000000000000000000000000000000000000000000000000000000000000000000000000000000000000000000000000000000000000000000000000000000000000000000000000000000000000000000000000000000000000010000000000000000000000000000000000000000000000000000000000000001000000000000000000000000000000000000000000000000000000006514
610122,595690,161,14432,0000000000000000000000000000000000000000000000000000000000000000000000000000000000000000000000000000000000000000000000000000000500000000000000000000000000000000000000000000000000000000000000000000000000000000000000000000000000000000000000000000000000000140000000000000000000000000000000000000000000000000000000000000004144
610346,582346,87,28000,1b0000000000000000000000000000000000000000000000000000000000000082e70880800000000000000000000000000000000000000000000000000000000000000000000000000000000000000000000000002ceb
610433,596385,10,14048,4e842aea540082520894
610463,596319,66,14144,865af3107a40008082e70880800000000000000000000000000000000000000000000000000000000000000000000000000000000000000000000000000000002ceb
610530,610434,9,96,842aea540082520894
610559,560351,77,50208,865af3107a40008082e7088080000000000000000000000000000000000000000000000000000000000000000000000000000000000000000000000000000001eff901ec80842aea5400830159
610636,554005,221,56631,1c940872ec4426103482a50f26ffc32acefcec61b3c980b901c4d4dfd6bc0000000000000000000000000000000000000000000000000000000000000000000000000000000000000000000000000000000000000000000000000000000000000000000000000000000000000000000000000000000000000000000000000000000000000000000000000000000000000000000000000000000000000001000000000000000000000000000000000000000000000000000000000000000100000000000000000000000000000000000000000000000000000000652211
610858,610122,160,736,00000000000000000000000000000000000000000000000000000000000000000000000000000000000000000000000000000000000000000000000000000005000000000000000000000000000000000000000000000000000000000000000000000000000000000000000000000000000000000000000000000000000001400000000000000000000000000000000000000000000000000000000000000041
611082,610346,85,736,1b0000000000000000000000000000000000000000000000000000000000000082e7088080000000000000000000000000000000000000000000000000000000000000000000000000000000000000000000000000
611167,605815,32,5352,0000000000000000000000000000000000000000000000000000000000000002
611200,598769,20,12431,8cd398f7b6a869ada246818a6ee3f26346de3ca9
611220,599146,20,12074,4371b56325fe9335e91d5f87aed5403fcdbea866
611240,582812,20,28428,e93685f3bba03016f02bd1828badd6195988d950
611260,611240,20,20,e93685f3bba03016f02bd1828badd6195988d950
611280,600958,20,10322,e815264a16e15dd1d8c9404905432a0d60fad92b
611317,600754,2,10563,00b7
611340,602026,20,9314,3764630307e5095d5f0a0891543b7ed41738d69f
611360,602608,20,8752,45ddf217e45b6098c7f82e0de475ac4c737a20d8
611480,572712,20,38768,f8c2f5617408d94e0109c016a5806de109239350
611540,604959,20,6581,7fa2a0db85e3dee05c6ada495391f8daf995acdf
611560,605631,20,5929,84167e276f9f4fce0825a59b61ee61c4a0966e91
611611,569338,2,42273,0085
611640,606490,8,5150,84ff5b0a8162e60a
611648,606522,12,5126,fc599ad98d7209eeb36a6a14
611660,608436,20,3224,3aa95afda96ad4a75522d8f54b6b8c8867f0526c
611680,608756,20,2924,b1a8a26c3fe0a142d71053bcc8664108d4cd4575
611700,596299,20,15401,a5866ac516395d4e1f54d23813ebc3bd9ad07795
611720,609620,20,2100,c0416708b0f643119608167749906c515b819899
611740,596395,20,15345,498f00284b4ca84bb60005876e97d4d7dd439d5d
611760,573132,20,38628,b268e06dd9826e7c47c4b6bbc9f16df2d3bdc9ae
611780,573092,20,38688,161dbc3f770dc97288eed3c864daba618a209a24
611800,596493,20,15307,7904110ca274b7d2283597498e752a8cc1913859
611820,611146,52,674,00000000000000000000000000000000000000000000000000000000000000000000000000000000000000000000000000000000
